0 0.40368421052631576 0.604133545310016 0.07894736842105263 0.12400635930047696
0 0.6863157894736842 0.22813990461049286 0.08842105263157894 0.1414944356120827
0 0.8036842105263158 0.6224165341812401 0.030526315789473683 0.05246422893481718
0 0.6647368421052632 0.09141494435612084 0.10631578947368421 0.16693163751987283
0 0.47947368421052633 0.48569157392686807 0.09368421052631579 0.14467408585055644
0 0.03631578947368421 0.5119236883942767 0.06842105263157895 0.1399046104928458
0 0.5994736842105263 0.16772655007949128 0.08947368421052632 0.151033386327504
0 0.9736842105263158 0.5325914149443561 0.04 0.057233704292527825
0 0.2263157894736842 0.5357710651828299 0.06947368421052631 0.12082670906200318
0 0.42736842105263156 0.3728139904610493 0.0968421052631579 0.16057233704292528
0 0.15 0.41891891891891897 0.09578947368421052 0.16057233704292528
0 0.11210526315789474 0.562798092209857 0.10421052631578948 0.13672496025437203
0 0.43684210526315786 0.08585055643879173 0.09473684210526316 0.16852146263910972
0 0.3057894736842105 0.5858505564387918 0.08947368421052632 0.1478537360890302
0 0.09263157894736843 0.9483306836248013 0.08842105263157894 0.10015898251192369
0 0.2563157894736842 0.6629570747217807 0.09578947368421052 0.13036565977742448
0 0.33999999999999997 0.28537360890302066 0.08842105263157894 0.16375198728139906
