0 0.5052083333333334 0.39375 0.2916666666666667 0.3680555555555556
0 0.384375 0.8250000000000001 0.2916666666666667 0.33333333333333337
0 0.9041666666666667 0.16319444444444445 0.18541666666666667 0.24583333333333335
0 0.6854166666666667 0.11944444444444445 0.15625 0.19444444444444445
0 0.9104166666666667 0.7368055555555556 0.17916666666666667 0.38472222222222224
0 0.6328125 0.7368055555555556 0.26979166666666665 0.3652777777777778
0 0.19322916666666667 0.3125 0.259375 0.3111111111111111
0 0.7369791666666666 0.5520833333333334 0.22395833333333334 0.32916666666666666
0 0.0640625 0.43333333333333335 0.121875 0.23333333333333334
0 0.265625 0.5645833333333333 0.26458333333333334 0.3263888888888889
0 0.8192708333333333 0.3805555555555556 0.221875 0.26944444444444443
0 0.0953125 0.6888888888888889 0.18229166666666666 0.28055555555555556
