0 0.6855 0.7766116941529235 0.023 0.035982008995502246
0 0.7685 0.5772113943028485 0.029 0.038980509745127435
0 0.4985 0.2368815592203898 0.023 0.035982008995502246
0 0.8855000000000001 0.35982008995502246 0.029 0.035982008995502246
0 0.7375 0.8215892053973013 0.027 0.038980509745127435
0 0.609 0.8065967016491754 0.03 0.047976011994003
0 0.6815 0.5007496251874063 0.033 0.041979010494752625
0 0.3875 0.2773613193403298 0.023 0.035982008995502246
0 0.6355000000000001 0.3238380809595202 0.029 0.038980509745127435
0 0.963 0.3373313343328336 0.024 0.041979010494752625
0 0.5085000000000001 0.8230884557721139 0.031 0.050974512743628186
0 0.6065 0.7856071964017991 0.033 0.035982008995502246
0 0.7455 0.4550224887556222 0.029 0.04047976011994003
0 0.9315 0.4955022488755622 0.037 0.04947526236881559
0 0.851 0.6139430284857571 0.026000000000000002 0.034482758620689655
0 0.93 0.17541229385307347 0.028 0.04497751124437781
0 0.9195 0.5637181409295352 0.029 0.038980509745127435
0 0.543 0.03223388305847076 0.022 0.04047976011994003
0 0.8755000000000001 0.631184407796102 0.031 0.047976011994003
0 0.7115 0.704647676161919 0.025 0.035982008995502246
0 0.9075 0.2616191904047976 0.025 0.031484257871064465
0 0.47950000000000004 0.8148425787106447 0.037 0.04947526236881559
0 0.5075000000000001 0.050974512743628186 0.023 0.035982008995502246
0 0.5855 0.8268365817091454 0.035 0.04047976011994003
