0 0.4316666666666667 0.5856844305120168 0.12666666666666668 0.16614420062695925
0 0.6225 0.47857889237199586 0.135 0.1776384535005225
0 0.0575 0.8871473354231976 0.11333333333333334 0.16300940438871475
0 0.09458333333333334 0.4681295715778475 0.12250000000000001 0.14002089864158832
0 0.32083333333333336 0.4963427377220481 0.12000000000000001 0.16509926854754442
0 0.7095833333333333 0.6159874608150471 0.1325 0.14315569487983282
0 0.5295833333333334 0.3892371995820272 0.1125 0.11807732497387671
0 0.6916666666666668 0.07157784743991641 0.11166666666666668 0.09926854754440963
0 0.7616666666666667 0.8155694879832812 0.12166666666666667 0.16196447230929992
0 0.29750000000000004 0.9498432601880878 0.07500000000000001 0.09404388714733543
0 0.19125 0.09665621734587253 0.1125 0.13897596656217348
0 0.07583333333333334 0.6499477533960293 0.12000000000000001 0.14629049111807735
