0 0.34814814814814815 0.6885416666666667 0.35000000000000003 0.2798611111111111
0 0.8773148148148149 0.15069444444444444 0.22870370370370371 0.18611111111111112
0 0.712962962962963 0.8159722222222222 0.5222222222222223 0.3680555555555556
0 0.1814814814814815 0.30069444444444443 0.24629629629629632 0.2013888888888889
0 0.8643518518518519 0.3434027777777778 0.2601851851851852 0.22291666666666668
0 0.6675925925925926 0.2357638888888889 0.2814814814814815 0.18819444444444444
0 0.18472222222222223 0.10555555555555556 0.30833333333333335 0.20972222222222223
0 0.6421296296296296 0.4510416666666667 0.3601851851851852 0.2590277777777778
0 0.6273148148148149 0.11041666666666668 0.25277777777777777 0.15555555555555556
0 0.4328703703703704 0.2954861111111111 0.2953703703703704 0.22847222222222224
0 0.8828703703703704 0.5715277777777777 0.23425925925925928 0.2972222222222222
0 0.4356481481481482 0.9142361111111111 0.22685185185185186 0.16597222222222222
