0 0.7177734375 0.16080729166666666 0.044921875 0.05598958333333333
0 0.41064453125 0.451171875 0.0615234375 0.08203125
0 0.51171875 0.671875 0.0625 0.08072916666666666
0 0.60009765625 0.7578125 0.0517578125 0.07291666666666666
0 0.32958984375 0.22330729166666666 0.0634765625 0.08203125
0 0.49462890625 0.10221354166666666 0.0458984375 0.053385416666666664
0 0.67578125 0.21484375 0.044921875 0.05989583333333333
0 0.38525390625 0.9583333333333333 0.0537109375 0.07291666666666666
0 0.3681640625 0.3203125 0.0625 0.078125
0 0.70458984375 0.5397135416666666 0.0556640625 0.07942708333333333
0 0.5107421875 0.8307291666666666 0.056640625 0.06770833333333333
0 0.4287109375 0.6165364583333333 0.05078125 0.07682291666666666
0 0.4833984375 0.7604166666666666 0.0625 0.08333333333333333
0 0.693359375 0.279296875 0.044921875 0.05859375
0 0.43359375 0.34049479166666663 0.05859375 0.07682291666666666
0 0.2353515625 0.2890625 0.056640625 0.06510416666666666
0 0.736328125 0.33658854166666663 0.044921875 0.04817708333333333
0 0.337890625 0.287109375 0.03125 0.05598958333333333
0 0.93896484375 0.18098958333333331 0.0498046875 0.0546875
0 0.69189453125 0.11328125 0.0419921875 0.0546875
0 0.51123046875 0.91796875 0.0556640625 0.06770833333333333
0 0.59033203125 0.49088541666666663 0.0615234375 0.07552083333333333
