0 0.9482421875 0.5078125 0.08984375 0.12239583333333333
0 0.96826171875 0.37369791666666663 0.0634765625 0.10677083333333333
0 0.64892578125 0.19140625 0.1005859375 0.11979166666666666
0 0.54296875 0.396484375 0.10546875 0.13932291666666666
0 0.3984375 0.6328125 0.107421875 0.1640625
0 0.15673828125 0.7135416666666666 0.1611328125 0.15885416666666666
0 0.42822265625 0.40299479166666663 0.1142578125 0.14192708333333331
0 0.36474609375 0.142578125 0.0947265625 0.11588541666666666
0 0.447265625 0.16731770833333331 0.111328125 0.14713541666666666
0 0.478515625 0.521484375 0.125 0.16015625
0 0.5185546875 0.6705729166666666 0.125 0.17447916666666666
0 0.84619140625 0.49674479166666663 0.1220703125 0.15234375
0 0.771484375 0.39908854166666663 0.115234375 0.16276041666666666
0 0.54833984375 0.16015625 0.1044921875 0.13802083333333331
0 0.19873046875 0.5247395833333333 0.1201171875 0.15364583333333331
0 0.2998046875 0.36783854166666663 0.119140625 0.14973958333333331
0 0.35205078125 0.9329427083333333 0.1396484375 0.13411458333333331
0 0.50830078125 0.9140625 0.1650390625 0.171875
0 0.6708984375 0.30338541666666663 0.111328125 0.1328125
0 0.9365234375 0.9225260416666666 0.126953125 0.15494791666666666
0 0.74072265625 0.8079427083333333 0.1337890625 0.16536458333333331
0 0.9345703125 0.6197916666666666 0.125 0.15885416666666666
0 0.8125 0.9231770833333333 0.142578125 0.15364583333333331
0 0.5732421875 0.26236979166666663 0.103515625 0.15494791666666666
0 0.65234375 0.404296875 0.134765625 0.16796875
0 0.28955078125 0.80078125 0.1357421875 0.20052083333333331
0 0.28564453125 0.6236979166666666 0.1298828125 0.16666666666666666
0 0.603515625 0.5377604166666666 0.125 0.14322916666666666
0 0.80810546875 0.6354166666666666 0.1279296875 0.171875
0 0.677734375 0.6640625 0.130859375 0.15104166666666666
0 0.7255859375 0.5169270833333333 0.11328125 0.15104166666666666
0 0.3447265625 0.5032552083333333 0.119140625 0.13411458333333331
0 0.423828125 0.7923177083333333 0.130859375 0.17317708333333331
