0 0.3708860759493671 0.5466666666666667 0.3468354430379747 0.4733333333333334
0 0.870253164556962 0.28750000000000003 0.2569620253164557 0.32833333333333337
0 0.07721518987341772 0.6525000000000001 0.1518987341772152 0.2316666666666667
0 0.25443037974683547 0.34 0.25063291139240507 0.3433333333333334
0 0.9075949367088608 0.4475 0.1848101265822785 0.25833333333333336
0 0.7651898734177215 0.1325 0.27974683544303797 0.26166666666666666
0 0.2746835443037975 0.12833333333333335 0.24556962025316456 0.21000000000000002
0 0.18417721518987343 0.8216666666666668 0.3658227848101266 0.35333333333333333
0 0.5468354430379747 0.33916666666666667 0.34177215189873417 0.41833333333333333
0 0.7620253164556963 0.7225 0.369620253164557 0.48500000000000004
0 0.08544303797468354 0.3641666666666667 0.16835443037974684 0.4116666666666667
0 0.9607594936708861 0.9116666666666667 0.0759493670886076 0.17666666666666667
0 0.5164556962025316 0.1 0.25063291139240507 0.19666666666666668
0 0.5259493670886076 0.8666666666666667 0.3329113924050633 0.25
