0 0.8492753623188406 0.07017543859649122 0.08985507246376812 0.13596491228070173
0 0.06811594202898551 0.4495614035087719 0.04057971014492753 0.06140350877192982
0 0.6710144927536232 0.881578947368421 0.0782608695652174 0.11842105263157894
0 0.25144927536231887 0.5285087719298245 0.15217391304347827 0.21929824561403508
0 0.3898550724637681 0.8793859649122806 0.1565217391304348 0.20175438596491227
0 0.9528985507246377 0.2949561403508772 0.06231884057971015 0.09429824561403508
0 0.27318840579710146 0.34539473684210525 0.11739130434782609 0.1732456140350877
0 0.6905797101449276 0.5822368421052632 0.07391304347826087 0.1162280701754386
0 0.4731884057971015 0.5789473684210527 0.08260869565217391 0.12280701754385964
0 0.372463768115942 0.3070175438596491 0.043478260869565216 0.06140350877192982
0 0.06231884057971015 0.2543859649122807 0.0463768115942029 0.06578947368421052
0 0.34710144927536235 0.2708333333333333 0.042028985507246375 0.05921052631578947
0 0.5876811594202899 0.6107456140350876 0.13768115942028986 0.22587719298245612
0 0.6340579710144928 0.3706140350877193 0.1492753623188406 0.24122807017543857
0 0.7949275362318841 0.3300438596491228 0.05652173913043478 0.08114035087719298
0 0.10652173913043478 0.2708333333333333 0.042028985507246375 0.06359649122807018
0 0.6601449275362319 0.17214912280701752 0.11739130434782609 0.17763157894736842
0 0.9065217391304348 0.06030701754385964 0.050724637681159424 0.1162280701754386
0 0.4905797101449275 0.1644736842105263 0.1463768115942029 0.22368421052631576
0 0.4036231884057971 0.6546052631578947 0.11159420289855072 0.1820175438596491
