0 0.3667076167076167 0.4265350877192982 0.08230958230958231 0.1469298245614035
0 0.699017199017199 0.781798245614035 0.08845208845208845 0.1469298245614035
0 0.6154791154791155 0.2883771929824561 0.08353808353808354 0.1732456140350877
0 0.33169533169533166 0.700657894736842 0.10319410319410319 0.17763157894736842
0 0.46253071253071254 0.5032894736842105 0.0773955773955774 0.1425438596491228
0 0.5657248157248157 0.7171052631578947 0.09459459459459459 0.18421052631578946
0 0.19594594594594594 0.09210526315789473 0.1339066339066339 0.16666666666666666
0 0.7186732186732187 0.6425438596491228 0.085995085995086 0.14473684210526316
0 0.42690417690417687 0.24122807017543857 0.0773955773955774 0.13596491228070173
0 0.07862407862407862 0.6118421052631579 0.12776412776412777 0.20614035087719296
