0 0.6611111111111111 0.5451851851851851 0.18888888888888888 0.21925925925925924
0 0.14722222222222223 0.3948148148148148 0.16555555555555557 0.2148148148148148
0 0.8066666666666666 0.24148148148148146 0.15333333333333332 0.21037037037037035
0 0.395 0.4451851851851852 0.13 0.20592592592592593
0 0.52 0.2822222222222222 0.14888888888888888 0.12296296296296295
0 0.6616666666666666 0.3607407407407407 0.15444444444444444 0.17037037037037037
0 0.5066666666666667 0.4318518518518518 0.15777777777777777 0.21185185185185185
0 0.8866666666666667 0.5688888888888889 0.1711111111111111 0.21925925925925924
0 0.15833333333333333 0.8162962962962963 0.17666666666666667 0.23407407407407407
0 0.5666666666666667 0.7296296296296296 0.16 0.18518518518518517
0 0.685 0.11407407407407406 0.16333333333333333 0.21333333333333332
0 0.5261111111111111 0.07333333333333333 0.16333333333333333 0.1437037037037037
