0 0.3205 0.4682432432432433 0.073 0.06891891891891892
0 0.1965 0.4202702702702703 0.08700000000000001 0.10270270270270271
0 0.325 0.8560810810810812 0.094 0.12297297297297298
0 0.2505 0.4851351351351352 0.075 0.08648648648648649
0 0.766 0.5155405405405405 0.114 0.14459459459459462
0 0.6875 0.4331081081081081 0.081 0.10945945945945947
0 0.459 0.37162162162162166 0.08600000000000001 0.11081081081081082
0 0.3745 0.34594594594594597 0.065 0.07567567567567568
0 0.3965 0.42364864864864865 0.093 0.12027027027027028
0 0.5595 0.4844594594594595 0.081 0.10945945945945947
0 0.392 0.8844594594594595 0.08600000000000001 0.10135135135135136
0 0.203 0.8445945945945946 0.098 0.11891891891891893
0 0.6095 0.4425675675675676 0.081 0.10945945945945947
