0 0.45687500000000003 0.3554166666666667 0.28125 0.19583333333333336
0 0.2625 0.8266666666666668 0.2425 0.155
0 0.705 0.17500000000000002 0.2425 0.155
0 0.591875 0.08041666666666668 0.29125 0.15916666666666668
0 0.196875 0.38333333333333336 0.20375000000000001 0.1366666666666667
0 0.71625 0.8575 0.16 0.11166666666666668
0 0.27125 0.5566666666666668 0.16 0.11166666666666668
0 0.743125 0.30333333333333334 0.29375 0.17666666666666667
0 0.510625 0.6054166666666667 0.27625 0.17916666666666667
0 0.704375 0.4191666666666667 0.26375 0.15166666666666667
0 0.35000000000000003 0.59375 0.16 0.12916666666666668
