0 0.2 0.5976627712854758 0.08 0.11686143572621036
0 0.6744444444444444 0.3964941569282137 0.03333333333333333 0.048414023372287146
0 0.2061111111111111 0.43656093489148584 0.06111111111111111 0.08514190317195326
0 0.485 0.3939899833055092 0.07222222222222222 0.11018363939899833
0 0.19055555555555556 0.09599332220367279 0.15222222222222223 0.18530884808013356
0 0.13555555555555557 0.34974958263772954 0.05555555555555555 0.08848080133555927
0 0.16055555555555556 0.25459098497495825 0.09666666666666666 0.15191986644407346
0 0.2588888888888889 0.2353923205342237 0.08888888888888889 0.1302170283806344
0 0.41388888888888886 0.4908180300500835 0.06333333333333334 0.09682804674457429
0 0.31555555555555553 0.3981636060100167 0.05555555555555555 0.08180300500834725
0 0.12833333333333333 0.4674457429048414 0.07666666666666666 0.10350584307178631
0 0.1922222222222222 0.7370617696160268 0.10444444444444445 0.13856427378964942
0 0.6333333333333333 0.34557595993322204 0.044444444444444446 0.06343906510851419
