0 0.40652173913043477 0.33947939262472887 0.0391304347826087 0.05422993492407809
0 0.363768115942029 0.7440347071583514 0.04057971014492753 0.05639913232104122
0 0.3615942028985507 0.945770065075922 0.07971014492753624 0.10845986984815618
0 0.3717391304347826 0.3286334056399132 0.0391304347826087 0.05422993492407809
0 0.3173913043478261 0.7407809110629068 0.043478260869565216 0.06724511930585683
0 0.4289855072463768 0.9685466377440347 0.08115942028985507 0.05856832971800434
0 0.5463768115942029 0.9327548806941431 0.06956521739130435 0.0911062906724512
0 0.8942028985507247 0.9078091106290672 0.0782608695652174 0.11496746203904555
0 0.6159420289855072 0.8872017353579176 0.06666666666666667 0.10412147505422994
0 0.27608695652173915 0.8232104121475055 0.0536231884057971 0.07158351409978309
0 0.5920289855072464 0.7895878524945771 0.06231884057971015 0.08676789587852494
0 0.24782608695652175 0.7570498915401301 0.06086956521739131 0.06941431670281996
0 0.6847826086956522 0.9197396963123644 0.07101449275362319 0.09978308026030369
0 0.034057971014492754 0.9436008676789588 0.06521739130434782 0.10845986984815618
0 0.30434782608695654 0.851409978308026 0.05507246376811594 0.06724511930585683
