0 0.4658333333333334 0.4010752688172043 0.165 0.2129032258064516
0 0.23333333333333334 0.6602150537634408 0.15000000000000002 0.16774193548387098
0 0.3975 0.23870967741935484 0.15833333333333335 0.22365591397849463
0 0.26666666666666666 0.30752688172043013 0.18666666666666668 0.22365591397849463
0 0.1375 0.1881720430107527 0.16833333333333333 0.2086021505376344
0 0.8683333333333334 0.47419354838709676 0.24666666666666667 0.2731182795698925
0 0.8075000000000001 0.6838709677419355 0.29833333333333334 0.36129032258064514
0 0.6091666666666667 0.34623655913978496 0.18833333333333335 0.24086021505376343
0 0.8566666666666667 0.11182795698924732 0.2733333333333334 0.210752688172043
0 0.5508333333333334 0.16881720430107527 0.17833333333333334 0.24301075268817204
0 0.2041666666666667 0.4752688172043011 0.15166666666666667 0.1978494623655914
0 0.5875 0.8483870967741935 0.16833333333333333 0.20430107526881722
0 0.18916666666666668 0.8193548387096774 0.15833333333333335 0.17634408602150536
0 0.3358333333333334 0.11397849462365592 0.14500000000000002 0.17634408602150536
0 0.060833333333333336 0.7473118279569892 0.10833333333333334 0.16989247311827957
0 0.5641666666666667 0.6236559139784946 0.16166666666666668 0.25806451612903225
0 0.34500000000000003 0.5021505376344086 0.16666666666666669 0.2172043010752688
0 0.07250000000000001 0.5741935483870968 0.125 0.17204301075268819
0 0.4541666666666667 0.07634408602150537 0.12833333333333335 0.14838709677419354
0 0.43000000000000005 0.7602150537634409 0.22 0.3161290322580645
0 0.11 0.8720430107526882 0.1366666666666667 0.16129032258064516
0 0.76 0.22043010752688172 0.26333333333333336 0.3419354838709677
