0 0.8159420289855073 0.31521739130434784 0.2318840579710145 0.21884057971014492
0 0.5115942028985507 0.2782608695652174 0.26956521739130435 0.22608695652173913
0 0.14057971014492754 0.755072463768116 0.2782608695652174 0.28405797101449276
0 0.8318840579710145 0.5594202898550724 0.2782608695652174 0.2579710144927536
0 0.8130434782608695 0.1384057971014493 0.23478260869565218 0.19855072463768117
0 0.4753623188405797 0.7659420289855072 0.3652173913043478 0.30579710144927535
0 0.8463768115942029 0.7927536231884058 0.3072463768115942 0.2811594202898551
0 0.26159420289855073 0.10942028985507246 0.22753623188405797 0.17246376811594202
0 0.16884057971014493 0.49130434782608695 0.30579710144927535 0.26666666666666666
0 0.4971014492753623 0.5007246376811594 0.2753623188405797 0.2739130434782609
0 0.8282608695652174 0.23840579710144927 0.2710144927536232 0.38115942028985506
0 0.21231884057971015 0.2927536231884058 0.26231884057971017 0.2289855072463768
