0 0.3282608695652174 0.1532608695652174 0.14057971014492754 0.22391304347826088
0 0.808695652173913 0.8858695652173914 0.11304347826086956 0.14565217391304347
0 0.4855072463768116 0.7336956521739131 0.17681159420289855 0.27608695652173915
0 0.2391304347826087 0.6902173913043478 0.06086956521739131 0.058695652173913045
0 0.33043478260869563 0.6086956521739131 0.16521739130434782 0.21304347826086956
0 0.6289855072463768 0.9282608695652174 0.10144927536231885 0.14347826086956522
0 0.0746376811594203 0.5173913043478261 0.14347826086956522 0.30869565217391304
0 0.21014492753623187 0.8445652173913044 0.1855072463768116 0.28043478260869564
0 0.9036231884057971 0.7532608695652174 0.1463768115942029 0.20217391304347826
0 0.1318840579710145 0.10108695652173913 0.13333333333333333 0.19782608695652174
0 0.6876811594202898 0.5945652173913043 0.14347826086956522 0.21956521739130436
