0 0.3116666666666667 0.9158333333333334 0.06666666666666667 0.08833333333333333
0 0.19416666666666668 0.5316666666666667 0.03833333333333334 0.06333333333333334
0 0.3216666666666667 0.25833333333333336 0.04666666666666667 0.08333333333333334
0 0.665 0.26916666666666667 0.13333333333333333 0.17833333333333334
0 0.42833333333333334 0.03333333333333333 0.060000000000000005 0.05
0 0.5700000000000001 0.91 0.08333333333333334 0.11666666666666667
0 0.26666666666666666 0.36333333333333334 0.03333333333333333 0.03666666666666667
0 0.014166666666666668 0.5733333333333334 0.025 0.060000000000000005
0 0.7041666666666667 0.9216666666666667 0.085 0.1
0 0.14083333333333334 0.81 0.08833333333333333 0.11666666666666667
0 0.3075 0.7866666666666667 0.10166666666666667 0.11666666666666667
0 0.615 0.6166666666666667 0.09666666666666668 0.16
0 0.9016666666666667 0.43250000000000005 0.12000000000000001 0.165
0 0.35000000000000003 0.021666666666666667 0.05666666666666667 0.04
0 0.4675 0.8758333333333334 0.10166666666666667 0.14166666666666666
0 0.3458333333333334 0.4808333333333334 0.10166666666666667 0.14500000000000002
0 0.445 0.47500000000000003 0.10666666666666667 0.14
