0 0.38166666666666665 0.765891472868217 0.09 0.13643410852713178
0 0.7055555555555556 0.21627906976744185 0.06 0.07596899224806201
0 0.8716666666666667 0.17364341085271318 0.06555555555555556 0.08992248062015504
0 0.3794444444444444 0.2069767441860465 0.09666666666666666 0.15658914728682172
0 0.42777777777777776 0.5589147286821705 0.12444444444444444 0.17519379844961241
0 0.7155555555555555 0.2821705426356589 0.06222222222222222 0.08372093023255814
0 0.7022222222222222 0.7705426356589147 0.18888888888888888 0.23565891472868217
0 0.47 0.41550387596899224 0.08444444444444445 0.12093023255813953
0 0.47 0.22170542635658913 0.1 0.16124031007751938
0 0.5938888888888889 0.8829457364341086 0.14555555555555555 0.2
0 0.5427777777777778 0.6906976744186046 0.12777777777777777 0.2062015503875969
0 0.805 0.45813953488372094 0.06555555555555556 0.08527131782945736
