0 0.5972222222222222 0.24479166666666669 0.2777777777777778 0.22430555555555556
0 0.8476851851851852 0.4822916666666667 0.23055555555555557 0.17847222222222223
0 0.8240740740740741 0.6694444444444445 0.20740740740740743 0.1875
0 0.1513888888888889 0.2934027777777778 0.30092592592592593 0.2576388888888889
0 0.1587962962962963 0.7649305555555556 0.31574074074074077 0.24791666666666667
0 0.34861111111111115 0.12604166666666666 0.2972222222222222 0.2451388888888889
0 0.12824074074074074 0.5381944444444444 0.25462962962962965 0.22083333333333335
0 0.6291666666666667 0.6427083333333333 0.225 0.19930555555555557
0 0.43194444444444446 0.7940972222222222 0.2601851851851852 0.22708333333333333
0 0.6430555555555556 0.44756944444444446 0.2490740740740741 0.19652777777777777
0 0.8337962962962964 0.30104166666666665 0.26944444444444443 0.19791666666666669
0 0.40694444444444444 0.3923611111111111 0.26203703703703707 0.22083333333333335
0 0.38842592592592595 0.6034722222222223 0.28240740740740744 0.20972222222222223
