0 0.254 0.7496251874062968 0.052000000000000005 0.07796101949025487
0 0.115 0.7886056971514243 0.05 0.06896551724137931
0 0.277 0.9325337331334332 0.068 0.095952023988006
0 0.1875 0.795352323838081 0.057 0.08245877061469264
0 0.395 0.9505247376311844 0.068 0.095952023988006
0 0.447 0.9587706146926537 0.05 0.08245877061469264
0 0.025 0.8148425787106447 0.048 0.07346326836581708
0 0.2485 0.8590704647676162 0.061 0.08095952023988005
0 0.6875 0.5644677661169415 0.051000000000000004 0.07346326836581708
0 0.297 0.815592203898051 0.054 0.08095952023988005
0 0.158 0.7458770614692654 0.054 0.07646176911544228
0 0.328 0.9655172413793103 0.062 0.06896551724137931
0 0.312 0.7548725637181409 0.05 0.07646176911544228
0 0.507 0.9452773613193403 0.058 0.08845577211394302
0 0.418 0.8095952023988006 0.068 0.095952023988006
0 0.157 0.8470764617691154 0.068 0.095952023988006
0 0.199 0.9325337331334332 0.068 0.095952023988006
0 0.066 0.8440779610194902 0.056 0.07196401799100449
0 0.0985 0.8673163418290855 0.061 0.07946026986506746
0 0.0675 0.7623688155922038 0.051000000000000004 0.07346326836581708
