0 0.7921296296296296 0.762962962962963 0.1175925925925926 0.10185185185185186
0 0.5902777777777778 0.23148148148148148 0.08796296296296297 0.0962962962962963
0 0.8944444444444445 0.2865740740740741 0.09444444444444444 0.09166666666666667
0 0.21064814814814817 0.31574074074074077 0.12314814814814816 0.13333333333333333
0 0.9351851851851852 0.23657407407407408 0.07407407407407407 0.07314814814814816
0 0.18055555555555555 0.7518518518518519 0.19074074074074074 0.20740740740740743
0 0.08750000000000001 0.29583333333333334 0.16018518518518518 0.18981481481481483
0 0.43472222222222223 0.14675925925925926 0.09537037037037037 0.08981481481481482
0 0.6916666666666667 0.7217592592592593 0.16666666666666669 0.14722222222222223
0 0.6597222222222222 0.9375 0.14722222222222223 0.09166666666666667
0 0.6916666666666667 0.8523148148148149 0.15185185185185185 0.13611111111111113
0 0.27222222222222225 0.2162037037037037 0.18703703703703706 0.18611111111111112
0 0.33055555555555555 0.6638888888888889 0.24814814814814815 0.2611111111111111
0 0.7902777777777779 0.9023148148148149 0.10833333333333334 0.13240740740740742
0 0.538425925925926 0.15972222222222224 0.0638888888888889 0.09537037037037037
0 0.7787037037037038 0.5916666666666667 0.19074074074074074 0.17037037037037037
