0 0.505859375 0.18229166666666666 0.15234375 0.21614583333333331
0 0.40283203125 0.7109375 0.1728515625 0.21614583333333331
0 0.771484375 0.1640625 0.099609375 0.14322916666666666
0 0.42578125 0.9173177083333333 0.1484375 0.16536458333333331
0 0.45068359375 0.3821614583333333 0.1845703125 0.20963541666666666
0 0.5595703125 0.7076822916666666 0.185546875 0.22786458333333331
0 0.59228515625 0.4954427083333333 0.2021484375 0.28515625
0 0.7041015625 0.13346354166666666 0.07421875 0.16276041666666666
0 0.611328125 0.13997395833333331 0.140625 0.19661458333333331
0 0.79541015625 0.7467447916666666 0.1044921875 0.16015625
0 0.8046875 0.3177083333333333 0.134765625 0.1484375
