0 0.375 0.2766927083333333 0.208984375 0.20963541666666666
0 0.9052734375 0.04231770833333333 0.08203125 0.08203125
0 0.34765625 0.059244791666666664 0.185546875 0.11588541666666666
0 0.72021484375 0.6100260416666666 0.2666015625 0.3763020833333333
0 0.17626953125 0.615234375 0.3056640625 0.37369791666666663
0 0.6484375 0.2890625 0.2265625 0.2708333333333333
0 0.56005859375 0.109375 0.1396484375 0.19010416666666666
0 0.8330078125 0.8756510416666666 0.326171875 0.24088541666666666
0 0.89111328125 0.28580729166666663 0.2158203125 0.33203125
0 0.5048828125 0.9075520833333333 0.263671875 0.18489583333333331
0 0.4580078125 0.564453125 0.271484375 0.38151041666666663
0 0.11083984375 0.28971354166666663 0.2138671875 0.26171875
0 0.73681640625 0.09635416666666666 0.2216796875 0.19010416666666666
0 0.126953125 0.08919270833333333 0.19921875 0.17578125
