0 0.8891666666666668 0.22434367541766112 0.085 0.10978520286396182
0 0.525 0.301909307875895 0.07666666666666667 0.10739856801909309
0 0.2891666666666667 0.8102625298329356 0.065 0.09307875894988067
0 0.9591666666666667 0.594272076372315 0.07833333333333334 0.09546539379474941
0 0.6116666666666667 0.41408114558472553 0.07 0.0883054892601432
0 0.3866666666666667 0.6431980906921241 0.07333333333333333 0.09785202863961814
0 0.17583333333333334 0.8126491646778043 0.085 0.11217183770883056
0 0.5333333333333333 0.405727923627685 0.08 0.10501193317422435
0 0.8975000000000001 0.34009546539379476 0.08166666666666667 0.11694510739856802
0 0.8275 0.5071599045346062 0.07833333333333334 0.09307875894988067
0 0.4808333333333334 0.6539379474940334 0.05166666666666667 0.08591885441527447
0 0.7733333333333334 0.47016706443914086 0.07 0.10501193317422435
0 0.5475 0.626491646778043 0.07833333333333334 0.10739856801909309
