0 0.3766666666666667 0.6208333333333333 0.05666666666666667 0.07166666666666667
0 0.0975 0.8258333333333334 0.065 0.07500000000000001
0 0.20833333333333334 0.30000000000000004 0.08 0.11
0 0.08166666666666667 0.6275000000000001 0.06666666666666667 0.07500000000000001
0 0.9333333333333333 0.1125 0.10333333333333335 0.125
0 0.5475 0.545 0.055 0.07666666666666667
0 0.2841666666666667 0.555 0.045000000000000005 0.05666666666666667
0 0.6533333333333333 0.4916666666666667 0.05 0.06666666666666667
0 0.17833333333333334 0.655 0.05 0.06666666666666667
0 0.7883333333333333 0.8691666666666668 0.05 0.058333333333333334
0 0.029166666666666667 0.30333333333333334 0.04833333333333334 0.06333333333333334
0 0.5066666666666667 0.34750000000000003 0.07 0.10166666666666667
0 0.7150000000000001 0.38333333333333336 0.07666666666666667 0.10666666666666667
0 0.3408333333333334 0.06416666666666668 0.08833333333333333 0.11833333333333335
0 0.6883333333333334 0.4808333333333334 0.060000000000000005 0.07500000000000001
0 0.3691666666666667 0.5183333333333333 0.07166666666666667 0.09333333333333334
