0 0.4291087962962963 0.5138888888888888 0.15219907407407407 0.17592592592592593
0 0.7297453703703703 0.17129629629629628 0.14814814814814814 0.19290123456790123
0 0.5896990740740741 0.568287037037037 0.16898148148148148 0.14429012345679013
0 0.2745949074074074 0.9571759259259258 0.11979166666666666 0.08564814814814814
0 0.2037037037037037 0.0783179012345679 0.12962962962962962 0.1550925925925926
0 0.36082175925925924 0.29166666666666663 0.1753472222222222 0.2361111111111111
0 0.7644675925925926 0.6099537037037037 0.19907407407407407 0.23996913580246912
0 0.8469328703703703 0.4070216049382716 0.21122685185185183 0.26003086419753085
0 0.23263888888888887 0.7696759259259259 0.2048611111111111 0.29398148148148145
0 0.24305555555555555 0.24344135802469136 0.15277777777777776 0.2214506172839506
0 0.12384259259259259 0.6300154320987654 0.18287037037037035 0.20910493827160492
0 0.5269097222222222 0.4116512345679012 0.21122685185185183 0.2862654320987654
0 0.9123263888888888 0.6342592592592592 0.1741898148148148 0.22993827160493827
0 0.8608217592592592 0.2056327160493827 0.14641203703703703 0.19521604938271603
0 0.09403935185185185 0.1261574074074074 0.18692129629629628 0.2507716049382716
0 0.43894675925925924 0.8595679012345678 0.23553240740740738 0.27469135802469136
0 0.09375 0.4263117283950617 0.1863425925925926 0.3032407407407407
0 0.7690972222222222 0.8545524691358024 0.2384259259259259 0.2708333333333333
0 0.2690972222222222 0.4737654320987654 0.19560185185185183 0.24537037037037035
0 0.11226851851851852 0.8557098765432098 0.22337962962962962 0.2716049382716049
0 0.8556134259259259 0.07523148148148148 0.14988425925925924 0.14891975308641975
0 0.6206597222222222 0.7426697530864197 0.21006944444444442 0.30169753086419754
0 0.6631944444444444 0.27237654320987653 0.1585648148148148 0.26080246913580246
0 0.5465856481481481 0.13734567901234568 0.20081018518518517 0.2669753086419753
0 0.3466435185185185 0.09220679012345678 0.18518518518518517 0.18287037037037035
