0 0.36731634182908546 0.7642357642357642 0.09895052473763118 0.13186813186813187
0 0.35532233883058467 0.06843156843156843 0.15892053973013492 0.13486513486513488
0 0.3035982008995502 0.8981018981018981 0.07796101949025487 0.1038961038961039
0 0.14917541229385306 0.8896103896103896 0.08095952023988005 0.1068931068931069
0 0.2589955022488756 0.3276723276723277 0.16266866566716642 0.21978021978021978
0 0.20764617691154422 0.6598401598401599 0.07346326836581708 0.1048951048951049
0 0.6622938530734632 0.8851148851148851 0.20014992503748125 0.21978021978021978
0 0.5367316341829085 0.36863136863136864 0.15742128935532235 0.2837162837162837
0 0.5880809595202399 0.6648351648351648 0.18215892053973012 0.2547452547452547
0 0.7155172413793103 0.4205794205794206 0.2331334332833583 0.3176823176823177
0 0.7282608695652174 0.08891108891108891 0.19265367316341828 0.1758241758241758
