0 0.2809375 0.2725 0.106875 0.12333333333333334
0 0.4840625 0.36875 0.11812500000000001 0.13583333333333333
0 0.3034375 0.8191666666666667 0.19062500000000002 0.2733333333333334
0 0.58875 0.49125 0.105 0.13583333333333333
0 0.9103125 0.795 0.154375 0.195
0 0.1303125 0.7554166666666667 0.194375 0.25083333333333335
0 0.4653125 0.49541666666666667 0.141875 0.16083333333333336
0 0.671875 0.4470833333333334 0.105 0.11750000000000001
0 0.0684375 0.33416666666666667 0.106875 0.12333333333333334
0 0.4728125 0.73375 0.141875 0.16083333333333336
0 0.15031250000000002 0.5129166666666667 0.15937500000000002 0.20583333333333334
0 0.16875 0.39375000000000004 0.1125 0.10250000000000001
0 0.4575 0.9029166666666667 0.15375 0.18916666666666668
0 0.6946875 0.5895833333333333 0.15812500000000002 0.15916666666666668
0 0.7609375 0.4241666666666667 0.096875 0.115
0 0.361875 0.6279166666666667 0.145 0.18250000000000002
0 0.6109375 0.8400000000000001 0.170625 0.20500000000000002
0 0.8840625 0.48750000000000004 0.141875 0.17833333333333334
0 0.2815625 0.44833333333333336 0.11937500000000001 0.10333333333333335
0 0.7525000000000001 0.7433333333333334 0.18375 0.25
