0 0.9044444444444445 0.24153846153846154 0.05333333333333333 0.07692307692307693
0 0.3761111111111111 0.6053846153846154 0.034444444444444444 0.046153846153846156
0 0.5997222222222223 0.20923076923076922 0.055 0.09230769230769231
0 0.36916666666666664 0.25653846153846155 0.04833333333333333 0.06538461538461539
0 0.08083333333333333 0.7384615384615385 0.06277777777777778 0.09692307692307692
0 0.9180555555555555 0.7319230769230769 0.06388888888888888 0.08846153846153847
0 0.7058333333333333 0.5 0.04388888888888889 0.055384615384615386
0 0.5975 0.5457692307692308 0.041666666666666664 0.06692307692307692
0 0.08861111111111111 0.385 0.03611111111111111 0.05153846153846154
0 0.5480555555555555 0.5734615384615385 0.041666666666666664 0.057692307692307696
0 0.4691666666666667 0.2153846153846154 0.059444444444444446 0.08153846153846153
0 0.6983333333333334 0.26884615384615385 0.042222222222222223 0.06692307692307692
0 0.6011111111111112 0.07461538461538461 0.04888888888888889 0.07692307692307693
0 0.06305555555555556 0.8211538461538461 0.06166666666666667 0.09
0 0.3975 0.485 0.04833333333333333 0.06692307692307692
0 0.4444444444444444 0.1773076923076923 0.04888888888888889 0.07
0 0.37194444444444447 0.19576923076923078 0.04722222222222222 0.06538461538461539
0 0.8697222222222222 0.46923076923076923 0.050555555555555555 0.08153846153846153
0 0.5705555555555556 0.7107692307692308 0.04777777777777778 0.06923076923076923
0 0.6238888888888889 0.44153846153846155 0.035555555555555556 0.05384615384615385
0 0.45944444444444443 0.44 0.04111111111111111 0.055384615384615386
0 0.44972222222222225 0.38846153846153847 0.03944444444444444 0.04923076923076923
0 0.6988888888888889 0.2684615384615385 0.04111111111111111 0.07230769230769231
0 0.7538888888888889 0.5326923076923077 0.04888888888888889 0.07153846153846154
0 0.13333333333333333 0.3811538461538462 0.03888888888888889 0.05923076923076923
0 0.46555555555555556 0.32269230769230767 0.044444444444444446 0.06538461538461539
0 0.09166666666666666 0.10346153846153847 0.03888888888888889 0.05615384615384615
0 0.8325 0.25884615384615384 0.050555555555555555 0.07615384615384616
0 0.39194444444444443 0.37038461538461537 0.04388888888888889 0.06230769230769231
0 0.13805555555555554 0.2976923076923077 0.03388888888888889 0.03076923076923077
0 0.9641666666666666 0.57 0.06388888888888888 0.09230769230769231
0 0.31333333333333335 0.3496153846153846 0.04555555555555556 0.06692307692307692
0 0.32805555555555554 0.6146153846153846 0.049444444444444444 0.07384615384615384
0 0.2247222222222222 0.553076923076923 0.02277777777777778 0.038461538461538464
0 0.43722222222222223 0.2323076923076923 0.028888888888888888 0.06923076923076923
0 0.7463888888888889 0.18884615384615386 0.04722222222222222 0.04692307692307692
0 0.1111111111111111 0.34307692307692306 0.035555555555555556 0.047692307692307694
0 0.6086111111111111 0.6396153846153846 0.04388888888888889 0.06846153846153846
0 0.5827777777777777 0.46153846153846156 0.04555555555555556 0.06307692307692307
0 0.17888888888888888 0.4846153846153846 0.03 0.04153846153846154
0 0.2569444444444444 0.5646153846153846 0.035 0.047692307692307694
0 0.3333333333333333 0.42230769230769233 0.044444444444444446 0.05846153846153846
0 0.8091666666666667 0.41807692307692307 0.041666666666666664 0.07
0 0.3975 0.40576923076923077 0.050555555555555555 0.054615384615384614
0 0.2841666666666667 0.6257692307692307 0.041666666666666664 0.054615384615384614
0 0.9252777777777778 0.52 0.041666666666666664 0.06461538461538462
0 0.6227777777777778 0.5111538461538462 0.042222222222222223 0.057692307692307696
0 0.9152777777777777 0.8742307692307693 0.058333333333333334 0.08384615384615385
