0 0.146875 0.536928487690504 0.184375 0.12192262602579132
0 0.09609375 0.4390386869871043 0.1203125 0.09495896834701055
0 0.21250000000000002 0.6576787807737396 0.209375 0.15943728018757325
0 0.41015625 0.6893317702227432 0.1796875 0.15240328253223914
0 0.35781250000000003 0.8493552168815943 0.2 0.16764361078546305
0 0.353125 0.4155920281359906 0.12812500000000002 0.11606096131301288
0 0.51015625 0.5545134818288393 0.15156250000000002 0.11254396248534583
0 0.26406250000000003 0.050410316529894486 0.1875 0.0984759671746776
0 0.6765625000000001 0.5785463071512309 0.184375 0.1395076201641266
0 0.39140625 0.5164126611957796 0.1546875 0.10902696365767878
0 0.225 0.7954279015240328 0.17500000000000002 0.1395076201641266
0 0.29531250000000003 0.5697538100820633 0.18125000000000002 0.12192262602579132
0 0.5750000000000001 0.6694021101992965 0.14375000000000002 0.11723329425556857
0 0.54296875 0.4413833528722157 0.16718750000000002 0.12778429073856976
0 0.52265625 0.8118405627198124 0.18281250000000002 0.1559202813599062
0 0.6195312500000001 0.36166471277842904 0.1640625 0.12075029308323564
0 0.81171875 0.5082063305978898 0.18281250000000002 0.12778429073856976
0 0.7171875000000001 0.4443141852286049 0.15937500000000002 0.11957796014067995
0 0.42421875000000003 0.31652989449003516 0.1484375 0.11254396248534583
0 0.6726562500000001 0.7543962485345838 0.1953125 0.16764361078546305
0 0.21171875 0.39859320046893315 0.17343750000000002 0.12192262602579132
