0 0.507 0.484984984984985 0.166 0.17717717717717718
0 0.076 0.45045045045045046 0.148 0.25825825825825827
0 0.896 0.3813813813813814 0.164 0.23423423423423423
0 0.47700000000000004 0.15465465465465467 0.15 0.16516516516516516
0 0.722 0.35735735735735735 0.176 0.16816816816816815
0 0.621 0.8903903903903904 0.17400000000000002 0.19519519519519518
0 0.455 0.6066066066066066 0.154 0.1981981981981982
0 0.47200000000000003 0.3033033033033033 0.156 0.18618618618618618
0 0.619 0.25675675675675674 0.15 0.1831831831831832
0 0.765 0.7837837837837838 0.182 0.24024024024024024
0 0.31 0.25375375375375375 0.124 0.15315315315315314
0 0.603 0.6666666666666666 0.146 0.2222222222222222
0 0.435 0.8153153153153153 0.166 0.19519519519519518
0 0.922 0.7237237237237237 0.14400000000000002 0.2222222222222222
0 0.19 0.3408408408408408 0.164 0.2132132132132132
0 0.379 0.4444444444444444 0.134 0.15615615615615616
0 0.6890000000000001 0.5135135135135135 0.158 0.22822822822822822
0 0.112 0.8138138138138138 0.216 0.25225225225225223
