0 0.49750000000000005 0.33333333333333337 0.14500000000000002 0.12333333333333334
0 0.5275000000000001 0.5041666666666667 0.135 0.14500000000000002
0 0.6275000000000001 0.34 0.12166666666666667 0.12666666666666668
0 0.36000000000000004 0.5016666666666667 0.15333333333333335 0.15333333333333335
0 0.26416666666666666 0.5775 0.135 0.14833333333333334
0 0.36083333333333334 0.7591666666666668 0.13166666666666668 0.13166666666666668
0 0.8508333333333334 0.27666666666666667 0.125 0.15000000000000002
0 0.20833333333333334 0.7158333333333334 0.16 0.165
0 0.3916666666666667 0.6433333333333334 0.14 0.13333333333333333
0 0.62 0.4575 0.08 0.10500000000000001
