0 0.64875 0.1769109535066982 0.02875 0.04018912529550828
0 0.7609375 0.34042553191489366 0.030625 0.039401103230890466
0 0.5159375 0.2730496453900709 0.029375000000000002 0.03546099290780142
0 0.2071875 0.27620173364854217 0.031875 0.038613081166272656
0 0.3540625 0.19739952718676124 0.031875 0.038613081166272656
0 0.280625 0.2947202521670607 0.0325 0.04097714736012609
0 0.7496875000000001 0.45114263199369586 0.031875 0.038613081166272656
0 0.2821875 0.29747832939322305 0.031875 0.038613081166272656
0 0.16718750000000002 0.5717100078802206 0.033125 0.04649330181245075
0 0.3115625 0.42671394799054374 0.028125 0.03703703703703704
0 0.8459375 0.4318360914105595 0.030625 0.039401103230890466
0 0.64 0.31008668242710796 0.0325 0.038613081166272656
0 0.743125 0.49842395587076443 0.03125 0.03703703703703704
0 0.7978125 0.41449960598896773 0.030625 0.039401103230890466
0 0.55125 0.11702127659574468 0.0325 0.038613081166272656
0 0.265 0.21552403467297085 0.02875 0.03703703703703704
0 0.3009375 0.3644602048857368 0.031875 0.038613081166272656
0 0.2778125 0.6583924349881797 0.031875 0.038613081166272656
0 0.8040625 0.3215130023640662 0.030625 0.039401103230890466
0 0.6396875 0.3069345941686367 0.031875 0.038613081166272656
0 0.0759375 0.5543735224586289 0.028125 0.03703703703703704
0 0.8721875 0.5713159968479118 0.030625 0.039401103230890466
0 0.671875 0.5070921985815603 0.03125 0.03703703703703704
0 0.528125 0.08313632781717889 0.0325 0.038613081166272656
0 0.93625 0.5819542947202522 0.03125 0.03703703703703704
0 0.2971875 0.5441292356185974 0.028125 0.03703703703703704
0 0.3384375 0.496059889676911 0.028125 0.03703703703703704
0 0.776875 0.5133963750985028 0.03125 0.03703703703703704
0 0.6115625 0.4519306540583137 0.031875 0.038613081166272656
0 0.754375 0.22970843183609144 0.02875 0.04018912529550828
0 0.3103125 0.4251379038613081 0.031875 0.038613081166272656
0 0.3478125 0.632387706855792 0.028125 0.03703703703703704
0 0.49125 0.10756501182033097 0.0325 0.038613081166272656
0 0.42625 0.13041765169424746 0.0325 0.038613081166272656
0 0.1903125 0.3888888888888889 0.031875 0.038613081166272656
0 0.5665625 0.264381402679275 0.031875 0.038613081166272656
0 0.9265625000000001 0.5508274231678487 0.030625 0.039401103230890466
