0 0.3205 0.03673163418290854 0.033 0.043478260869565216
0 0.5135 0.5892053973013494 0.041 0.06296851574212893
0 0.2435 0.38830584707646176 0.035 0.050974512743628186
0 0.3085 0.44377811094452774 0.033 0.041979010494752625
0 0.8055 0.7203898050974512 0.043000000000000003 0.06446776611694152
0 0.515 0.20764617691154422 0.036000000000000004 0.05247376311844078
0 0.614 0.40929535232383807 0.048 0.06896551724137931
0 0.051000000000000004 0.050974512743628186 0.054 0.07796101949025487
0 0.026000000000000002 0.424287856071964 0.038 0.050974512743628186
0 0.1045 0.9002998500749625 0.033 0.043478260869565216
0 0.538 0.0967016491754123 0.062 0.08545727136431784
0 0.0525 0.527736131934033 0.033 0.05697151424287856
0 0.3695 0.24737631184407796 0.033 0.04497751124437781
0 0.3285 0.5299850074962519 0.031 0.05547226386806597
0 0.7595000000000001 0.5307346326836582 0.045 0.06296851574212893
0 0.1865 0.20014992503748125 0.045 0.06146926536731634
0 0.6815 0.5524737631184408 0.045 0.06746626686656672
0 0.3405 0.24062968515742128 0.031 0.04047976011994003
0 0.254 0.5007496251874063 0.028 0.050974512743628186
0 0.6945 0.14842578710644677 0.051000000000000004 0.07196401799100449
0 0.5685 0.4415292353823088 0.043000000000000003 0.06446776611694152
0 0.545 0.5667166416791604 0.04 0.05997001499250375
0 0.02 0.5337331334332833 0.034 0.06296851574212893
0 0.075 0.22863568215892052 0.03 0.05547226386806597
0 0.7455 0.14992503748125938 0.047 0.07496251874062969
0 0.3575 0.24737631184407796 0.053 0.05397301349325337
0 0.8290000000000001 0.2691154422788606 0.03 0.046476761619190406
0 0.799 0.49025487256371814 0.052000000000000005 0.05997001499250375
0 0.447 0.4977511244377811 0.038 0.05997001499250375
0 0.833 0.6859070464767616 0.044 0.05247376311844078
0 0.3405 0.5832083958020989 0.043000000000000003 0.050974512743628186
0 0.20400000000000001 0.3995502248875562 0.03 0.05847076461769115
0 0.6515 0.018740629685157422 0.041 0.031484257871064465
0 0.733 0.5929535232383808 0.042 0.06446776611694152
0 0.2915 0.25862068965517243 0.047 0.05847076461769115
0 0.063 0.39280359820089955 0.04 0.05397301349325337
0 0.011 0.7631184407796102 0.02 0.04497751124437781
0 0.46950000000000003 0.3778110944527736 0.039 0.06296851574212893
0 0.6275000000000001 0.12293853073463268 0.055 0.05697151424287856
0 0.214 0.3365817091454273 0.042 0.05547226386806597
0 0.638 0.8065967016491754 0.034 0.047976011994003
0 0.378 0.027736131934032984 0.038 0.05247376311844078
0 0.4825 0.47826086956521735 0.035 0.06296851574212893
0 0.484 0.15892053973013492 0.036000000000000004 0.05397301349325337
0 0.7955 0.6026986506746627 0.037 0.06896551724137931
0 0.5815 0.7188905547226386 0.041 0.05847076461769115
