0 0.516 0.21171171171171171 0.108 0.15915915915915915
0 0.81 0.5570570570570571 0.1 0.1831831831831832
0 0.577 0.6246246246246246 0.122 0.16816816816816815
0 0.663 0.5855855855855856 0.10200000000000001 0.15015015015015015
0 0.13 0.6936936936936937 0.088 0.14414414414414414
0 0.753 0.31681681681681684 0.11 0.1831831831831832
0 0.323 0.6696696696696697 0.10200000000000001 0.18618618618618618
0 0.325 0.9159159159159159 0.11800000000000001 0.15615615615615616
0 0.20800000000000002 0.6171171171171171 0.1 0.13513513513513514
0 0.54 0.7627627627627628 0.14 0.17417417417417416
0 0.406 0.5705705705705706 0.14 0.18618618618618618
