0 0.9031250000000001 0.32 0.06375 0.11
0 0.666875 0.7533333333333334 0.11875000000000001 0.16
0 0.40375 0.88 0.1325 0.19666666666666668
0 0.533125 0.2391666666666667 0.07625 0.10833333333333334
0 0.618125 0.17666666666666667 0.12375 0.18333333333333335
0 0.74375 0.14250000000000002 0.12 0.17833333333333334
0 0.351875 0.5291666666666667 0.11375 0.165
0 0.745 0.33166666666666667 0.11750000000000001 0.15333333333333335
0 0.725625 0.4841666666666667 0.11375 0.15833333333333335
0 0.45875 0.6966666666666667 0.0825 0.15666666666666668
0 0.626875 0.3916666666666667 0.11375 0.14666666666666667
0 0.366875 0.6991666666666667 0.14875 0.19833333333333333
0 0.636875 0.5716666666666667 0.11875000000000001 0.16333333333333333
0 0.243125 0.5475 0.08375 0.12833333333333335
0 0.284375 0.8550000000000001 0.11375 0.19
