0 0.772 0.8861209964412811 0.1 0.18861209964412812
0 0.2535 0.4172597864768683 0.089 0.15124555160142347
0 0.6835 0.15302491103202845 0.109 0.19572953736654802
0 0.3855 0.49822064056939497 0.135 0.25266903914590744
0 0.133 0.7455516014234875 0.106 0.10320284697508897
0 0.1865 0.9590747330960854 0.123 0.08185053380782918
0 0.5205 0.5676156583629893 0.139 0.20640569395017794
0 0.4415 0.09697508896797152 0.139 0.1903914590747331
0 0.6695 0.8852313167259787 0.139 0.2188612099644128
0 0.762 0.41192170818505336 0.13 0.23665480427046262
0 0.496 0.41370106761565834 0.148 0.2615658362989324
0 0.259 0.5907473309608541 0.14200000000000002 0.2597864768683274
0 0.585 0.12099644128113879 0.126 0.2384341637010676
0 0.3165 0.9190391459074733 0.133 0.1583629893238434
0 0.3745 0.1779359430604982 0.11900000000000001 0.2384341637010676
0 0.34800000000000003 0.8087188612099644 0.126 0.22597864768683273
0 0.756 0.6859430604982206 0.112 0.19750889679715303
