0 0.2997275204359673 0.5654545454545454 0.16893732970027248 0.10909090909090909
0 0.7397820163487738 0.7509090909090909 0.1989100817438692 0.13818181818181818
0 0.5054495912806539 0.04818181818181818 0.11716621253405994 0.08545454545454545
0 0.14032697547683923 0.5472727272727272 0.16076294277929154 0.11636363636363636
0 0.4550408719346049 0.18454545454545454 0.15803814713896458 0.14
0 0.5940054495912807 0.01818181818181818 0.1307901907356948 0.03272727272727273
0 0.39373297002724794 0.6936363636363636 0.14986376021798364 0.1
0 0.2438692098092643 0.39454545454545453 0.1335149863760218 0.09818181818181818
0 0.5817438692098093 0.2609090909090909 0.1880108991825613 0.11818181818181818
0 0.11307901907356947 0.6790909090909091 0.16076294277929154 0.11090909090909092
0 0.38147138964577654 0.3718181818181818 0.19618528610354222 0.14727272727272728
0 0.5708446866485013 0.9490909090909091 0.11716621253405994 0.06909090909090909
0 0.544959128065395 0.7045454545454546 0.19618528610354222 0.11818181818181818
0 0.8256130790190735 0.4409090909090909 0.15803814713896458 0.11818181818181818
0 0.5776566757493188 0.11545454545454545 0.10354223433242507 0.06363636363636363
0 0.8065395095367847 0.6290909090909091 0.12534059945504086 0.07636363636363637
0 0.6362397820163488 0.52 0.10626702997275204 0.12
0 0.9005449591280653 0.8418181818181818 0.18256130790190736 0.13090909090909092
0 0.6076294277929155 0.8645454545454545 0.16893732970027248 0.12545454545454546
0 0.4822888283378746 0.8054545454545454 0.17438692098092642 0.11636363636363636
0 0.5354223433242506 0.42272727272727273 0.13896457765667575 0.09272727272727273
0 0.6852861035422343 0.4081818181818182 0.1444141689373297 0.11818181818181818
