0 0.80875 0.29812938425565083 0.10250000000000001 0.09586905689789556
0 0.1271875 0.5779423226812159 0.098125 0.1254871395167576
0 0.564375 0.16562743569758379 0.095 0.10522213561964147
0 0.415625 0.0818394388152767 0.075 0.09041309431021044
0 0.629375 0.16406858924395948 0.0575 0.0818394388152767
0 0.0778125 0.8667186282151208 0.084375 0.1122369446609509
0 0.3296875 0.5510522213561965 0.079375 0.09353078721745908
0 0.5625 0.4154325798908808 0.07625 0.0950896336710834
0 0.504375 0.5775526110678099 0.09875 0.12159002338269681
0 0.5962500000000001 0.5413094310210445 0.10125 0.12236944660950896
0 0.5659375 0.06742010911925175 0.100625 0.13172252533125486
0 0.3715625 0.32034294621979736 0.095625 0.11847233047544817
0 0.256875 0.38698363211223696 0.0925 0.11145752143413874
0 0.42562500000000003 0.6293842556508185 0.09125 0.10989867498051442
0 0.7175 0.700701480904131 0.06375 0.08573655494933749
0 0.3225 0.08885424785658613 0.08375 0.10756040530007795
0 0.3175 0.813717848791894 0.08 0.1044427123928293
0 0.19375 0.6480904130943103 0.0825 0.11457521434138737
0 0.18125 0.2112236944660951 0.095 0.1293842556508184
0 0.095625 0.18355416991426346 0.07625 0.1083398285268901
0 0.7090625 0.40218238503507403 0.099375 0.12626656274356976
0 0.37093750000000003 0.3858144972720187 0.089375 0.08417770849571317
0 0.1246875 0.43764614185502726 0.085625 0.10210444271239283
0 0.2553125 0.24863600935307872 0.08687500000000001 0.1044427123928293
0 0.1415625 0.29968823070927514 0.089375 0.11769290724863601
0 0.831875 0.7459080280592362 0.09125 0.1044427123928293
0 0.8356250000000001 0.13016367887763056 0.11625 0.1449727201870616
0 0.6621875 0.6052221356196414 0.073125 0.07560405300077942
0 0.7262500000000001 0.11262665627435697 0.11125 0.13951675759937646
0 0.7425 0.21823850350740454 0.095 0.12470771628994544
