0 0.5216666666666667 0.165 0.08666666666666667 0.08333333333333334
0 0.53 0.3795833333333334 0.06166666666666667 0.05583333333333334
0 0.37333333333333335 0.39375000000000004 0.06666666666666667 0.0625
0 0.3754166666666667 0.20125 0.0775 0.07916666666666668
0 0.26666666666666666 0.3695833333333334 0.07333333333333333 0.060833333333333336
0 0.41625 0.3458333333333334 0.04416666666666667 0.04666666666666667
0 0.5841666666666667 0.5579166666666667 0.060000000000000005 0.05416666666666667
0 0.20958333333333334 0.6925 0.08583333333333334 0.06833333333333334
0 0.5945833333333334 0.44625000000000004 0.06416666666666668 0.06583333333333334
0 0.5541666666666667 0.3204166666666667 0.07166666666666667 0.05916666666666667
0 0.29333333333333333 0.41000000000000003 0.05 0.04166666666666667
0 0.6595833333333334 0.4891666666666667 0.07250000000000001 0.065
0 0.7470833333333334 0.32708333333333334 0.09250000000000001 0.0825
0 0.5470833333333334 0.1729166666666667 0.07416666666666667 0.0775
0 0.3225 0.18250000000000002 0.06166666666666667 0.07833333333333334
0 0.45083333333333336 0.2404166666666667 0.07166666666666667 0.05583333333333334
0 0.28125 0.5166666666666667 0.06583333333333334 0.05166666666666667
0 0.49250000000000005 0.3091666666666667 0.06666666666666667 0.07
0 0.2054166666666667 0.6062500000000001 0.0775 0.0575
0 0.6545833333333334 0.6787500000000001 0.0675 0.0575
0 0.16041666666666668 0.5391666666666667 0.08416666666666667 0.06833333333333334
0 0.66625 0.39416666666666667 0.08083333333333334 0.07
0 0.385 0.2866666666666667 0.06333333333333334 0.060000000000000005
0 0.615 0.08375 0.08 0.08750000000000001
0 0.5641666666666667 0.2679166666666667 0.07333333333333333 0.050833333333333335
0 0.33625000000000005 0.4491666666666667 0.06916666666666667 0.05333333333333334
0 0.44625000000000004 0.3254166666666667 0.04916666666666667 0.05583333333333334
