0 0.2532188841201717 0.6274038461538461 0.15021459227467812 0.17307692307692307
0 0.3111587982832618 0.44711538461538464 0.15450643776824036 0.21153846153846156
0 0.3562231759656652 0.7596153846153847 0.15450643776824036 0.13942307692307693
0 0.38090128755364805 0.25841346153846156 0.18669527896995708 0.21875
0 0.4624463519313305 0.421875 0.18669527896995708 0.21875
0 0.6566523605150214 0.25841346153846156 0.1072961373390558 0.18990384615384617
0 0.572961373390558 0.5552884615384616 0.18025751072961374 0.19711538461538464
0 0.5107296137339056 0.7295673076923077 0.1630901287553648 0.17548076923076925
0 0.5150214592274678 0.13461538461538464 0.18884120171673818 0.20192307692307693
0 0.41416309012875535 0.6129807692307693 0.18025751072961374 0.19711538461538464
