0 0.55234375 0.8894694533762058 0.0984375 0.1567524115755627
0 0.3515625 0.5703376205787781 0.10104166666666667 0.16318327974276528
0 0.6294270833333333 0.659967845659164 0.08385416666666666 0.14469453376205788
0 0.38515625 0.46985530546623794 0.0859375 0.1647909967845659
0 0.4549479166666667 0.5844051446945338 0.10260416666666666 0.1189710610932476
0 0.6169270833333333 0.862540192926045 0.08072916666666667 0.15755627009646303
0 0.2986979166666667 0.4529742765273312 0.0921875 0.1567524115755627
0 0.5763020833333333 0.5144694533762058 0.08489583333333334 0.14469453376205788
0 0.6697916666666667 0.8894694533762058 0.07708333333333334 0.1422829581993569
0 0.4825520833333333 0.45860128617363344 0.10572916666666667 0.16318327974276528
0 0.8809895833333333 0.9163987138263665 0.11822916666666666 0.1527331189710611
0 0.8072916666666666 0.8721864951768489 0.1 0.15755627009646303
