0 0.5012562814070352 0.6598290598290598 0.18592964824120603 0.27350427350427353
0 0.5408291457286433 0.19316239316239317 0.11180904522613065 0.13675213675213677
0 0.2594221105527638 0.37606837606837606 0.114321608040201 0.15726495726495726
0 0.4396984924623116 0.7931623931623931 0.13819095477386936 0.20854700854700856
0 0.4792713567839196 0.37606837606837606 0.14447236180904524 0.19829059829059828
0 0.35678391959798994 0.2564102564102564 0.14824120603015076 0.2222222222222222
0 0.6670854271356784 0.6085470085470085 0.16080402010050251 0.20170940170940171
0 0.26444723618090454 0.12735042735042734 0.09170854271356783 0.14188034188034188
0 0.5540201005025126 0.9162393162393162 0.17839195979899497 0.1675213675213675
0 0.6275125628140703 0.4658119658119658 0.14949748743718594 0.1829059829059829
0 0.34484924623115576 0.41965811965811967 0.13190954773869346 0.1829059829059829
