0 0.916015625 0.7688802083333333 0.064453125 0.07942708333333333
0 0.74462890625 0.521484375 0.0595703125 0.08203125
0 0.48388671875 0.43033854166666663 0.0615234375 0.08463541666666666
0 0.29248046875 0.12239583333333333 0.0537109375 0.07552083333333333
0 0.64892578125 0.6888020833333333 0.0556640625 0.078125
0 0.54248046875 0.44791666666666663 0.0517578125 0.0703125
0 0.224609375 0.28580729166666663 0.0625 0.07161458333333333
0 0.4033203125 0.337890625 0.05078125 0.06640625
0 0.712890625 0.837890625 0.05859375 0.07942708333333333
0 0.37890625 0.6953125 0.037109375 0.05208333333333333
0 0.48193359375 0.5091145833333333 0.0693359375 0.078125
0 0.62451171875 0.3828125 0.0576171875 0.06770833333333333
0 0.28271484375 0.4641927083333333 0.0712890625 0.08203125
0 0.125 0.462890625 0.05078125 0.07682291666666666
0 0.86376953125 0.791015625 0.0595703125 0.07682291666666666
0 0.9287109375 0.666015625 0.060546875 0.08463541666666666
0 0.81494140625 0.15885416666666666 0.0263671875 0.04427083333333333
0 0.47412109375 0.134765625 0.0634765625 0.05598958333333333
0 0.21044921875 0.7200520833333333 0.0556640625 0.0703125
0 0.0869140625 0.14973958333333331 0.060546875 0.07552083333333333
0 0.8837890625 0.88671875 0.052734375 0.078125
0 0.2978515625 0.6829427083333333 0.0546875 0.05598958333333333
0 0.2919921875 0.12434895833333333 0.0546875 0.07161458333333333
0 0.36962890625 0.6145833333333333 0.0595703125 0.08072916666666666
0 0.16455078125 0.7630208333333333 0.0439453125 0.07291666666666666
0 0.22216796875 0.353515625 0.0634765625 0.08203125
0 0.0263671875 0.9108072916666666 0.046875 0.061197916666666664
0 0.16552734375 0.8463541666666666 0.0517578125 0.06510416666666666
0 0.16259765625 0.3196614583333333 0.0439453125 0.053385416666666664
0 0.28271484375 0.30338541666666663 0.0498046875 0.07552083333333333
0 0.33544921875 0.884765625 0.0537109375 0.06640625
0 0.54541015625 0.56640625 0.0595703125 0.0703125
0 0.10986328125 0.21614583333333331 0.0595703125 0.05989583333333333
0 0.71044921875 0.75 0.0537109375 0.0703125
