0 0.8403846153846154 0.47332635983263593 0.045384615384615384 0.06171548117154811
0 0.31038461538461537 0.6809623430962343 0.03461538461538462 0.05857740585774058
0 0.8938461538461538 0.5298117154811715 0.047692307692307694 0.07008368200836819
0 0.6707692307692308 0.43671548117154807 0.05076923076923077 0.06380753138075314
0 0.45 0.6359832635983264 0.05076923076923077 0.0711297071129707
0 0.2323076923076923 0.37499999999999994 0.03692307692307692 0.06171548117154811
0 0.4380769230769231 0.7039748953974895 0.045384615384615384 0.05230125523012552
0 0.17038461538461538 0.5313807531380753 0.04846153846153846 0.0606694560669456
0 0.3861538461538462 0.7913179916317991 0.046153846153846156 0.05125523012552301
0 0.49846153846153846 0.2996861924686192 0.046153846153846156 0.05753138075313807
0 0.4015384615384615 0.48274058577405854 0.04923076923076923 0.06171548117154811
0 0.57 0.3200836820083682 0.043076923076923075 0.048117154811715475
0 0.2542307692307692 0.42154811715481166 0.03769230769230769 0.046025104602510455
0 0.2996153846153846 0.6234309623430961 0.045384615384615384 0.06903765690376569
0 0.23807692307692307 0.7416317991631799 0.040769230769230766 0.048117154811715475
0 0.3638461538461538 0.30700836820083677 0.06 0.055439330543933046
0 0.26692307692307693 0.35198744769874474 0.043076923076923075 0.06589958158995815
0 0.49653846153846154 0.5747907949790795 0.03923076923076923 0.05334728033472803
0 0.4819230769230769 0.6171548117154811 0.03769230769230769 0.05230125523012552
0 0.7865384615384615 0.42520920502092047 0.05153846153846154 0.06799163179916318
0 0.26346153846153847 0.5360878661087866 0.04384615384615385 0.06799163179916318
0 0.4542307692307692 0.2871338912133891 0.04384615384615385 0.04707112970711297
0 0.40615384615384614 0.7505230125523011 0.05076923076923077 0.07217573221757322
0 0.8669230769230769 0.4278242677824267 0.043076923076923075 0.0711297071129707
0 0.6219230769230769 0.3179916317991632 0.03769230769230769 0.04184100418410042
0 0.17846153846153845 0.6903765690376569 0.04923076923076923 0.048117154811715475
0 0.4026923076923077 0.6799163179916318 0.045384615384615384 0.05857740585774058
0 0.8192307692307692 0.46391213389121333 0.04461538461538461 0.05753138075313807
0 0.578076923076923 0.5392259414225941 0.05307692307692308 0.055439330543933046
0 0.09384615384615384 0.31746861924686187 0.05692307692307692 0.07635983263598325
