0 0.44625000000000004 0.6166666666666667 0.02 0.060000000000000005
0 0.1696875 0.4675 0.018125 0.06833333333333334
0 0.41000000000000003 0.7375 0.02 0.055
0 0.3353125 0.5858333333333333 0.018125 0.05166666666666667
0 0.508125 0.20083333333333334 0.0225 0.055
0 0.25906250000000003 0.6008333333333333 0.024375 0.05166666666666667
0 0.3078125 0.5966666666666667 0.019375 0.04
0 0.4525 0.43333333333333335 0.0225 0.04666666666666667
0 0.3478125 0.42333333333333334 0.023125 0.060000000000000005
0 0.13593750000000002 0.54 0.021875000000000002 0.04
0 0.496875 0.6208333333333333 0.0175 0.045000000000000005
0 0.1340625 0.49000000000000005 0.020625 0.05333333333333334
0 0.393125 0.7125 0.0175 0.058333333333333334
0 0.4284375 0.3591666666666667 0.019375 0.06166666666666667
0 0.485 0.18583333333333335 0.01875 0.06166666666666667
0 0.2571875 0.1975 0.020625 0.04166666666666667
0 0.2246875 0.24750000000000003 0.016875 0.04166666666666667
0 0.3071875 0.35333333333333333 0.016875 0.043333333333333335
