0 0.586 0.8190000000000001 0.088 0.098
0 0.22 0.5680000000000001 0.084 0.116
0 0.47300000000000003 0.602 0.114 0.112
0 0.41400000000000003 0.276 0.092 0.1
0 0.096 0.082 0.088 0.076
0 0.526 0.20700000000000002 0.10400000000000001 0.122
0 0.212 0.20500000000000002 0.068 0.094
0 0.198 0.676 0.07200000000000001 0.076
0 0.9470000000000001 0.88 0.098 0.092
0 0.811 0.604 0.094 0.096
0 0.851 0.781 0.10200000000000001 0.082
0 0.767 0.459 0.094 0.098
0 0.14100000000000001 0.483 0.066 0.082
0 0.218 0.085 0.08 0.074
0 0.669 0.715 0.11 0.114
0 0.803 0.147 0.11 0.11800000000000001
0 0.685 0.81 0.10200000000000001 0.088
0 0.889 0.719 0.094 0.094
0 0.458 0.117 0.116 0.11800000000000001
0 0.062 0.489 0.1 0.098
0 0.309 0.101 0.114 0.094
0 0.37 0.8320000000000001 0.08 0.096
0 0.461 0.8150000000000001 0.11 0.13
