0 0.21630859375 0.7742316784869976 0.1083984375 0.13238770685579196
0 0.9658203125 0.5762411347517731 0.056640625 0.09101654846335697
0 0.8515625 0.6607565011820331 0.091796875 0.1182033096926714
0 0.86669921875 0.7783687943262411 0.0869140625 0.10520094562647754
0 0.61328125 0.6152482269503546 0.078125 0.13120567375886524
0 0.775390625 0.5933806146572104 0.095703125 0.1016548463356974
0 0.4775390625 0.491725768321513 0.10546875 0.12529550827423167
0 0.38671875 0.46808510638297873 0.1015625 0.13002364066193853
0 0.59814453125 0.48404255319148937 0.1005859375 0.1193853427895981
0 0.69921875 0.776595744680851 0.078125 0.05673758865248227
0 0.62646484375 0.8351063829787234 0.0771484375 0.10047281323877068
0 0.68798828125 0.8351063829787234 0.0615234375 0.06264775413711583
0 0.48583984375 0.9343971631205673 0.1220703125 0.12174940898345153
0 0.52685546875 0.5898345153664303 0.1123046875 0.13002364066193853
0 0.349609375 0.8445626477541371 0.107421875 0.12647754137115838
