0 0.5371428571428571 0.4088983050847458 0.09142857142857143 0.17372881355932204
0 0.29714285714285715 0.09957627118644068 0.08571428571428572 0.13135593220338984
0 0.20285714285714285 0.896186440677966 0.08571428571428572 0.13135593220338984
0 0.09428571428571429 0.5021186440677966 0.08571428571428572 0.13135593220338984
0 0.24285714285714285 0.19703389830508475 0.08571428571428572 0.13135593220338984
0 0.06 0.8453389830508474 0.08571428571428572 0.13135593220338984
0 0.2914285714285714 0.3199152542372881 0.08571428571428572 0.13135593220338984
0 0.10285714285714286 0.2860169491525424 0.08571428571428572 0.13135593220338984
0 0.08 0.663135593220339 0.08571428571428572 0.13135593220338984
0 0.30857142857142855 0.5529661016949152 0.08571428571428572 0.13135593220338984
0 0.23714285714285716 0.4300847457627119 0.08571428571428572 0.13135593220338984
0 0.3342857142857143 0.2097457627118644 0.08571428571428572 0.13135593220338984
0 0.64 0.4173728813559322 0.08571428571428572 0.13135593220338984
0 0.20285714285714285 0.3072033898305085 0.08571428571428572 0.13135593220338984
