0 0.6422077922077922 0.3338815789473684 0.06623376623376623 0.08552631578947367
0 0.38961038961038963 0.12746710526315788 0.05974025974025974 0.06085526315789473
0 0.551948051948052 0.3881578947368421 0.07272727272727272 0.09210526315789473
0 0.3948051948051948 0.4514802631578947 0.06233766233766234 0.09375
0 0.44025974025974024 0.2475328947368421 0.06233766233766234 0.0805921052631579
0 0.2772727272727273 0.3001644736842105 0.053246753246753244 0.09375
0 0.4753246753246753 0.37664473684210525 0.07792207792207792 0.08881578947368421
0 0.4967532467532468 0.13980263157894737 0.06363636363636363 0.09210526315789473
0 0.4948051948051948 0.0649671052631579 0.06233766233766234 0.05427631578947368
0 0.33896103896103896 0.31743421052631576 0.07272727272727272 0.08881578947368421
