0 0.4305381727158949 0.5755064456721916 0.04005006257822278 0.06813996316758748
0 0.493116395494368 0.39226519337016574 0.05506883604505632 0.07366482504604052
0 0.8823529411764706 0.856353591160221 0.06007509386733417 0.08103130755064457
0 0.8692115143929913 0.779926335174954 0.061326658322903634 0.08287292817679558
0 0.5037546933667084 0.6169429097605893 0.05131414267834793 0.06629834254143646
0 0.8848560700876096 0.47421731123388583 0.06508135168961202 0.10128913443830571
0 0.3854818523153943 0.5488029465930019 0.0425531914893617 0.06998158379373849
0 0.46808510638297873 0.5865561694290976 0.04005006257822278 0.06813996316758748
0 0.795369211514393 0.5101289134438306 0.06382978723404255 0.09208103130755065
0 0.493116395494368 0.30755064456721914 0.05506883604505632 0.07366482504604052
0 0.8397997496871089 0.4300184162062615 0.06508135168961202 0.10128913443830571
0 0.8379224030037548 0.7044198895027625 0.07634543178973717 0.10497237569060774
0 0.7684605757196495 0.43738489871086556 0.06508135168961202 0.10128913443830571
0 0.937421777221527 0.421731123388582 0.06508135168961202 0.09208103130755065
0 0.6257822277847309 0.5101289134438306 0.057571964956195244 0.08103130755064457
