0 0.6472727272727272 0.2920886075949367 0.08 0.04746835443037975
0 0.25545454545454543 0.6667721518987342 0.1 0.07278481012658228
0 0.3013636363636364 0.06518987341772152 0.09363636363636364 0.05822784810126582
0 0.19954545454545455 0.5613924050632911 0.08636363636363636 0.05949367088607595
0 0.19636363636363635 0.739873417721519 0.10545454545454545 0.07468354430379746
0 0.6909090909090909 0.4759493670886076 0.08181818181818182 0.05063291139240506
0 0.3859090909090909 0.9537974683544304 0.13363636363636364 0.08734177215189874
0 0.7231818181818181 0.32151898734177214 0.06818181818181818 0.05063291139240506
0 0.5327272727272727 0.31740506329113927 0.08 0.05759493670886076
0 0.4904545454545455 0.8436708860759494 0.09363636363636364 0.0759493670886076
0 0.7086363636363636 0.525 0.07727272727272727 0.0639240506329114
0 0.10636363636363637 0.15632911392405063 0.06181818181818182 0.043037974683544304
0 0.10863636363636364 0.6623417721518987 0.09545454545454546 0.04746835443037975
0 0.095 0.5996835443037974 0.07363636363636364 0.048734177215189876
0 0.36863636363636365 0.699367088607595 0.07181818181818182 0.0379746835443038
0 0.28454545454545455 0.2240506329113924 0.08363636363636363 0.06329113924050633
0 0.4022727272727273 0.08259493670886076 0.09181818181818181 0.05
0 0.36954545454545457 0.03354430379746835 0.10272727272727272 0.06329113924050633
0 0.10363636363636364 0.7810126582278482 0.10727272727272727 0.07974683544303797
