0 0.13625 0.3877777777777778 0.04083333333333333 0.04666666666666667
0 0.22125 0.43277777777777776 0.0275 0.04555555555555556
0 0.18541666666666667 0.7133333333333334 0.04583333333333334 0.06444444444444444
0 0.1679166666666667 0.47944444444444445 0.04416666666666667 0.03666666666666667
0 0.13458333333333333 0.4583333333333333 0.04583333333333334 0.058888888888888886
0 0.15625 0.7766666666666666 0.0425 0.06666666666666667
0 0.18958333333333335 0.43944444444444447 0.04416666666666667 0.056666666666666664
0 0.22541666666666668 0.6766666666666666 0.05583333333333334 0.06222222222222222
0 0.21833333333333335 0.3877777777777778 0.035 0.04666666666666667
0 0.2316666666666667 0.7372222222222222 0.05 0.058888888888888886
0 0.10750000000000001 0.4711111111111111 0.035 0.044444444444444446
0 0.13875 0.7405555555555555 0.0325 0.03888888888888889
0 0.19041666666666668 0.38222222222222224 0.030833333333333334 0.04888888888888889
0 0.13375 0.6872222222222222 0.050833333333333335 0.06777777777777778
0 0.19208333333333336 0.7794444444444445 0.05416666666666667 0.07222222222222222
0 0.17375000000000002 0.4033333333333333 0.037500000000000006 0.042222222222222223
0 0.19291666666666668 0.6477777777777778 0.0475 0.06222222222222222
