0 0.661875 0.4008333333333334 0.03875 0.058333333333333334
0 0.60375 0.41500000000000004 0.05 0.05333333333333334
0 0.669375 0.02666666666666667 0.03875 0.043333333333333335
0 0.51625 0.01916666666666667 0.04 0.035
0 0.9400000000000001 0.4766666666666667 0.0775 0.09333333333333334
0 0.623125 0.21333333333333335 0.06125 0.08333333333333334
0 0.900625 0.07500000000000001 0.03125 0.03333333333333333
0 0.521875 0.39416666666666667 0.04625 0.06166666666666667
0 0.8150000000000001 0.15333333333333335 0.05 0.06666666666666667
0 0.66625 0.3116666666666667 0.0525 0.05333333333333334
0 0.755 0.34833333333333333 0.0425 0.06666666666666667
0 0.5675 0.060833333333333336 0.035 0.04833333333333334
0 0.708125 0.23750000000000002 0.04875 0.06166666666666667
0 0.691875 0.15166666666666667 0.043750000000000004 0.060000000000000005
0 0.844375 0.2841666666666667 0.04875 0.04833333333333334
