0 0.32592592592592595 0.32407407407407407 0.22962962962962963 0.20740740740740743
0 0.750925925925926 0.13703703703703704 0.18333333333333335 0.17407407407407408
0 0.24074074074074076 0.43703703703703706 0.2 0.2111111111111111
0 0.8074074074074075 0.6898148148148149 0.22222222222222224 0.19444444444444445
0 0.8324074074074075 0.7981481481481482 0.18333333333333335 0.15925925925925927
0 0.08981481481481482 0.19166666666666668 0.15 0.08333333333333334
0 0.06666666666666667 0.8 0.12962962962962962 0.21851851851851853
0 0.7101851851851853 0.5268518518518519 0.22777777777777777 0.19074074074074074
0 0.9287037037037037 0.4398148148148148 0.1388888888888889 0.16481481481481483
0 0.6416666666666667 0.35555555555555557 0.17962962962962964 0.16296296296296298
0 0.8324074074074075 0.24166666666666667 0.17222222222222222 0.16111111111111112
