0 0.02872340425531915 0.17956852791878172 0.05319148936170213 0.0748730964467005
0 0.039361702127659576 0.8140862944162436 0.04468085106382979 0.07233502538071065
0 0.14680851063829786 0.3375634517766497 0.05319148936170213 0.04568527918781726
0 0.026595744680851064 0.41370558375634514 0.04468085106382979 0.05837563451776649
0 0.22446808510638297 0.575507614213198 0.04042553191489362 0.06472081218274112
0 0.3840425531914894 0.5564720812182741 0.03404255319148936 0.05710659898477157
0 0.08882978723404256 0.8318527918781725 0.04574468085106383 0.06979695431472081
0 0.2765957446808511 0.49302030456852786 0.05106382978723405 0.06218274111675126
0 0.21382978723404256 0.4181472081218274 0.04680851063829787 0.05710659898477157
0 0.1345744680851064 0.41878172588832485 0.05 0.055837563451776644
0 0.17819148936170212 0.5609137055837563 0.04148936170212766 0.048223350253807105
0 0.1675531914893617 0.2728426395939086 0.06914893617021277 0.08375634517766496
0 0.33882978723404256 0.5780456852791878 0.06063829787234043 0.08502538071065989
0 0.06063829787234043 0.732233502538071 0.0574468085106383 0.06598984771573603
0 0.14361702127659576 0.8032994923857867 0.04042553191489362 0.06598984771573603
0 0.30638297872340425 0.6998730964467005 0.06170212765957447 0.06979695431472081
