0 0.2742857142857143 0.8051391862955033 0.08285714285714285 0.11563169164882228
0 0.7964285714285714 0.6434689507494648 0.13285714285714287 0.18201284796573877
0 0.29928571428571427 0.1745182012847966 0.08714285714285715 0.139186295503212
0 0.25785714285714284 0.5289079229122056 0.09285714285714286 0.15845824411134904
0 0.765 0.7880085653104926 0.10714285714285714 0.1498929336188437
0 0.7171428571428572 0.1734475374732334 0.05714285714285714 0.1284796573875803
0 0.33214285714285713 0.39614561027837264 0.09 0.11991434689507495
0 0.11 0.14239828693790152 0.08571428571428572 0.10920770877944326
0 0.6435714285714286 0.5321199143468951 0.12142857142857143 0.18201284796573877
0 0.81 0.14775160599571735 0.11428571428571428 0.17130620985010708
0 0.18785714285714286 0.5653104925053534 0.08142857142857143 0.12419700214132763
0 0.685 0.367237687366167 0.09857142857142857 0.16488222698072805
0 0.5135714285714286 0.2537473233404711 0.09285714285714286 0.1734475374732334
0 0.4471428571428571 0.9025695931477516 0.09428571428571429 0.14775160599571735
0 0.3142857142857143 0.6905781584582441 0.11428571428571428 0.18629550321199145
0 0.14 0.4668094218415418 0.10285714285714286 0.14561027837259102
0 0.79 0.40256959314775165 0.10571428571428572 0.17130620985010708
0 0.4307142857142857 0.7119914346895075 0.12428571428571429 0.19914346895074947
0 0.21142857142857144 0.16167023554603854 0.10571428571428572 0.1605995717344754
0 0.4828571428571429 0.45610278372591007 0.10571428571428572 0.16274089935760172
0 0.5464285714285714 0.5685224839400429 0.07285714285714286 0.14775160599571735
0 0.5914285714285714 0.4453961456102784 0.08285714285714285 0.1284796573875803
0 0.3692857142857143 0.11563169164882228 0.07571428571428572 0.1284796573875803
0 0.6514285714285715 0.11670235546038545 0.08571428571428572 0.14775160599571735
0 0.26 0.31049250535331907 0.08 0.14132762312633834
0 0.5264285714285715 0.6873661670235547 0.07857142857142857 0.1498929336188437
0 0.7435714285714285 0.4860813704496788 0.10428571428571429 0.10706638115631692
0 0.6171428571428571 0.6434689507494648 0.10857142857142857 0.1734475374732334
0 0.14357142857142857 0.7612419700214134 0.12142857142857143 0.18629550321199145
0 0.8635714285714285 0.28586723768736616 0.10142857142857142 0.1777301927194861
0 0.19285714285714287 0.31156316916488225 0.07714285714285714 0.14775160599571735
0 0.3557142857142857 0.49250535331905787 0.10285714285714286 0.16274089935760172
0 0.58 0.1873661670235546 0.07714285714285714 0.11777301927194861
