0 0.54921875 0.7826388888888889 0.037500000000000006 0.05694444444444444
0 0.6195312500000001 0.48541666666666666 0.0546875 0.09583333333333334
0 0.12617187500000002 0.225 0.032031250000000004 0.061111111111111116
0 0.63671875 0.90625 0.029687500000000002 0.04861111111111111
0 0.599609375 0.8493055555555555 0.025781250000000002 0.043055555555555555
0 0.21484375 0.4569444444444445 0.026562500000000003 0.04722222222222222
0 0.466796875 0.19930555555555557 0.07578125000000001 0.18194444444444446
0 0.257421875 0.35347222222222224 0.030468750000000003 0.059722222222222225
0 0.15585937500000002 0.21458333333333335 0.03359375 0.051388888888888894
0 0.30390625000000004 0.5236111111111111 0.034375 0.058333333333333334
0 0.52109375 0.25069444444444444 0.0484375 0.05694444444444444
0 0.039843750000000004 0.19305555555555556 0.037500000000000006 0.058333333333333334
0 0.583203125 0.46875 0.022656250000000003 0.051388888888888894
0 0.233203125 0.2951388888888889 0.047656250000000004 0.08194444444444444
0 0.47304687500000003 0.16111111111111112 0.06484375 0.10833333333333334
0 0.542578125 0.5229166666666667 0.032031250000000004 0.05416666666666667
0 0.09375 0.19861111111111113 0.029687500000000002 0.04722222222222222
