0 0.244375 0.7195121951219512 0.12875 0.13696060037523453
0 0.28875 0.42401500938086306 0.17 0.2626641651031895
0 0.255 0.9155722326454033 0.15 0.16135084427767354
0 0.6275000000000001 0.5140712945590994 0.17250000000000001 0.26641651031894936
0 0.925 0.8949343339587242 0.14 0.18386491557223264
0 0.45437500000000003 0.5356472795497186 0.17375000000000002 0.28330206378986866
0 0.53125 0.15572232645403378 0.155 0.23639774859287055
0 0.73875 0.5619136960600375 0.14250000000000002 0.23827392120075047
0 0.409375 0.8264540337711069 0.08875 0.18574108818011256
0 0.8075 0.9277673545966229 0.155 0.13696060037523453
0 0.75 0.3527204502814259 0.1625 0.22138836772983114
