0 0.8850957535387177 0.27973568281938327 0.03164029975020816 0.03964757709251101
0 0.6427976686094921 0.1960352422907489 0.03330557868442964 0.057268722466960346
0 0.8413821815154039 0.4897209985315712 0.027477102414654456 0.0513950073421439
0 0.4475437135720233 0.060939794419970626 0.03413821815154038 0.06607929515418502
0 0.7785179017485429 0.3986784140969163 0.02997502081598668 0.0513950073421439
0 0.3009991673605329 0.42143906020558003 0.029142381348875937 0.05580029368575624
0 0.7714404662781016 0.474302496328928 0.03080766028309742 0.049926578560939794
0 0.32306411323896755 0.23201174743024963 0.02997502081598668 0.05873715124816446
0 0.41756869275603664 0.4052863436123348 0.029142381348875937 0.05873715124816446
0 0.9271440466278101 0.7408223201174743 0.02414654454621149 0.04845814977973568
0 0.7485428809325563 0.12261380323054331 0.028309741881765195 0.05433186490455213
