0 0.7540123456790123 0.22962962962962963 0.16234567901234567 0.20370370370370372
0 0.23981481481481481 0.950925925925926 0.09938271604938272 0.08518518518518518
0 0.056172839506172835 0.9365740740740741 0.09135802469135802 0.11944444444444445
0 0.7108024691358025 0.40231481481481485 0.1339506172839506 0.19351851851851853
0 0.5765432098765432 0.5666666666666667 0.12098765432098765 0.1814814814814815
0 0.3098765432098765 0.712037037037037 0.1111111111111111 0.1962962962962963
0 0.5453703703703704 0.7199074074074074 0.11790123456790123 0.16944444444444445
0 0.671604938271605 0.2351851851851852 0.11481481481481481 0.17962962962962964
0 0.6462962962962963 0.6699074074074074 0.10246913580246914 0.15092592592592594
0 0.5302469135802469 0.4115740740740741 0.12098765432098765 0.18425925925925926
0 0.14722222222222223 0.9013888888888889 0.12777777777777777 0.18055555555555555
