0 0.972 0.9625187406296851 0.05 0.07496251874062969
0 0.5195 0.5014992503748126 0.097 0.12143928035982009
0 0.768 0.9362818590704647 0.082 0.0704647676161919
0 0.894 0.8275862068965517 0.054 0.07796101949025487
0 0.8230000000000001 0.10044977511244378 0.10400000000000001 0.15292353823088456
0 0.5585 0.9527736131934033 0.051000000000000004 0.06746626686656672
0 0.9615 0.9122938530734632 0.069 0.09745127436281859
0 0.5125 0.9617691154422788 0.077 0.07346326836581708
0 0.6355000000000001 0.3733133433283358 0.089 0.1409295352323838
0 0.798 0.8973013493253373 0.064 0.08245877061469264
