0 0.09814814814814815 0.5555555555555556 0.07777777777777778 0.0962962962962963
0 0.5814814814814815 0.4537037037037037 0.0962962962962963 0.0925925925925926
0 0.29074074074074074 0.662962962962963 0.11111111111111112 0.11481481481481481
0 0.41481481481481486 0.5453703703703704 0.0925925925925926 0.10185185185185186
0 0.8898148148148148 0.46296296296296297 0.07592592592592592 0.0925925925925926
0 0.7555555555555555 0.5435185185185185 0.11481481481481481 0.10555555555555556
0 0.7361111111111112 0.6509259259259259 0.07592592592592592 0.09814814814814815
0 0.2175925925925926 0.6675925925925926 0.06481481481481481 0.10185185185185186
0 0.2 0.4277777777777778 0.11481481481481481 0.11481481481481481
0 0.812962962962963 0.45833333333333337 0.1 0.09814814814814815
0 0.4851851851851852 0.4240740740740741 0.08888888888888889 0.1
0 0.8194444444444445 0.5583333333333333 0.06481481481481481 0.09074074074074075
0 0.3194444444444445 0.5611111111111111 0.09444444444444444 0.0962962962962963
0 0.5638888888888889 0.5240740740740741 0.09444444444444444 0.0962962962962963
0 0.17500000000000002 0.5666666666666667 0.10925925925925926 0.1
0 0.6703703703703704 0.6564814814814816 0.10370370370370371 0.10925925925925926
