0 0.10367647058823529 0.6450980392156863 0.18676470588235294 0.27058823529411763
0 0.8397058823529412 0.5970588235294118 0.22352941176470587 0.29215686274509806
0 0.7926470588235294 0.040196078431372545 0.18235294117647058 0.07647058823529412
0 0.7823529411764706 0.1980392156862745 0.2411764705882353 0.32941176470588235
0 0.6279411764705882 0.8068627450980392 0.22058823529411764 0.30392156862745096
0 0.6073529411764705 0.10588235294117647 0.21470588235294116 0.20784313725490194
0 0.1 0.37745098039215685 0.17352941176470588 0.2607843137254902
0 0.3161764705882353 0.18529411764705883 0.16176470588235295 0.27647058823529413
0 0.28602941176470587 0.5058823529411764 0.1838235294117647 0.1803921568627451
0 0.20294117647058824 0.3127450980392157 0.22941176470588234 0.296078431372549
0 0.8161764705882353 0.8627450980392157 0.20588235294117646 0.2549019607843137
0 0.2 0.8813725490196078 0.20294117647058824 0.22941176470588234
0 0.41102941176470587 0.8578431372549019 0.22794117647058823 0.2607843137254902
0 0.6441176470588236 0.4803921568627451 0.20294117647058824 0.28627450980392155
0 0.46102941176470585 0.41274509803921566 0.18676470588235294 0.20588235294117646
0 0.2639705882352941 0.7009803921568627 0.23088235294117646 0.29215686274509806
0 0.075 0.11862745098039215 0.14705882352941177 0.23333333333333334
0 0.8926470588235293 0.3941176470588235 0.20588235294117646 0.2588235294117647
0 0.4698529411764706 0.2 0.21323529411764705 0.3137254901960784
0 0.5411764705882353 0.6215686274509804 0.21176470588235294 0.29411764705882354
