0 0.44370860927152317 0.6096256684491979 0.3090507726269316 0.3796791443850267
0 0.2814569536423841 0.37433155080213903 0.2671081677704194 0.29411764705882354
0 0.7924944812362031 0.6056149732620321 0.30022075055187636 0.3716577540106952
0 0.9249448123620309 0.1283422459893048 0.1456953642384106 0.25133689839572193
0 0.5695364238410596 0.35561497326203206 0.282560706401766 0.3315508021390374
0 0.8874172185430463 0.8622994652406417 0.2251655629139073 0.25401069518716574
0 0.25055187637969095 0.872994652406417 0.30242825607064017 0.23796791443850265
0 0.06512141280353201 0.38235294117647056 0.12582781456953643 0.3315508021390374
0 0.7019867549668874 0.14037433155080212 0.22958057395143489 0.27540106951871657
0 0.12472406181015452 0.6524064171122994 0.23178807947019867 0.2887700534759358
0 0.5938189845474614 0.8502673796791443 0.3090507726269316 0.2727272727272727
0 0.8807947019867549 0.3676470588235294 0.23841059602649006 0.29679144385026734
0 0.4083885209713024 0.1657754010695187 0.24282560706401765 0.2834224598930481
0 0.17218543046357615 0.1497326203208556 0.22958057395143489 0.267379679144385
