0 0.5986666666666667 0.9072463768115943 0.23199999999999998 0.1855072463768116
0 0.09533333333333333 0.9347826086956522 0.188 0.13043478260869565
0 0.388 0.9072463768115943 0.23199999999999998 0.1855072463768116
0 0.3473333333333333 0.12318840579710146 0.18533333333333332 0.1826086956521739
0 0.652 0.16884057971014493 0.21333333333333332 0.20724637681159422
0 0.4646666666666667 0.26594202898550723 0.20666666666666667 0.22753623188405797
0 0.07066666666666667 0.6869565217391305 0.13866666666666666 0.2318840579710145
0 0.8513333333333333 0.1681159420289855 0.18533333333333332 0.2144927536231884
0 0.8306666666666667 0.5543478260869565 0.21866666666666665 0.20724637681159422
0 0.37466666666666665 0.4681159420289855 0.224 0.2463768115942029
0 0.6126666666666667 0.3695652173913044 0.24666666666666665 0.2811594202898551
0 0.18733333333333332 0.07898550724637682 0.20933333333333332 0.15507246376811595
0 0.8233333333333333 0.35434782608695653 0.19066666666666665 0.21014492753623187
0 0.36266666666666664 0.7057971014492753 0.224 0.2463768115942029
0 0.878 0.75 0.23866666666666667 0.24782608695652175
0 0.24466666666666667 0.26014492753623186 0.23866666666666667 0.24202898550724639
0 0.6586666666666666 0.7760869565217391 0.216 0.24202898550724639
0 0.5413333333333333 0.6057971014492753 0.224 0.2463768115942029
0 0.08399999999999999 0.41956521739130437 0.16533333333333333 0.2797101449275362
0 0.188 0.5884057971014492 0.224 0.2463768115942029
0 0.17933333333333332 0.8094202898550725 0.19333333333333333 0.23043478260869565
