0 0.20069444444444445 0.474609375 0.30972222222222223 0.17109375000000002
0 0.08402777777777778 0.385546875 0.16527777777777777 0.17265625
0 0.0951388888888889 0.06328125 0.1875 0.12187500000000001
0 0.53125 0.41132812500000004 0.3263888888888889 0.16796875
0 0.10902777777777778 0.18984375 0.2152777777777778 0.2109375
0 0.19791666666666669 0.905859375 0.3263888888888889 0.17890625000000002
0 0.1486111111111111 0.6761718750000001 0.29444444444444445 0.19296875000000002
0 0.33194444444444443 0.11289062500000001 0.3388888888888889 0.20703125
0 0.6611111111111111 0.05859375 0.2388888888888889 0.109375
0 0.25069444444444444 0.31640625 0.33472222222222225 0.171875
0 0.670138888888889 0.17734375000000002 0.25416666666666665 0.15781250000000002
0 0.9020833333333333 0.055859375 0.19583333333333333 0.11015625000000001
0 0.8340277777777778 0.308203125 0.3236111111111111 0.20546875
0 0.22986111111111113 0.7679687500000001 0.2847222222222222 0.1171875
0 0.6263888888888889 0.58515625 0.3388888888888889 0.203125
0 0.42638888888888893 0.671875 0.2611111111111111 0.184375
0 0.6875 0.7386718750000001 0.30833333333333335 0.17734375000000002
0 0.4861111111111111 0.082421875 0.20833333333333334 0.16328125000000002
0 0.9256944444444445 0.67890625 0.1486111111111111 0.1546875
0 0.8284722222222223 0.9046875000000001 0.3375 0.18125000000000002
0 0.9291666666666667 0.13359375 0.14166666666666666 0.171875
0 0.9013888888888889 0.7816406250000001 0.19722222222222224 0.13515625
0 0.4715277777777778 0.8625 0.3041666666666667 0.1953125
0 0.7722222222222223 0.5078125 0.2777777777777778 0.18281250000000002
0 0.4534722222222222 0.2625 0.2625 0.1453125
