0 0.5859375 0.659765625 0.228125 0.19921875
0 0.2838541666666667 0.38789062500000004 0.31979166666666664 0.23984375000000002
0 0.17135416666666667 0.8812500000000001 0.18020833333333333 0.1390625
0 0.5286458333333334 0.40156250000000004 0.21145833333333333 0.1859375
0 0.084375 0.765234375 0.15833333333333333 0.17109375000000002
0 0.76875 0.8699218750000001 0.1625 0.09609375
0 0.5828125 0.839453125 0.23229166666666667 0.18671875000000002
0 0.11145833333333333 0.22773437500000002 0.22083333333333333 0.28984375
0 0.7885416666666667 0.598046875 0.3375 0.26640625
0 0.6791666666666667 0.19296875000000002 0.5645833333333333 0.38125000000000003
0 0.2546875 0.7332031250000001 0.22395833333333334 0.15703125
0 0.8072916666666666 0.78515625 0.2625 0.1546875
0 0.784375 0.35390625000000003 0.34375 0.2234375
0 0.19114583333333332 0.09062500000000001 0.3385416666666667 0.16562500000000002
