0 0.2791666666666667 0.74875 0.4716666666666667 0.34
0 0.7633333333333334 0.9293750000000001 0.33666666666666667 0.13375
0 0.4633333333333334 0.928125 0.35333333333333333 0.14125000000000001
0 0.3016666666666667 0.155 0.35333333333333333 0.2475
0 0.7658333333333334 0.246875 0.305 0.24125
0 0.5475 0.259375 0.18166666666666667 0.20875
0 0.27416666666666667 0.37875000000000003 0.3616666666666667 0.23500000000000001
0 0.6791666666666667 0.73875 0.3516666666666667 0.2675
0 0.8925000000000001 0.795625 0.19833333333333333 0.23375
0 0.10500000000000001 0.074375 0.2066666666666667 0.14625
0 0.9083333333333334 0.5906250000000001 0.18333333333333335 0.21875
0 0.09083333333333334 0.255 0.17833333333333334 0.2525
0 0.47500000000000003 0.49125 0.47000000000000003 0.3375
0 0.6025 0.08750000000000001 0.3016666666666667 0.17250000000000001
0 0.08833333333333333 0.53 0.17333333333333334 0.255
0 0.8733333333333334 0.090625 0.25 0.17875
0 0.7258333333333333 0.49062500000000003 0.30833333333333335 0.27125
0 0.7150000000000001 0.179375 0.54 0.35625
