0 0.7410156250000001 0.8937499999999999 0.16328125000000002 0.1875
0 0.1015625 0.37864583333333335 0.19843750000000002 0.296875
0 0.555078125 0.8109375 0.18203125 0.19270833333333334
0 0.78046875 0.5015625 0.22187500000000002 0.278125
0 0.41953125 0.8958333333333334 0.1609375 0.2
0 0.9070312500000001 0.15833333333333333 0.134375 0.17083333333333334
0 0.6996093750000001 0.17708333333333334 0.19921875 0.26666666666666666
0 0.125 0.06510416666666667 0.2078125 0.128125
0 0.267578125 0.8395833333333333 0.20546875 0.2875
0 0.234765625 0.575 0.19921875 0.2625
0 0.325 0.365625 0.134375 0.17291666666666666
0 0.810546875 0.06770833333333333 0.16171875000000002 0.13125
0 0.244140625 0.21562499999999998 0.19140625 0.2604166666666667
0 0.07695312500000001 0.5916666666666667 0.14921875 0.225
0 0.24375000000000002 0.4203125 0.140625 0.16145833333333334
0 0.44609375 0.4432291666666667 0.184375 0.221875
0 0.43828125 0.20572916666666666 0.209375 0.2739583333333333
0 0.822265625 0.24583333333333332 0.18359375 0.2520833333333333
0 0.40703125 0.6390625 0.15156250000000002 0.20729166666666665
0 0.8859375 0.7911458333333333 0.1703125 0.21354166666666666
0 0.5496093750000001 0.6130208333333333 0.19609375 0.2760416666666667
0 0.10820312500000001 0.8114583333333333 0.16953125000000002 0.24166666666666667
0 0.095703125 0.19322916666666667 0.13203125000000002 0.15104166666666666
0 0.5164062500000001 0.08177083333333333 0.17500000000000002 0.15520833333333334
0 0.7140625 0.6927083333333334 0.184375 0.23958333333333334
0 0.6140625000000001 0.3723958333333333 0.1859375 0.25104166666666666
0 0.8914062500000001 0.5875 0.15000000000000002 0.24166666666666667
