0 0.42583333333333334 0.19972826086956522 0.155 0.328804347826087
0 0.22416666666666668 0.8926630434782609 0.26166666666666666 0.1983695652173913
0 0.9133333333333334 0.14130434782608695 0.16666666666666669 0.27717391304347827
0 0.09166666666666667 0.1875 0.18000000000000002 0.3695652173913043
0 0.6491666666666667 0.6304347826086957 0.165 0.3804347826086956
0 0.8750000000000001 0.5543478260869565 0.24333333333333335 0.4076086956521739
0 0.2625 0.19157608695652173 0.17500000000000002 0.26902173913043476
0 0.30250000000000005 0.7540760869565217 0.18500000000000003 0.33967391304347827
0 0.11166666666666668 0.6413043478260869 0.21666666666666667 0.45652173913043476
0 0.29250000000000004 0.40625 0.23833333333333334 0.37228260869565216
0 0.7758333333333334 0.8519021739130435 0.275 0.296195652173913
0 0.5975 0.2391304347826087 0.27166666666666667 0.40217391304347827
0 0.5016666666666667 0.8885869565217391 0.24000000000000002 0.20108695652173914
0 0.7558333333333334 0.3858695652173913 0.18833333333333335 0.3695652173913043
0 0.4633333333333334 0.5828804347826086 0.26 0.4429347826086956
