0 0.146875 0.16 0.28375 0.3090909090909091
0 0.95625 0.730909090909091 0.085 0.36727272727272725
0 0.199375 0.8681818181818182 0.31375000000000003 0.24181818181818182
0 0.61125 0.3836363636363636 0.315 0.4290909090909091
0 0.49562500000000004 0.7418181818181818 0.29625 0.4109090909090909
0 0.89125 0.13545454545454547 0.2175 0.2672727272727273
0 0.874375 0.43454545454545457 0.22125 0.38181818181818183
0 0.214375 0.5781818181818181 0.32375 0.5054545454545455
0 0.39937500000000004 0.16545454545454547 0.24375 0.3236363636363636
0 0.694375 0.1190909090909091 0.32375 0.22363636363636363
0 0.808125 0.7736363636363637 0.33125 0.4309090909090909
