0 0.5464285714285715 0.6904761904761905 0.15000000000000002 0.2
0 0.8952380952380953 0.2920634920634921 0.1285714285714286 0.17142857142857143
0 0.37023809523809526 0.31587301587301586 0.14047619047619048 0.1619047619047619
0 0.06904761904761905 0.2634920634920635 0.13333333333333336 0.17777777777777778
0 0.7392857142857143 0.2571428571428571 0.11190476190476191 0.14603174603174604
0 0.936904761904762 0.8571428571428571 0.12619047619047621 0.17777777777777778
0 0.27261904761904765 0.7571428571428571 0.15000000000000002 0.2
0 0.8142857142857144 0.6253968253968254 0.14761904761904762 0.17777777777777778
0 0.42500000000000004 0.9507936507936507 0.15952380952380954 0.09841269841269841
0 0.8785714285714287 0.7317460317460317 0.14285714285714288 0.18095238095238095
0 0.686904761904762 0.665079365079365 0.15000000000000002 0.2
0 0.6226190476190476 0.24285714285714285 0.11666666666666668 0.1619047619047619
0 0.49880952380952387 0.2650793650793651 0.11666666666666668 0.1619047619047619
0 0.4202380952380953 0.5904761904761905 0.13571428571428573 0.11428571428571428
0 0.18333333333333335 0.5095238095238095 0.14761904761904762 0.2126984126984127
0 0.13571428571428573 0.6936507936507936 0.1380952380952381 0.1746031746031746
0 0.28690476190476194 0.6126984126984127 0.13095238095238096 0.12063492063492064
0 0.830952380952381 0.9 0.14285714285714288 0.18095238095238095
0 0.5869047619047619 0.3968253968253968 0.12619047619047621 0.17142857142857143
0 0.20476190476190478 0.2650793650793651 0.12380952380952381 0.15555555555555556
0 0.05476190476190477 0.5190476190476191 0.10476190476190478 0.2126984126984127
0 0.5702380952380953 0.9365079365079365 0.15000000000000002 0.12698412698412698
0 0.9535714285714286 0.4650793650793651 0.09285714285714286 0.16825396825396827
0 0.7107142857142857 0.9222222222222223 0.15000000000000002 0.15555555555555556
0 0.46547619047619054 0.4380952380952381 0.12619047619047621 0.17142857142857143
0 0.861904761904762 0.4603174603174603 0.1285714285714286 0.17142857142857143
0 0.705952380952381 0.4095238095238095 0.11190476190476191 0.14603174603174604
0 0.4130952380952381 0.719047619047619 0.15000000000000002 0.2
0 0.6702380952380953 0.5349206349206349 0.13571428571428573 0.14285714285714285
0 0.5464285714285715 0.5444444444444444 0.13571428571428573 0.14285714285714285
