0 0.8640845070422536 0.6795112781954887 0.07464788732394366 0.09586466165413533
0 0.26690140845070426 0.5573308270676691 0.07464788732394366 0.05451127819548872
0 0.8316901408450704 0.7744360902255638 0.08873239436619719 0.10150375939849623
0 0.726056338028169 0.6701127819548872 0.07464788732394366 0.09586466165413533
0 0.03028169014084507 0.7612781954887218 0.05774647887323944 0.06015037593984962
0 0.7485915492957746 0.7471804511278195 0.07464788732394366 0.09586466165413533
0 0.6309859154929578 0.7828947368421052 0.07605633802816902 0.09586466165413533
0 0.3147887323943662 0.5234962406015037 0.06901408450704226 0.06954887218045112
0 0.6183098591549296 0.6428571428571428 0.07042253521126761 0.08270676691729323
0 0.053521126760563385 0.6842105263157894 0.07042253521126761 0.08270676691729323
0 0.8908450704225352 0.8233082706766917 0.08873239436619719 0.10150375939849623
0 0.04366197183098592 0.5291353383458647 0.053521126760563385 0.06578947368421052
0 0.7809859154929578 0.894736842105263 0.08873239436619719 0.10150375939849623
0 0.02323943661971831 0.5874060150375939 0.04366197183098592 0.06954887218045112
0 0.05774647887323944 0.6118421052631579 0.04507042253521127 0.05827067669172932
0 0.37464788732394366 0.6484962406015037 0.07323943661971831 0.07894736842105263
0 0.24084507042253522 0.7659774436090225 0.07323943661971831 0.06578947368421052
0 0.6971830985915494 0.5911654135338346 0.06760563380281691 0.08082706766917293
0 0.23732394366197185 0.6804511278195489 0.07183098591549296 0.09774436090225563
0 0.9471830985915494 0.32612781954887216 0.05774647887323944 0.06578947368421052
0 0.6309859154929578 0.7866541353383458 0.07605633802816902 0.09586466165413533
0 0.34929577464788736 0.5977443609022556 0.07323943661971831 0.07894736842105263
0 0.828169014084507 0.606203007518797 0.07042253521126761 0.05827067669172932
0 0.5014084507042254 0.7951127819548872 0.07042253521126761 0.08270676691729323
0 0.797887323943662 0.6588345864661653 0.07464788732394366 0.09586466165413533
0 0.18309859154929578 0.6015037593984962 0.06760563380281691 0.09398496240601503
0 0.7232394366197183 0.8308270676691729 0.08873239436619719 0.10150375939849623
0 0.0323943661971831 0.7650375939849624 0.05915492957746479 0.06015037593984962
0 0.21126760563380284 0.5263157894736842 0.06760563380281691 0.09398496240601503
0 0.30492957746478877 0.7039473684210525 0.08309859154929577 0.09586466165413533
0 0.7352112676056338 0.6174812030075187 0.07042253521126761 0.05827067669172932
0 0.38732394366197187 0.5507518796992481 0.07323943661971831 0.07894736842105263
0 0.27253521126760566 0.49248120300751874 0.06338028169014084 0.07518796992481203
0 0.6549295774647887 0.8637218045112781 0.06760563380281691 0.08082706766917293
0 0.12816901408450704 0.6766917293233082 0.07887323943661972 0.10150375939849623
0 0.1795774647887324 0.7283834586466165 0.07183098591549296 0.09210526315789473
0 0.09788732394366198 0.731203007518797 0.08028169014084507 0.06390977443609022
0 0.676056338028169 0.6907894736842105 0.06760563380281691 0.08082706766917293
0 0.5380281690140846 0.6466165413533834 0.07042253521126761 0.08270676691729323
0 0.09788732394366198 0.5620300751879699 0.06619718309859156 0.06390977443609022
0 0.24859154929577465 0.6080827067669172 0.06901408450704226 0.06954887218045112
0 0.6971830985915494 0.9135338345864661 0.09014084507042254 0.10150375939849623
0 0.5704225352112676 0.8355263157894737 0.09577464788732395 0.10714285714285714
0 0.6309859154929578 0.5827067669172932 0.07042253521126761 0.08270676691729323
0 0.9246478873239438 0.7340225563909774 0.054929577464788736 0.07330827067669173
0 0.547887323943662 0.7236842105263157 0.07042253521126761 0.08270676691729323
