0 0.10091145833333333 0.11979166666666666 0.19140625 0.18489583333333331
0 0.8717447916666666 0.7630208333333333 0.24609375 0.22916666666666666
0 0.248046875 0.6484375 0.20182291666666666 0.19791666666666666
0 0.7369791666666666 0.798828125 0.19270833333333331 0.20703125
0 0.18294270833333331 0.466796875 0.18359375 0.19921875
0 0.5442708333333333 0.359375 0.22135416666666666 0.21614583333333331
0 0.640625 0.201171875 0.19791666666666666 0.22005208333333331
0 0.07877604166666666 0.29557291666666663 0.15494791666666666 0.203125
0 0.947265625 0.59765625 0.10546875 0.24479166666666666
0 0.8177083333333333 0.14453125 0.17447916666666666 0.171875
0 0.5364583333333333 0.76171875 0.22135416666666666 0.21614583333333331
0 0.7604166666666666 0.94921875 0.2109375 0.1015625
0 0.44921875 0.173828125 0.22135416666666666 0.21744791666666666
0 0.837890625 0.3196614583333333 0.18359375 0.19921875
0 0.29361979166666663 0.22916666666666666 0.18359375 0.19010416666666666
0 0.7513020833333333 0.4700520833333333 0.21354166666666666 0.22395833333333331
0 0.06640625 0.8639322916666666 0.13020833333333331 0.23828125
0 0.4765625 0.9127604166666666 0.23697916666666666 0.17447916666666666
0 0.359375 0.5091145833333333 0.22135416666666666 0.21614583333333331
0 0.275390625 0.814453125 0.21484375 0.20963541666666666
0 0.2630208333333333 0.07356770833333333 0.20833333333333331 0.14453125
0 0.8203125 0.14713541666666666 0.17447916666666666 0.171875
0 0.6171875 0.5924479166666666 0.21354166666666666 0.22395833333333331
