0 0.3548387096774194 0.8451612903225807 0.10967741935483871 0.11612903225806452
0 0.13064516129032258 0.817741935483871 0.11290322580645161 0.11935483870967742
0 0.5129032258064516 0.17419354838709677 0.2129032258064516 0.23225806451612904
0 0.6290322580645161 0.3919354838709677 0.32903225806451614 0.3387096774193548
0 0.3532258064516129 0.3258064516129032 0.1774193548387097 0.1935483870967742
0 0.2629032258064516 0.42258064516129035 0.15806451612903225 0.17419354838709677
0 0.7193548387096774 0.22580645161290322 0.23225806451612904 0.22580645161290322
0 0.4096774193548387 0.6225806451612903 0.16129032258064516 0.15483870967741936
0 0.24193548387096775 0.8241935483870968 0.10967741935483871 0.11935483870967742
0 0.13225806451612904 0.6112903225806452 0.17419354838709677 0.16451612903225807
0 0.896774193548387 0.40161290322580645 0.2064516129032258 0.3
0 0.4693548387096774 0.617741935483871 0.13225806451612904 0.15161290322580645
0 0.5548387096774193 0.896774193548387 0.17419354838709677 0.16774193548387098
0 0.6709677419354839 0.07258064516129033 0.3096774193548387 0.13870967741935483
0 0.3580645161290323 0.6258064516129033 0.16129032258064516 0.16129032258064516
0 0.12096774193548387 0.3758064516129032 0.13225806451612904 0.13870967741935483
