0 0.747460757156048 0.774375 0.0951061865189289 0.09125
0 0.6528162511542013 0.82625 0.0886426592797784 0.12
0 0.26408125577100644 0.415625 0.10156971375807941 0.14625
0 0.1458910433979686 0.413125 0.10156971375807941 0.14625
0 0.7077562326869806 0.875 0.11542012927054478 0.14250000000000002
0 0.20960295475530932 0.8981250000000001 0.09418282548476455 0.12625
0 0.7382271468144044 0.286875 0.12280701754385964 0.17375000000000002
0 0.6625115420129271 0.73 0.08587257617728532 0.11
0 0.8485687903970452 0.35875 0.10341643582640812 0.135
0 0.7987072945521698 0.859375 0.0904893813481071 0.12375
0 0.5923361034164358 0.739375 0.06925207756232686 0.11625
0 0.6301939058171745 0.199375 0.12280701754385964 0.15625
0 0.5858725761772853 0.873125 0.08217913204062788 0.09125
0 0.43536472760849493 0.395625 0.12280701754385964 0.15625
0 0.039242843951985226 0.4325 0.07663896583564174 0.15
0 0.548938134810711 0.354375 0.12280701754385964 0.15625
