0 0.3553846153846154 0.4338461538461538 0.24307692307692308 0.2676923076923077
0 0.2592307692307692 0.8753846153846154 0.25076923076923074 0.24307692307692308
0 0.5007692307692307 0.2561538461538462 0.21384615384615385 0.21076923076923076
0 0.4653846153846154 0.6692307692307692 0.24461538461538462 0.24307692307692308
0 0.5784615384615385 0.44 0.20615384615384616 0.24
0 0.12153846153846154 0.20461538461538462 0.18153846153846154 0.14769230769230768
0 0.1 0.44846153846153847 0.19076923076923077 0.21384615384615385
0 0.6223076923076923 0.8246153846153846 0.2353846153846154 0.21846153846153846
0 0.7684615384615384 0.2053846153846154 0.22615384615384615 0.2353846153846154
0 0.46 0.9192307692307692 0.24307692307692308 0.14615384615384616
0 0.3330769230769231 0.19538461538461538 0.19230769230769232 0.20307692307692307
0 0.21461538461538462 0.6207692307692307 0.2692307692307692 0.2692307692307692
0 0.8907692307692308 0.2623076923076923 0.19692307692307692 0.2169230769230769
0 0.7307692307692307 0.6692307692307692 0.28615384615384615 0.27076923076923076
0 0.89 0.4876923076923077 0.19846153846153847 0.28307692307692306
