0 0.6805555555555556 0.4647495361781076 0.13611111111111113 0.16883116883116883
0 0.48333333333333334 0.9035250463821892 0.15833333333333333 0.18181818181818182
0 0.5402777777777777 0.5825602968460112 0.13611111111111113 0.18181818181818182
0 0.4 0.7142857142857143 0.13611111111111113 0.18181818181818182
0 0.8590277777777778 0.6252319109461967 0.12083333333333333 0.17068645640074212
0 0.18680555555555556 0.7430426716141002 0.15694444444444444 0.19109461966604824
0 0.6444444444444445 0.075139146567718 0.125 0.14656771799628943
0 0.1638888888888889 0.33487940630797774 0.14444444444444446 0.16512059369202226
0 0.2215277777777778 0.18645640074211503 0.12916666666666668 0.17625231910946196
0 0.4305555555555556 0.09647495361781076 0.13333333333333333 0.1855287569573284
0 0.75625 0.35435992578849723 0.11527777777777778 0.17068645640074212
0 0.425 0.3589981447124304 0.14444444444444446 0.19480519480519481
0 0.6527777777777778 0.8979591836734694 0.15833333333333333 0.1966604823747681
0 0.2263888888888889 0.47217068645640076 0.13333333333333333 0.1725417439703154
0 0.3388888888888889 0.21706864564007422 0.11944444444444445 0.163265306122449
0 0.5541666666666667 0.3385899814471243 0.13611111111111113 0.16883116883116883
0 0.7986111111111112 0.4972170686456401 0.13333333333333333 0.14471243042671614
0 0.8604166666666667 0.23747680890538034 0.14305555555555557 0.18923933209647495
0 0.5569444444444445 0.764378478664193 0.15 0.19294990723562153
0 0.6423611111111112 0.7217068645640075 0.12638888888888888 0.1743970315398887
0 0.32708333333333334 0.8692022263450835 0.14027777777777778 0.19480519480519481
0 0.29583333333333334 0.3200371057513915 0.1277777777777778 0.1725417439703154
0 0.7368055555555556 0.6113172541743971 0.1375 0.16883116883116883
0 0.32083333333333336 0.5686456400742115 0.14166666666666666 0.20593692022263452
0 0.8027777777777778 0.7727272727272727 0.1388888888888889 0.18738404452690166
0 0.9131944444444445 0.4443413729128015 0.1375 0.17996289424860853
0 0.7104166666666667 0.21799628942486085 0.13194444444444445 0.16512059369202226
