0 0.76875 0.2555555555555556 0.24305555555555555 0.18055555555555555
0 0.4840277777777778 0.8388888888888889 0.39583333333333337 0.29444444444444445
0 0.3652777777777778 0.6111111111111112 0.2972222222222222 0.23333333333333334
0 0.6451388888888889 0.6916666666666667 0.30972222222222223 0.22222222222222224
0 0.8493055555555555 0.7861111111111111 0.2986111111111111 0.3194444444444445
0 0.6111111111111112 0.34305555555555556 0.24722222222222223 0.18888888888888888
0 0.1326388888888889 0.7875 0.2569444444444445 0.25833333333333336
0 0.3527777777777778 0.24861111111111112 0.275 0.17777777777777778
0 0.6 0.4979166666666667 0.25833333333333336 0.15416666666666667
0 0.15555555555555556 0.4375 0.2916666666666667 0.20555555555555557
0 0.8604166666666667 0.46805555555555556 0.2791666666666667 0.19722222222222224
0 0.38472222222222224 0.39375 0.2972222222222222 0.20694444444444446
0 0.7486111111111111 0.09375 0.2 0.1375
0 0.9 0.33125 0.19722222222222224 0.11527777777777778
