0 0.5645833333333333 0.2570356472795497 0.3236111111111111 0.4352720450281426
0 0.12361111111111112 0.12195121951219512 0.044444444444444446 0.05628517823639775
0 0.39583333333333337 0.1275797373358349 0.04722222222222222 0.05628517823639775
0 0.7222222222222222 0.8630393996247655 0.044444444444444446 0.05628517823639775
0 0.7993055555555556 0.5469043151969981 0.33194444444444443 0.41838649155722324
0 0.48125 0.9015009380863039 0.13472222222222222 0.17073170731707318
0 0.19930555555555557 0.8217636022514071 0.2569444444444445 0.3339587242026266
0 0.11041666666666668 0.10787992495309569 0.0763888888888889 0.08818011257035648
0 0.09166666666666667 0.0900562851782364 0.044444444444444446 0.052532833020637895
0 0.4465277777777778 0.6191369606003753 0.3263888888888889 0.3902439024390244
0 0.3368055555555556 0.15666041275797374 0.0375 0.05065666041275797
