0 0.9294117647058824 0.6725490196078431 0.13823529411764707 0.22745098039215686
0 0.6566176470588235 0.33431372549019606 0.17205882352941176 0.23333333333333334
0 0.275 0.3735294117647059 0.14705882352941177 0.18235294117647058
0 0.7691176470588236 0.10784313725490197 0.16176470588235295 0.21176470588235294
0 0.11544117647058823 0.44803921568627453 0.20147058823529412 0.2411764705882353
0 0.45588235294117646 0.8401960784313726 0.20588235294117646 0.296078431372549
0 0.9161764705882353 0.07156862745098039 0.13823529411764707 0.1392156862745098
0 0.3176470588235294 0.1803921568627451 0.16176470588235295 0.21176470588235294
0 0.09044117647058823 0.21470588235294116 0.16323529411764706 0.21372549019607842
0 0.7066176470588236 0.5225490196078432 0.175 0.22156862745098038
0 0.46691176470588236 0.3892156862745098 0.14852941176470588 0.1980392156862745
0 0.23823529411764705 0.892156862745098 0.24411764705882352 0.20392156862745098
0 0.6426470588235293 0.6911764705882353 0.19411764705882353 0.2607843137254902
0 0.34558823529411764 0.5411764705882353 0.19411764705882353 0.2549019607843137
0 0.7727941176470589 0.7990196078431372 0.18676470588235294 0.24509803921568626
0 0.9544117647058823 0.3637254901960784 0.09117647058823529 0.21372549019607842
0 0.8801470588235294 0.24803921568627452 0.175 0.22156862745098038
0 0.12794117647058822 0.6950980392156862 0.20588235294117646 0.2725490196078431
0 0.49558823529411766 0.2088235294117647 0.1588235294117647 0.20980392156862746
