0 0.10347222222222223 0.5645833333333333 0.1625 0.09416666666666668
0 0.8583333333333334 0.9179166666666667 0.13333333333333333 0.10916666666666668
0 0.5006944444444444 0.41208333333333336 0.14305555555555557 0.07250000000000001
0 0.6027777777777777 0.38583333333333336 0.13333333333333333 0.07500000000000001
0 0.4465277777777778 0.8762500000000001 0.1875 0.10916666666666668
0 0.9131944444444445 0.545 0.15972222222222224 0.095
0 0.0625 0.3358333333333334 0.12222222222222223 0.09000000000000001
0 0.40902777777777777 0.6345833333333334 0.15694444444444444 0.09250000000000001
0 0.8777777777777778 0.3554166666666667 0.13055555555555556 0.07416666666666667
0 0.225 0.8341666666666667 0.17222222222222222 0.10833333333333334
0 0.41111111111111115 0.9541666666666667 0.20277777777777778 0.09166666666666667
0 0.4743055555555556 0.4758333333333334 0.14027777777777778 0.08166666666666667
0 0.6048611111111112 0.46458333333333335 0.1375 0.06916666666666667
0 0.28125 0.305 0.13194444444444445 0.06166666666666667
0 0.5423611111111112 0.32208333333333333 0.11805555555555557 0.07916666666666668
0 0.6020833333333333 0.5154166666666667 0.1375 0.06916666666666667
0 0.7201388888888889 0.9208333333333334 0.1875 0.13
0 0.058333333333333334 0.43291666666666667 0.11388888888888889 0.08916666666666667
0 0.7534722222222222 0.35000000000000003 0.12361111111111112 0.07
0 0.7819444444444444 0.4204166666666667 0.14166666666666666 0.07916666666666668
0 0.14375000000000002 0.2516666666666667 0.12361111111111112 0.07166666666666667
0 0.35208333333333336 0.18500000000000003 0.12361111111111112 0.07166666666666667
0 0.8923611111111112 0.8154166666666667 0.16805555555555557 0.10750000000000001
0 0.5555555555555556 0.24125000000000002 0.1 0.06416666666666668
0 0.6277777777777778 0.8245833333333333 0.16666666666666669 0.10750000000000001
0 0.36597222222222225 0.7766666666666667 0.1902777777777778 0.12000000000000001
0 0.40069444444444446 0.2575 0.12361111111111112 0.07166666666666667
0 0.5194444444444445 0.65375 0.14444444444444446 0.0825
0 0.7145833333333333 0.7279166666666668 0.15972222222222224 0.10750000000000001
0 0.22708333333333333 0.46208333333333335 0.1625 0.09416666666666668
0 0.7875 0.49541666666666667 0.125 0.07083333333333333
