0 0.36083984375 0.7223880597014926 0.2021484375 0.3402985074626866
0 0.25927734375 0.4328358208955224 0.2099609375 0.31343283582089554
0 0.5908203125 0.7 0.197265625 0.2746268656716418
0 0.58740234375 0.16865671641791044 0.1748046875 0.24776119402985075
0 0.37451171875 0.1619402985074627 0.1748046875 0.2462686567164179
0 0.80224609375 0.16492537313432837 0.1748046875 0.26119402985074625
0 0.2333984375 0.923134328358209 0.205078125 0.14477611940298507
0 0.1640625 0.16119402985074627 0.1484375 0.23283582089552238
0 0.49169921875 0.408955223880597 0.1748046875 0.24776119402985075
0 0.70263671875 0.417910447761194 0.1748046875 0.24776119402985075
0 0.06298828125 0.40597014925373137 0.1201171875 0.2537313432835821
0 0.83935546875 0.6880597014925374 0.1708984375 0.27761194029850744
0 0.478515625 0.926865671641791 0.1875 0.14626865671641792
0 0.91455078125 0.41044776119402987 0.1669921875 0.24776119402985075
0 0.12060546875 0.6985074626865672 0.2080078125 0.2985074626865672
