0 0.09583333333333334 0.6866666666666668 0.10500000000000001 0.09000000000000001
0 0.6283333333333334 0.4475 0.10666666666666667 0.09833333333333334
0 0.3716666666666667 0.43250000000000005 0.1 0.085
0 0.9358333333333334 0.6058333333333333 0.12833333333333335 0.12166666666666667
0 0.6908333333333334 0.6766666666666667 0.13166666666666668 0.13
0 0.9225000000000001 0.7108333333333334 0.12833333333333335 0.12166666666666667
0 0.6233333333333334 0.36000000000000004 0.09333333333333334 0.08
0 0.5441666666666667 0.5083333333333334 0.115 0.10666666666666667
0 0.24666666666666667 0.41500000000000004 0.1 0.09666666666666668
0 0.18000000000000002 0.6216666666666667 0.10333333333333335 0.08
0 0.45583333333333337 0.4025 0.09833333333333334 0.085
0 0.8008333333333334 0.5108333333333334 0.115 0.095
0 0.7791666666666667 0.8866666666666667 0.15833333333333335 0.14666666666666667
0 0.0325 0.6258333333333334 0.06166666666666667 0.11166666666666668
0 0.28500000000000003 0.6475000000000001 0.12000000000000001 0.135
0 0.55 0.41500000000000004 0.09333333333333334 0.08
0 0.065 0.5383333333333333 0.10666666666666667 0.08333333333333334
0 0.3066666666666667 0.7841666666666667 0.13 0.13166666666666668
0 0.9225000000000001 0.9158333333333334 0.12166666666666667 0.13833333333333334
0 0.8691666666666668 0.7716666666666667 0.15833333333333335 0.14666666666666667
0 0.9133333333333334 0.44833333333333336 0.11666666666666667 0.11333333333333334
0 0.17833333333333334 0.45833333333333337 0.1 0.09666666666666668
0 0.41000000000000003 0.7033333333333334 0.14333333333333334 0.14666666666666667
0 0.8108333333333334 0.6108333333333333 0.12833333333333335 0.12166666666666667
0 0.1691666666666667 0.5425 0.095 0.08166666666666667
0 0.4683333333333334 0.31 0.1 0.09666666666666668
0 0.5433333333333333 0.8691666666666668 0.13 0.13833333333333334
0 0.3641666666666667 0.5575 0.11166666666666668 0.115
0 0.33333333333333337 0.9500000000000001 0.14 0.09333333333333334
