0 0.19609375 0.9178004535147393 0.09062500000000001 0.13038548752834467
0 0.938671875 0.5827664399092971 0.08203125 0.10430839002267574
0 0.7542968750000001 0.38492063492063494 0.07109375 0.08730158730158731
0 0.5027343750000001 0.5351473922902494 0.07734375 0.09750566893424037
0 0.17890625000000002 0.5674603174603174 0.065625 0.08049886621315193
0 0.25546875 0.49829931972789115 0.06406250000000001 0.08276643990929705
0 0.41484375 0.8594104308390023 0.0671875 0.11564625850340136
0 0.673828125 0.5340136054421769 0.08046875 0.09070294784580499
0 0.8128906250000001 0.5147392290249433 0.08046875 0.09750566893424037
0 0.894140625 0.47392290249433106 0.07265625 0.10430839002267574
0 0.132421875 0.7590702947845805 0.08203125 0.10997732426303855
0 0.55703125 0.47392290249433106 0.0671875 0.09977324263038549
0 0.38515625000000003 0.4710884353741497 0.06875 0.08730158730158731
0 0.30078125 0.44047619047619047 0.065625 0.08049886621315193
0 0.9496093750000001 0.4943310657596372 0.06328125 0.09750566893424037
0 0.555859375 0.3985260770975057 0.06171875 0.07142857142857142
0 0.28046875 0.9450113378684808 0.07187500000000001 0.10317460317460318
0 0.45156250000000003 0.3463718820861678 0.06875 0.08730158730158731
0 0.51953125 0.7528344671201814 0.0765625 0.11337868480725624
0 0.6589843750000001 0.9070294784580499 0.10390625 0.14512471655328799
0 0.408203125 0.7369614512471655 0.09921875000000001 0.1383219954648526
0 0.8601562500000001 0.5668934240362812 0.0734375 0.09070294784580499
0 0.8914062500000001 0.6604308390022676 0.084375 0.11904761904761905
0 0.44375000000000003 0.43594104308390025 0.06875 0.08730158730158731
0 0.9437500000000001 0.768140589569161 0.08750000000000001 0.12585034013605442
0 0.14296875 0.6564625850340137 0.0765625 0.10657596371882086
0 0.68125 0.6439909297052154 0.09375 0.13151927437641725
0 0.503515625 0.4523809523809524 0.06015625 0.0816326530612245
0 0.25078125 0.5663265306122449 0.065625 0.08049886621315193
0 0.75390625 0.4733560090702948 0.07500000000000001 0.09410430839002268
0 0.51953125 0.6286848072562359 0.06875 0.09410430839002268
0 0.7503906250000001 0.4795918367346939 0.07734375 0.108843537414966
0 0.33046875000000003 0.6757369614512472 0.08281250000000001 0.12244897959183673
0 0.718359375 0.8004535147392291 0.10390625 0.1360544217687075
0 0.8304687500000001 0.7159863945578232 0.08750000000000001 0.12585034013605442
0 0.880078125 0.9109977324263039 0.10234375000000001 0.1349206349206349
0 0.37929687500000003 0.5782312925170068 0.07578125000000001 0.10657596371882086
0 0.28203125 0.9472789115646258 0.07187500000000001 0.10317460317460318
0 0.07421875 0.7312925170068028 0.05625 0.09070294784580499
0 0.06015625 0.8384353741496599 0.09062500000000001 0.13038548752834467
0 0.262890625 0.7443310657596373 0.08203125 0.10997732426303855
0 0.603515625 0.5895691609977325 0.07578125000000001 0.10657596371882086
0 0.45078125 0.5187074829931972 0.0578125 0.07369614512471656
0 0.84296875 0.41836734693877553 0.0671875 0.09977324263038549
0 0.751953125 0.9342403628117915 0.09296875 0.13151927437641725
0 0.6039062500000001 0.7040816326530612 0.09375 0.13151927437641725
0 0.455859375 0.6706349206349207 0.07890625000000001 0.11678004535147393
0 0.203515625 0.7284580498866213 0.07109375 0.10997732426303855
0 0.44257812500000004 0.5941043083900227 0.07890625000000001 0.07936507936507936
0 0.49765625 0.8962585034013606 0.0859375 0.1349206349206349
0 0.33984375 0.8072562358276644 0.09375 0.13151927437641725
0 0.62265625 0.49943310657596374 0.0578125 0.08276643990929705
