0 0.17 0.5924015009380863 0.3375 0.274859287054409
0 0.478125 0.7152908067542214 0.37875000000000003 0.29174484052532834
0 0.510625 0.45825515947467166 0.35375 0.24296435272045028
0 0.688125 0.10365853658536585 0.30125 0.18292682926829268
0 0.8625 0.3151969981238274 0.26 0.21951219512195122
0 0.6118750000000001 0.2692307692307692 0.30375 0.2401500938086304
0 0.894375 0.11116322701688555 0.20375000000000001 0.22045028142589118
0 0.6475 0.9305816135084428 0.2975 0.13320825515947468
0 0.811875 0.4948405253283302 0.28625 0.1622889305816135
0 0.225 0.8799249530956847 0.425 0.23639774859287055
0 0.315 0.22467166979362102 0.325 0.2523452157598499
0 0.76875 0.6782363977485929 0.315 0.3320825515947467
