0 0.2760416666666667 0.516796875 0.18125 0.14140625
0 0.16822916666666665 0.622265625 0.16979166666666667 0.11953125
0 0.4328125 0.552734375 0.15520833333333334 0.12109375
0 0.6453125 0.6804687500000001 0.190625 0.1265625
0 0.65 0.32539062500000004 0.20416666666666666 0.14453125
0 0.7296875 0.4390625 0.190625 0.1265625
0 0.7140625 0.58828125 0.196875 0.153125
0 0.8703124999999999 0.540234375 0.15729166666666666 0.13046875
0 0.484375 0.3796875 0.18958333333333333 0.13593750000000002
0 0.34322916666666664 0.63984375 0.18645833333333334 0.1234375
0 0.1171875 0.40468750000000003 0.190625 0.13593750000000002
0 0.2953125 0.183984375 0.21562499999999998 0.17265625
0 0.5119791666666667 0.748046875 0.18645833333333334 0.13828125
0 0.8265625 0.27187500000000003 0.196875 0.109375
0 0.5682291666666667 0.18125000000000002 0.18645833333333334 0.1453125
0 0.70625 0.2171875 0.15833333333333333 0.10312500000000001
0 0.5682291666666667 0.521484375 0.18645833333333334 0.13359375
0 0.8984375 0.40234375 0.196875 0.153125
0 0.3020833333333333 0.38515625000000003 0.18958333333333333 0.13593750000000002
0 0.18854166666666666 0.2734375 0.20625 0.1484375
