0 0.6925 0.6321428571428571 0.14100000000000001 0.2357142857142857
0 0.4375 0.6414285714285715 0.171 0.2542857142857143
0 0.8155 0.7978571428571428 0.209 0.25285714285714284
0 0.3185 0.8107142857142857 0.169 0.22142857142857142
0 0.1145 0.18357142857142858 0.131 0.1957142857142857
0 0.08600000000000001 0.76 0.158 0.24285714285714285
0 0.41450000000000004 0.2814285714285714 0.145 0.20857142857142857
0 0.1835 0.30714285714285716 0.125 0.19714285714285715
0 0.894 0.31785714285714284 0.166 0.2042857142857143
0 0.5405 0.42142857142857143 0.157 0.20285714285714285
0 0.21 0.6214285714285714 0.182 0.26
0 0.7945 0.46285714285714286 0.14300000000000002 0.2342857142857143
0 0.08700000000000001 0.44571428571428573 0.132 0.18571428571428572
0 0.298 0.16285714285714287 0.14 0.21428571428571427
0 0.5795 0.8207142857142857 0.179 0.24142857142857144
0 0.3025 0.45571428571428574 0.145 0.20857142857142857
0 0.548 0.16142857142857142 0.14 0.21428571428571427
0 0.9105 0.6371428571428571 0.179 0.2571428571428571
0 0.7865 0.15642857142857142 0.115 0.17857142857142858
0 0.6625 0.3 0.157 0.20285714285714285
