0 0.7086666666666667 0.6342592592592593 0.18266666666666667 0.26851851851851855
0 0.2593333333333333 0.30185185185185187 0.15866666666666665 0.15925925925925927
0 0.4026666666666667 0.3101851851851852 0.144 0.16481481481481483
0 0.39466666666666667 0.8740740740740741 0.21333333333333332 0.23703703703703705
0 0.528 0.6620370370370371 0.184 0.26851851851851855
0 0.184 0.8712962962962963 0.21866666666666665 0.2388888888888889
0 0.704 0.30185185185185187 0.14666666666666667 0.14814814814814814
0 0.956 0.8462962962962963 0.058666666666666666 0.22962962962962963
0 0.614 0.8666666666666667 0.19333333333333333 0.24074074074074076
0 0.3453333333333333 0.6685185185185185 0.18666666666666665 0.2555555555555556
0 0.818 0.8546296296296296 0.21466666666666667 0.2574074074074074
0 0.8753333333333333 0.4351851851851852 0.17733333333333332 0.23333333333333334
0 0.5273333333333333 0.45555555555555555 0.164 0.20370370370370372
0 0.858 0.2990740740740741 0.16133333333333333 0.1462962962962963
0 0.19 0.45925925925925926 0.17733333333333332 0.22592592592592595
0 0.6886666666666666 0.42962962962962964 0.164 0.20370370370370372
0 0.36066666666666664 0.46111111111111114 0.164 0.20370370370370372
0 0.9099999999999999 0.6324074074074074 0.15066666666666667 0.2574074074074074
0 0.5533333333333333 0.3101851851851852 0.144 0.16481481481481483
