0 0.7820247933884298 0.7885802469135802 0.1384297520661157 0.09876543209876543
0 0.7045454545454546 0.9367283950617283 0.1487603305785124 0.12037037037037036
0 0.41012396694214875 0.9050925925925926 0.13429752066115702 0.09722222222222221
0 0.9555785123966942 0.375 0.08884297520661158 0.07098765432098765
0 0.8316115702479339 0.5794753086419753 0.10537190082644629 0.06327160493827161
0 0.058884297520661155 0.662037037037037 0.11363636363636365 0.08333333333333333
0 0.48140495867768596 0.4714506172839506 0.10330578512396695 0.07253086419753085
0 0.27169421487603307 0.8155864197530863 0.13429752066115702 0.09722222222222221
0 0.19008264462809918 0.566358024691358 0.10330578512396695 0.06172839506172839
0 0.24070247933884298 0.6265432098765432 0.11776859504132231 0.07716049382716049
0 0.5878099173553719 0.4922839506172839 0.09297520661157024 0.07716049382716049
0 0.862603305785124 0.7260802469135802 0.1012396694214876 0.08179012345679013
0 0.8832644628099173 0.5339506172839505 0.09297520661157024 0.07407407407407407
0 0.7902892561983471 0.6496913580246914 0.10537190082644629 0.08333333333333333
0 0.23450413223140495 0.4266975308641975 0.1012396694214876 0.06944444444444445
0 0.44938016528925623 0.7152777777777778 0.14256198347107438 0.11265432098765432
0 0.5340909090909091 0.8695987654320987 0.14256198347107438 0.11265432098765432
0 0.19318181818181818 0.7168209876543209 0.13016528925619836 0.08796296296296297
0 0.13946280991735538 0.8063271604938271 0.13429752066115702 0.09722222222222221
0 0.84400826446281 0.9552469135802468 0.121900826446281 0.08641975308641975
0 0.5113636363636364 0.628858024691358 0.13429752066115702 0.09104938271604937
0 0.6291322314049587 0.6149691358024691 0.121900826446281 0.07870370370370369
0 0.734504132231405 0.6998456790123456 0.121900826446281 0.07870370370370369
0 0.6570247933884298 0.8209876543209876 0.13636363636363635 0.09567901234567901
0 0.9586776859504132 0.7114197530864197 0.08264462809917356 0.08641975308641975
0 0.2654958677685951 0.4861111111111111 0.10537190082644629 0.07098765432098765
0 0.37913223140495866 0.5563271604938271 0.09710743801652894 0.07870370370370369
0 0.29235537190082644 0.9043209876543209 0.1012396694214876 0.08024691358024691
0 0.871900826446281 0.45216049382716045 0.1115702479338843 0.06790123456790123
0 0.6859504132231405 0.5570987654320987 0.1115702479338843 0.06790123456790123
0 0.7055785123966942 0.44521604938271603 0.1012396694214876 0.07870370370370369
0 0.5464876033057852 0.9621913580246914 0.15495867768595042 0.06944444444444445
0 0.2964876033057851 0.6851851851851851 0.10537190082644629 0.07098765432098765
0 0.9287190082644629 0.6165123456790124 0.1012396694214876 0.08179012345679013
