0 0.7406716417910447 0.7526041666666666 0.20522388059701493 0.19270833333333331
0 0.19962686567164178 0.7213541666666666 0.2126865671641791 0.15104166666666666
0 0.5298507462686567 0.8072916666666666 0.29850746268656714 0.1875
0 0.7649253731343283 0.27994791666666663 0.208955223880597 0.2265625
0 0.2537313432835821 0.8424479166666666 0.17164179104477612 0.14322916666666666
0 0.09328358208955223 0.83203125 0.1791044776119403 0.1640625
0 0.5652985074626865 0.35807291666666663 0.3694029850746269 0.2734375
0 0.7817164179104478 0.5130208333333333 0.30970149253731344 0.23958333333333331
0 0.6623134328358209 0.9661458333333333 0.23507462686567163 0.0625
0 0.6492537313432836 0.12239583333333333 0.3805970149253731 0.23958333333333331
0 0.06902985074626866 0.6588541666666666 0.13059701492537312 0.18229166666666666
0 0.47014925373134325 0.5924479166666666 0.3656716417910448 0.2630208333333333
0 0.44402985074626866 0.9244791666666666 0.2462686567164179 0.13541666666666666
0 0.13619402985074627 0.22786458333333331 0.1828358208955224 0.14322916666666666
0 0.3041044776119403 0.3567708333333333 0.2574626865671642 0.22916666666666666
