0 0.6168958742632612 0.6777286135693216 0.1335952848722986 0.09587020648967551
0 0.04420432220039292 0.37315634218289084 0.08447937131630648 0.07079646017699115
0 0.3644400785854617 0.7765486725663717 0.13948919449901767 0.09882005899705015
0 0.3172888015717092 0.6910029498525073 0.17092337917485265 0.1135693215339233
0 0.2583497053045187 0.4218289085545723 0.11198428290766207 0.09144542772861357
0 0.1286836935166994 0.34365781710914456 0.11198428290766207 0.07374631268436578
0 0.058939096267190565 0.5457227138643068 0.11394891944990176 0.07374631268436578
0 0.630648330058939 0.862094395280236 0.1493123772102161 0.11946902654867256
0 0.5176817288801572 0.7743362831858407 0.15127701375245578 0.10914454277286136
0 0.7701375245579567 0.43952802359882004 0.10216110019646364 0.0855457227138643
0 0.399803536345776 0.8746312684365781 0.1355599214145383 0.11209439528023599
0 0.8929273084479371 0.1172566371681416 0.09626719056974459 0.07817109144542772
0 0.11984282907662082 0.41224188790560473 0.10609037328094302 0.07817109144542772
0 0.8418467583497052 0.19616519174041297 0.10412573673870333 0.07669616519174041
0 0.16601178781925344 0.2868731563421829 0.09626719056974459 0.0663716814159292
0 0.5127701375245579 0.5855457227138643 0.11394891944990176 0.08849557522123894
0 0.8339882121807465 0.30457227138643067 0.12770137524557956 0.08407079646017698
0 0.24066797642436147 0.8325958702064896 0.174852652259332 0.13126843657817108
0 0.8624754420432219 0.4859882005899705 0.1493123772102161 0.0752212389380531
0 0.21119842829076618 0.09734513274336283 0.08840864440078584 0.058997050147492625
0 0.06483300589390963 0.29793510324483774 0.09823182711198428 0.07374631268436578
0 0.3968565815324165 0.5848082595870207 0.12573673870333987 0.08702064896755163
0 0.39096267190569745 0.37315634218289084 0.11394891944990176 0.08849557522123894
0 0.45088408644400785 0.21902654867256638 0.10412573673870333 0.08702064896755163
0 0.3516699410609037 0.2581120943952802 0.11394891944990176 0.09144542772861357
0 0.22986247544204322 0.5619469026548672 0.11394891944990176 0.08849557522123894
0 0.8762278978388998 0.38716814159292035 0.13752455795677798 0.09292035398230089
0 0.8192534381139489 0.7411504424778761 0.16502946954813358 0.12536873156342182
0 0.49214145383104124 0.6769911504424778 0.12770137524557956 0.0943952802359882
0 0.9037328094302554 0.8370206489675516 0.18467583497053044 0.13126843657817108
0 0.5216110019646365 0.33702064896755163 0.12770137524557956 0.08407079646017698
0 0.5943025540275049 0.2205014749262537 0.0805500982318271 0.0663716814159292
0 0.7367387033398821 0.21460176991150443 0.09037328094302553 0.07227138643067846
0 0.5520628683693516 0.24778761061946902 0.10216110019646364 0.0855457227138643
0 0.8713163064833005 0.9424778761061947 0.17878192534381138 0.11504424778761062
0 0.9233791748526522 0.6814159292035398 0.1493123772102161 0.11504424778761062
0 0.5147347740667976 0.41814159292035397 0.12180746561886051 0.08702064896755163
