0 0.34750000000000003 0.8954033771106942 0.3 0.18667917448405252
0 0.884375 0.23311444652908067 0.21375 0.17354596622889307
0 0.2675 0.12335834896810506 0.21 0.1529080675422139
0 0.71375 0.8691369606003753 0.5 0.25046904315197
0 0.938125 0.03470919324577861 0.11875000000000001 0.06566604127579738
0 0.43625 0.6862101313320825 0.37 0.2898686679174484
0 0.14875 0.8151969981238274 0.295 0.30206378986866794
0 0.6062500000000001 0.055347091932457786 0.17500000000000002 0.10881801125703565
0 0.20625000000000002 0.424484052532833 0.39 0.26172607879924953
0 0.499375 0.15196998123827393 0.21375 0.17448405253283303
0 0.69125 0.2593808630393996 0.3025 0.20544090056285177
0 0.2425 0.27861163227016883 0.2925 0.1894934333958724
0 0.886875 0.7589118198874296 0.21375 0.3452157598499062
0 0.678125 0.4896810506566604 0.51625 0.35834896810506567
