0 0.2462686567164179 0.8379721669980118 0.08656716417910448 0.10934393638170974
0 0.32537313432835824 0.41252485089463214 0.07761194029850746 0.10536779324055665
0 0.7059701492537314 0.33598409542743535 0.0626865671641791 0.08349900596421471
0 0.48955223880597015 0.31610337972166996 0.07164179104477612 0.09145129224652086
0 0.15074626865671642 0.8021868787276342 0.0955223880597015 0.12922465208747513
0 0.2164179104477612 0.7435387673956262 0.08955223880597014 0.11928429423459243
0 0.31492537313432833 0.8330019880715704 0.08955223880597014 0.11928429423459243
0 0.7194029850746269 0.2803180914512922 0.056716417910447764 0.09542743538767395
0 0.1798507462686567 0.6441351888667991 0.08805970149253732 0.09542743538767395
0 0.6395522388059701 0.18886679920477134 0.06119402985074627 0.08747514910536779
0 0.6052238805970149 0.042743538767395624 0.06119402985074627 0.073558648111332
0 0.5492537313432836 0.36381709741550694 0.07164179104477612 0.09145129224652086
0 0.9126865671641791 0.6570576540755466 0.07313432835820896 0.08946322067594432
0 0.7238805970149254 0.4353876739562624 0.07164179104477612 0.09145129224652086
0 0.4470149253731343 0.24850894632206758 0.07014925373134329 0.09542743538767395
0 0.8440298507462687 0.4463220675944334 0.07313432835820896 0.10139165009940357
0 0.5544776119402985 0.08051689860834989 0.058208955223880594 0.073558648111332
0 0.6171641791044776 0.956262425447316 0.0791044776119403 0.07952286282306162
0 0.4544776119402985 0.636182902584493 0.0791044776119403 0.11530815109343935
0 0.8805970149253731 0.7306163021868787 0.07761194029850746 0.10139165009940357
0 0.8940298507462686 0.2246520874751491 0.0626865671641791 0.08747514910536779
0 0.5164179104477612 0.2554671968190855 0.06567164179104477 0.0934393638170974
0 0.7246268656716418 0.5695825049701788 0.07014925373134329 0.08548707753479125
0 0.04701492537313433 0.6262425447316102 0.08805970149253732 0.09542743538767395
0 0.7559701492537314 0.1401590457256461 0.058208955223880594 0.073558648111332
0 0.49850746268656715 0.17992047713717693 0.056716417910447764 0.06560636182902584
0 0.4007462686567164 0.5675944333996024 0.07611940298507462 0.0934393638170974
0 0.8037313432835821 0.713717693836978 0.07611940298507462 0.11133200795228627
0 0.5320895522388059 0.9274353876739562 0.08507462686567165 0.10934393638170974
0 0.12238805970149254 0.6968190854870775 0.0955223880597015 0.12922465208747513
0 0.27686567164179104 0.9592445328031808 0.09104477611940298 0.07753479125248508
0 0.3977611940298508 0.6918489065606361 0.08805970149253732 0.09542743538767395
0 0.8074626865671641 0.9005964214711729 0.07164179104477612 0.09542743538767395
0 0.45149253731343286 0.9045725646123259 0.07611940298507462 0.1033797216699801
0 0.6567164179104478 0.7127236580516898 0.08059701492537313 0.10934393638170974
0 0.41044776119402987 0.1809145129224652 0.07164179104477612 0.09542743538767395
0 0.503731343283582 0.8180914512922465 0.09104477611940298 0.11729622266401589
0 0.6074626865671642 0.4811133200795228 0.07761194029850746 0.09542743538767395
0 0.3492537313432836 0.5119284294234592 0.07761194029850746 0.10536779324055665
0 0.4537313432835821 0.14214711729622265 0.056716417910447764 0.08946322067594432
0 0.5470149253731343 0.6093439363817097 0.07611940298507462 0.10139165009940357
0 0.6052238805970149 0.11928429423459243 0.06119402985074627 0.08349900596421471
0 0.5529850746268656 0.16600397614314114 0.058208955223880594 0.073558648111332
0 0.48432835820895526 0.5328031809145128 0.08805970149253732 0.10735586481113318
0 0.7992537313432836 0.5825049701789263 0.0791044776119403 0.09940357852882703
0 0.1417910447761194 0.566600397614314 0.08955223880597014 0.1033797216699801
0 0.7835820895522388 0.3976143141153081 0.07164179104477612 0.09145129224652086
0 0.32313432835820893 0.7455268389662028 0.08805970149253732 0.09542743538767395
0 0.6059701492537314 0.8280318091451292 0.08358208955223881 0.11729622266401589
0 0.20298507462686569 0.9244532803180914 0.08358208955223881 0.12326043737574552
0 0.9097014925373135 0.5844930417495029 0.06716417910447761 0.07157057654075547
0 0.24701492537313433 0.3608349900596421 0.09701492537313433 0.11332007952286281
0 0.9194029850746269 0.33300198807157055 0.06567164179104477 0.08151093439363816
0 0.5216417910447761 0.6968190854870775 0.0791044776119403 0.0934393638170974
0 0.7395522388059702 0.0705765407554672 0.058208955223880594 0.073558648111332
0 0.8343283582089552 0.23856858846918486 0.056716417910447764 0.07554671968190854
0 0.3798507462686567 0.9483101391650098 0.1 0.09542743538767395
0 0.5171641791044777 0.11232604373757454 0.058208955223880594 0.073558648111332
0 0.39925373134328357 0.10437375745526838 0.058208955223880594 0.07753479125248508
0 0.7902985074626866 0.048707753479125246 0.058208955223880594 0.073558648111332
0 0.6932835820895522 0.5019880715705765 0.07611940298507462 0.08946322067594432
0 0.1746268656716418 0.41948310139165007 0.08656716417910448 0.09940357852882703
0 0.6701492537313433 0.12326043737574552 0.0626865671641791 0.08747514910536779
0 0.10149253731343284 0.9165009940357852 0.08358208955223881 0.12326043737574552
0 0.1253731343283582 0.46620278330019876 0.08358208955223881 0.10139165009940357
0 0.39477611940298507 0.3180914512922465 0.07611940298507462 0.10735586481113318
0 0.6 0.2137176938369781 0.06865671641791045 0.08946322067594432
0 0.3843283582089552 0.8469184890656063 0.07313432835820896 0.10735586481113318
0 0.8507462686567164 0.562624254473161 0.07164179104477612 0.08747514910536779
0 0.808955223880597 0.16302186878727631 0.056716417910447764 0.07554671968190854
0 0.4917910447761194 0.041749502982107355 0.058208955223880594 0.07157057654075547
0 0.841044776119403 0.33399602385685884 0.06716417910447761 0.07157057654075547
0 0.28507462686567164 0.5447316103379721 0.08656716417910448 0.11133200795228627
0 0.6261194029850746 0.6093439363817097 0.07611940298507462 0.10139165009940357
0 0.7134328358208956 0.19184890656063616 0.06865671641791045 0.08946322067594432
0 0.26865671641791045 0.6560636182902584 0.08656716417910448 0.11133200795228627
0 0.923134328358209 0.45328031809145125 0.08805970149253732 0.09940357852882703
0 0.6313432835820896 0.32007952286282304 0.07164179104477612 0.09145129224652086
0 0.31492537313432833 0.3141153081510934 0.07761194029850746 0.09542743538767395
