0 0.20142857142857143 0.49464668094218417 0.13714285714285715 0.20985010706638116
0 0.09857142857142857 0.46895074946466814 0.09714285714285714 0.20985010706638116
0 0.6985714285714286 0.5085653104925054 0.18571428571428572 0.24625267665952894
0 0.9064285714285715 0.7997858672376874 0.08428571428571428 0.1563169164882227
0 0.9592857142857143 0.7794432548179872 0.07857142857142857 0.15417558886509636
0 0.73 0.6970021413276232 0.07428571428571429 0.13490364025695933
0 0.2292857142857143 0.8394004282655246 0.09 0.10278372591006424
0 0.5471428571428572 0.3683083511777302 0.16285714285714287 0.22698072805139188
0 0.4207142857142857 0.5471092077087795 0.16142857142857142 0.19914346895074947
0 0.4092857142857143 0.7505353319057816 0.07285714285714286 0.10920770877944326
0 0.5885714285714285 0.6766595289079229 0.10571428571428572 0.15417558886509636
0 0.4992857142857143 0.5385438972162742 0.15 0.20342612419700215
0 0.8042857142857143 0.6873661670235547 0.10571428571428572 0.15417558886509636
0 0.32142857142857145 0.6049250535331906 0.07428571428571429 0.12205567451820129
0 0.6042857142857143 0.8211991434689508 0.08285714285714285 0.139186295503212
0 0.8864285714285715 0.4850107066381157 0.2042857142857143 0.28479657387580304
