0 0.47250000000000003 0.30375 0.17250000000000001 0.195
0 0.349375 0.148125 0.15875 0.18625
0 0.851875 0.80625 0.14625 0.2125
0 0.2925 0.7975 0.17 0.2175
0 0.291875 0.794375 0.16625 0.21125
0 0.06625 0.45937500000000003 0.125 0.20375000000000001
0 0.95375 0.30875 0.0925 0.2175
0 0.8618750000000001 0.480625 0.15875 0.18625
0 0.863125 0.163125 0.15875 0.18625
0 0.214375 0.270625 0.15875 0.18625
0 0.585 0.46 0.17250000000000001 0.195
0 0.704375 0.62 0.16625 0.20500000000000002
0 0.07062500000000001 0.770625 0.13375 0.21875
0 0.5750000000000001 0.8075 0.17 0.2175
0 0.32937500000000003 0.46625 0.15125 0.2175
0 0.589375 0.149375 0.15875 0.18625
0 0.94625 0.644375 0.1075 0.21625
0 0.7225 0.2925 0.17250000000000001 0.195
0 0.424375 0.62625 0.15125 0.2175
0 0.19187500000000002 0.61 0.15125 0.2175
0 0.11750000000000001 0.130625 0.17250000000000001 0.20375000000000001
