0 0.9242424242424242 0.7510638297872341 0.1484848484848485 0.3872340425531915
0 0.6757575757575758 0.7340425531914894 0.2515151515151515 0.3191489361702128
0 0.4318181818181818 0.17659574468085107 0.22424242424242424 0.30638297872340425
0 0.28863636363636364 0.424468085106383 0.21666666666666667 0.28297872340425534
0 0.6712121212121213 0.1851063829787234 0.22424242424242424 0.2936170212765957
0 0.0696969696969697 0.425531914893617 0.13636363636363635 0.2765957446808511
0 0.9015151515151515 0.16595744680851063 0.18787878787878787 0.2723404255319149
0 0.40984848484848485 0.7510638297872341 0.2318181818181818 0.34893617021276596
0 0.13636363636363635 0.7414893617021276 0.24242424242424243 0.3468085106382979
0 0.8022727272727272 0.4478723404255319 0.19242424242424241 0.2702127659574468
0 0.5613636363636364 0.4329787234042553 0.20757575757575758 0.2872340425531915
0 0.18712121212121213 0.1702127659574468 0.18333333333333332 0.25957446808510637
