0 0.11274509803921569 0.35073529411764703 0.13137254901960785 0.075
0 0.7666666666666666 0.5051470588235294 0.17254901960784313 0.125
0 0.8637254901960785 0.5794117647058823 0.2529411764705882 0.17352941176470588
0 0.23039215686274508 0.35661764705882354 0.1 0.054411764705882354
0 0.8901960784313725 0.7573529411764706 0.2196078431372549 0.22647058823529412
0 0.33137254901960783 0.3397058823529412 0.10196078431372549 0.06470588235294117
0 0.45098039215686275 0.875 0.3176470588235294 0.22941176470588234
0 0.5558823529411765 0.24485294117647058 0.060784313725490195 0.039705882352941174
0 0.4872549019607843 0.6029411764705882 0.22156862745098038 0.15
0 0.7843137254901961 0.3977941176470588 0.10196078431372549 0.0661764705882353
0 0.3676470588235294 0.42205882352941176 0.10784313725490197 0.07058823529411765
0 0.5411764705882353 0.4411764705882353 0.16078431372549018 0.10294117647058823
0 0.26666666666666666 0.4566176470588235 0.1764705882352941 0.1338235294117647
0 0.24803921568627452 0.6477941176470589 0.2568627450980392 0.16911764705882354
0 0.7166666666666667 0.34338235294117647 0.13137254901960785 0.07205882352941176
0 0.7274509803921568 0.8441176470588235 0.2588235294117647 0.17941176470588235
0 0.5970588235294118 0.549264705882353 0.19411764705882353 0.14852941176470588
0 0.8156862745098039 0.35808823529411765 0.10196078431372549 0.0661764705882353
0 0.5352941176470588 0.7308823529411764 0.21176470588235294 0.1411764705882353
0 0.19607843137254902 0.8411764705882353 0.2823529411764706 0.2411764705882353
0 0.32254901960784316 0.2963235294117647 0.09215686274509804 0.054411764705882354
0 0.5245098039215687 0.31985294117647056 0.09607843137254901 0.06323529411764706
0 0.41274509803921566 0.5095588235294117 0.18627450980392157 0.125
