0 0.5091666666666667 0.478110599078341 0.2316666666666667 0.3387096774193548
0 0.07416666666666667 0.4827188940092166 0.14500000000000002 0.3433179723502304
0 0.37083333333333335 0.7914746543778802 0.22833333333333336 0.3433179723502304
0 0.8350000000000001 0.16129032258064516 0.24000000000000002 0.31797235023041476
0 0.2516666666666667 0.5080645161290323 0.22666666666666668 0.3387096774193548
0 0.9308333333333334 0.4861751152073733 0.13833333333333334 0.34101382488479265
0 0.3541666666666667 0.1693548387096774 0.225 0.33410138248847926
0 0.6016666666666667 0.8168202764976958 0.2366666666666667 0.347926267281106
0 0.6033333333333334 0.1693548387096774 0.24000000000000002 0.33410138248847926
0 0.7366666666666667 0.4930875576036866 0.24666666666666667 0.3548387096774194
0 0.14416666666666667 0.1716589861751152 0.22833333333333336 0.33410138248847926
0 0.14166666666666666 0.7914746543778802 0.23333333333333334 0.3294930875576037
0 0.8741666666666668 0.7949308755760368 0.2516666666666667 0.3686635944700461
