0 0.14285714285714288 0.7103274559193955 0.18571428571428572 0.1712846347607053
0 0.5392857142857144 0.1158690176322418 0.15476190476190477 0.15113350125944583
0 0.4190476190476191 0.7720403022670025 0.17142857142857143 0.198992443324937
0 0.28571428571428575 0.6586901763224181 0.17142857142857143 0.198992443324937
0 0.5845238095238096 0.24937027707808562 0.14523809523809525 0.17632241813602015
0 0.8250000000000001 0.491183879093199 0.14523809523809525 0.17632241813602015
0 0.7630952380952382 0.14483627204030225 0.15000000000000002 0.163727959697733
0 0.594047619047619 0.49748110831234255 0.18809523809523812 0.18387909319899243
0 0.2511904761904762 0.44080604534005036 0.16904761904761906 0.17632241813602015
0 0.45119047619047625 0.29974811083123426 0.14047619047619048 0.13602015113350124
0 0.15000000000000002 0.20906801007556675 0.18095238095238098 0.19143576826196473
0 0.7785714285714287 0.7720403022670025 0.18095238095238098 0.1889168765743073
0 0.18571428571428572 0.35516372795969775 0.16666666666666669 0.1561712846347607
0 0.3404761904761905 0.08060453400503778 0.1619047619047619 0.1561712846347607
0 0.3261904761904762 0.2695214105793451 0.16666666666666669 0.17632241813602015
0 0.7083333333333334 0.45843828715365237 0.14523809523809525 0.17632241813602015
0 0.12023809523809526 0.8979848866498741 0.19285714285714287 0.19395465994962216
0 0.5904761904761905 0.8413098236775819 0.19523809523809527 0.1964735516372796
0 0.5488095238095239 0.6435768261964735 0.16904761904761906 0.17380352644836272
0 0.4130952380952381 0.5050377833753148 0.1642857142857143 0.19395465994962216
0 0.811904761904762 0.3047858942065491 0.16666666666666669 0.17632241813602015
0 0.6571428571428573 0.2795969773299748 0.16666666666666669 0.17632241813602015
