0 0.3935546875 0.2747395833333333 0.171875 0.20833333333333331
0 0.5234375 0.8138020833333333 0.154296875 0.19791666666666666
0 0.86572265625 0.705078125 0.1376953125 0.19140625
0 0.7666015625 0.2864583333333333 0.119140625 0.14583333333333331
0 0.68701171875 0.8541666666666666 0.1650390625 0.21614583333333331
0 0.63671875 0.6569010416666666 0.125 0.19401041666666666
0 0.85205078125 0.41796875 0.1298828125 0.1875
0 0.13671875 0.5182291666666666 0.177734375 0.21875
0 0.29443359375 0.798828125 0.2041015625 0.28515625
0 0.2919921875 0.3984375 0.18359375 0.20572916666666666
0 0.93017578125 0.8424479166666666 0.1396484375 0.19270833333333331
0 0.11865234375 0.9134114583333333 0.2177734375 0.17057291666666666
0 0.5029296875 0.625 0.1640625 0.2109375
0 0.62646484375 0.296875 0.1611328125 0.19270833333333331
0 0.22900390625 0.21028645833333331 0.1630859375 0.22005208333333331
0 0.814453125 0.888671875 0.15234375 0.20703125
0 0.11474609375 0.14973958333333331 0.1279296875 0.15364583333333331
0 0.50732421875 0.4114583333333333 0.1708984375 0.21354166666666666
0 0.740234375 0.6946614583333333 0.10546875 0.17838541666666666
0 0.9248046875 0.21940104166666666 0.109375 0.08723958333333333
0 0.0830078125 0.318359375 0.1640625 0.22005208333333331
0 0.72705078125 0.42057291666666663 0.1416015625 0.203125
0 0.1796875 0.75390625 0.1015625 0.18489583333333331
0 0.08837890625 0.73828125 0.1748046875 0.26822916666666663
0 0.27783203125 0.5983072916666666 0.1513671875 0.18098958333333331
