0 0.14056224899598393 0.4651741293532338 0.1285140562248996 0.15920398009950248
0 0.33132530120481923 0.4626865671641791 0.14859437751004015 0.15422885572139303
0 0.40963855421686746 0.6529850746268656 0.15662650602409636 0.18159203980099503
0 0.5853413654618473 0.28233830845771146 0.1144578313253012 0.09701492537313433
0 0.44879518072289154 0.4054726368159204 0.12248995983935741 0.13432835820895522
0 0.78714859437751 0.7462686567164178 0.14859437751004015 0.14427860696517414
0 0.4548192771084337 0.24253731343283583 0.13052208835341364 0.12189054726368159
0 0.8363453815261044 0.4601990049751244 0.13453815261044175 0.15422885572139303
0 0.6967871485943774 0.5509950248756219 0.15662650602409636 0.14676616915422885
0 0.15562248995983935 0.8830845771144279 0.16265060240963855 0.16417910447761194
0 0.539156626506024 0.7126865671641791 0.1465863453815261 0.17164179104477612
0 0.20281124497991965 0.24129353233830844 0.1285140562248996 0.11940298507462686
0 0.8152610441767068 0.32213930348258707 0.12449799196787148 0.10199004975124377
0 0.18072289156626503 0.6915422885572139 0.18072289156626503 0.22388059701492538
0 0.04116465863453815 0.4825870646766169 0.07831325301204818 0.18407960199004975
0 0.13052208835341364 0.3072139303482587 0.12449799196787148 0.09701492537313433
0 0.4497991967871485 0.8196517412935324 0.17269076305220882 0.19651741293532338
0 0.34538152610441764 0.06343283582089553 0.12048192771084336 0.12189054726368159
0 0.5722891566265059 0.417910447761194 0.12048192771084336 0.13432835820895522
0 0.31425702811244977 0.9303482587064676 0.20281124497991965 0.13432835820895522
0 0.6626506024096385 0.4465174129353234 0.14056224899598393 0.12686567164179105
0 0.7991967871485943 0.8843283582089552 0.17670682730923692 0.20149253731343283
0 0.2771084337349397 0.5945273631840796 0.18473895582329317 0.21890547263681592
0 0.5512048192771084 0.5572139303482587 0.13855421686746985 0.14925373134328357
0 0.646586345381526 0.17537313432835822 0.11646586345381525 0.12189054726368159
0 0.6244979919678715 0.8619402985074627 0.18072289156626503 0.22139303482587064
0 0.8283132530120482 0.2300995024875622 0.13052208835341364 0.11691542288557213
0 0.9146586345381525 0.7711442786069651 0.13052208835341364 0.16417910447761194
0 0.8453815261044176 0.582089552238806 0.14056224899598393 0.14427860696517414
0 0.3263052208835341 0.30970149253731344 0.12650602409638553 0.10696517412935323
0 0.6516064257028111 0.6940298507462687 0.142570281124498 0.12437810945273632
