0 0.2295 0.6322207958921694 0.187 0.28112965340179713
0 0.6985 0.21887034659820281 0.191 0.28112965340179713
0 0.3335 0.8684210526315789 0.195 0.2605905006418485
0 0.921 0.2182284980744544 0.152 0.2464698331193838
0 0.588 0.42105263157894735 0.18 0.24903722721437738
0 0.343 0.4127086007702182 0.186 0.26572528883183566
0 0.5875 0.8716302952503209 0.195 0.25673940949935814
0 0.716 0.6424903722721437 0.192 0.26829268292682923
0 0.462 0.6360718870346598 0.192 0.26829268292682923
0 0.928 0.6399229781771502 0.14 0.2554557124518613
0 0.8310000000000001 0.43324775353016687 0.196 0.28112965340179713
0 0.8485 0.8652118100128369 0.189 0.25417201540436457
0 0.1145 0.38960205391527597 0.187 0.26572528883183566
0 0.2455 0.21630295250320922 0.177 0.24518613607188702
0 0.10350000000000001 0.8594351732991014 0.20500000000000002 0.26829268292682923
0 0.46900000000000003 0.21373555840821565 0.20600000000000002 0.2734274711168164
