0 0.08416666666666667 0.6533333333333333 0.07833333333333334 0.1
0 0.4608333333333334 0.6691666666666667 0.07833333333333334 0.07833333333333334
0 0.5383333333333333 0.6925 0.09333333333333334 0.095
0 0.36000000000000004 0.795 0.06666666666666667 0.07333333333333333
0 0.36000000000000004 0.4683333333333334 0.13 0.12333333333333334
0 0.265 0.5466666666666667 0.12000000000000001 0.1
0 0.7675000000000001 0.2675 0.05166666666666667 0.058333333333333334
0 0.27083333333333337 0.3775 0.08166666666666667 0.065
0 0.165 0.6275000000000001 0.1366666666666667 0.13166666666666668
0 0.3383333333333334 0.20833333333333334 0.09666666666666668 0.10666666666666667
0 0.8991666666666667 0.48250000000000004 0.03833333333333334 0.045000000000000005
0 0.7608333333333334 0.45083333333333336 0.055 0.055
