0 0.9013157894736842 0.7619718309859156 0.19360902255639095 0.24788732394366197
0 0.16635338345864661 0.36126760563380284 0.3289473684210526 0.271830985915493
0 0.4389097744360902 0.6154929577464789 0.20112781954887216 0.15211267605633805
0 0.20676691729323307 0.6161971830985916 0.3157894736842105 0.2295774647887324
0 0.9041353383458646 0.5408450704225353 0.19172932330827067 0.2535211267605634
0 0.4633458646616541 0.7943661971830986 0.3289473684210526 0.24507042253521127
0 0.12030075187969924 0.8922535211267606 0.23684210526315788 0.20985915492957746
0 0.6936090225563909 0.793661971830986 0.24060150375939848 0.20704225352112676
0 0.6851503759398496 0.6098591549295775 0.2988721804511278 0.18873239436619718
0 0.7359022556390977 0.20422535211267606 0.268796992481203 0.21408450704225354
0 0.4614661654135338 0.22816901408450704 0.3665413533834586 0.29577464788732394
0 0.4680451127819549 0.46690140845070427 0.24436090225563908 0.1619718309859155
0 0.724624060150376 0.397887323943662 0.3364661654135338 0.23239436619718312
