0 0.6168750000000001 0.61625 0.23875000000000002 0.26
0 0.623125 0.865625 0.25125000000000003 0.24125
0 0.15 0.11875000000000001 0.2175 0.2325
0 0.380625 0.615625 0.25375000000000003 0.27625
0 0.599375 0.136875 0.22125 0.21875
0 0.148125 0.338125 0.22375 0.23625000000000002
0 0.856875 0.854375 0.24875 0.26125
0 0.385 0.8718750000000001 0.2475 0.24625
0 0.80875 0.328125 0.245 0.26875
0 0.14375000000000002 0.865 0.245 0.27
0 0.143125 0.58375 0.22875 0.28
0 0.59125 0.36625 0.2325 0.255
0 0.3725 0.35125 0.225 0.245
0 0.844375 0.5925 0.25125000000000003 0.2675
0 0.376875 0.116875 0.23375 0.22625
0 0.818125 0.12125 0.21375 0.20750000000000002
