0 0.13533333333333333 0.4993333333333333 0.268 0.2786666666666667
0 0.16866666666666666 0.19799999999999998 0.324 0.2866666666666667
0 0.834 0.188 0.3133333333333333 0.27999999999999997
0 0.45666666666666667 0.4633333333333333 0.3426666666666667 0.31866666666666665
0 0.148 0.7686666666666666 0.29333333333333333 0.3453333333333333
0 0.84 0.8133333333333334 0.3173333333333333 0.35466666666666663
0 0.8166666666666667 0.49866666666666665 0.35333333333333333 0.33599999999999997
0 0.122 0.46066666666666667 0.236 0.252
0 0.47933333333333333 0.7893333333333333 0.372 0.352
0 0.492 0.18 0.328 0.30666666666666664
