0 0.71625 0.22241379310344828 0.0775 0.1
0 0.61875 0.5344827586206896 0.0975 0.12413793103448276
0 0.29 0.39827586206896554 0.08 0.09310344827586206
0 0.38375000000000004 0.6637931034482758 0.1075 0.1482758620689655
0 0.84 0.6086206896551724 0.095 0.12758620689655173
0 0.80125 0.7724137931034483 0.11750000000000001 0.13793103448275862
0 0.0675 0.4 0.08 0.1103448275862069
0 0.70875 0.5086206896551724 0.0925 0.12758620689655173
0 0.34750000000000003 0.8620689655172413 0.115 0.14482758620689656
0 0.705 0.6586206896551724 0.105 0.15172413793103448
0 0.0525 0.7551724137931034 0.1 0.1586206896551724
0 0.57375 0.31551724137931036 0.0775 0.1
0 0.76125 0.3568965517241379 0.0775 0.1
0 0.9575 0.6362068965517241 0.085 0.1413793103448276
0 0.28375 0.6189655172413793 0.08750000000000001 0.13448275862068965
0 0.55375 0.6051724137931035 0.0925 0.12068965517241378
0 0.87625 0.4810344827586207 0.1125 0.12068965517241378
0 0.20125 0.5706896551724138 0.10250000000000001 0.1413793103448276
0 0.25 0.7844827586206896 0.13 0.15517241379310345
0 0.6225 0.41551724137931034 0.09 0.11379310344827587
0 0.89625 0.7551724137931034 0.10250000000000001 0.12413793103448276
0 0.6375000000000001 0.7896551724137931 0.12 0.15172413793103448
0 0.52375 0.6741379310344827 0.10250000000000001 0.1413793103448276
0 0.135 0.8189655172413793 0.095 0.1413793103448276
0 0.3575 0.5086206896551724 0.09 0.1
0 0.50875 0.7862068965517242 0.1075 0.15172413793103448
0 0.05375 0.5465517241379311 0.08750000000000001 0.13448275862068965
0 0.47125 0.3396551724137931 0.0775 0.1
0 0.81 0.5396551724137931 0.085 0.08620689655172414
