0 0.5412037037037037 0.3515625 0.2064814814814815 0.12083333333333333
0 0.3138888888888889 0.5510416666666667 0.10925925925925926 0.06354166666666666
0 0.2925925925925926 0.45 0.09074074074074075 0.052083333333333336
0 0.5736111111111112 0.9497395833333333 0.12685185185185185 0.07864583333333333
0 0.08333333333333334 0.40182291666666664 0.16481481481481483 0.12552083333333333
0 0.38657407407407407 0.39088541666666665 0.14722222222222223 0.0890625
0 0.9097222222222222 0.5236979166666667 0.08240740740740742 0.04739583333333333
0 0.8476851851851852 0.32109375 0.2916666666666667 0.33489583333333334
0 0.6111111111111112 0.5166666666666666 0.12407407407407407 0.07291666666666667
0 0.6583333333333333 0.6278645833333333 0.12037037037037038 0.08177083333333333
