0 0.6838624338624338 0.18209876543209874 0.15696649029982362 0.18871252204585537
0 0.8470017636684303 0.7305996472663139 0.23192239858906524 0.3315696649029982
0 0.23478835978835977 0.5343915343915344 0.22089947089947087 0.2777777777777778
0 0.5224867724867724 0.634700176366843 0.18606701940035272 0.23589065255731922
0 0.7021604938271605 0.8485449735449735 0.1988536155202822 0.2641093474426808
0 0.8154761904761905 0.3880070546737213 0.1538800705467372 0.18165784832451498
0 0.4411375661375661 0.3097442680776014 0.22795414462081126 0.3029100529100529
0 0.5985449735449735 0.4653880070546737 0.17592592592592593 0.23941798941798942
0 0.640652557319224 0.3031305114638448 0.18430335097001763 0.22795414462081126
0 0.4794973544973545 0.8313492063492063 0.27998236331569665 0.29673721340388004
0 0.29387125220458554 0.759700176366843 0.2120811287477954 0.24426807760141092
