0 0.0884375 0.46166666666666667 0.175625 0.2066666666666667
0 0.5109375 0.2729166666666667 0.175625 0.17583333333333334
0 0.914375 0.5429166666666667 0.17125 0.3141666666666667
0 0.2940625 0.5108333333333334 0.229375 0.30000000000000004
0 0.0734375 0.7612500000000001 0.145625 0.2791666666666667
0 0.7212500000000001 0.53125 0.21625 0.2541666666666667
0 0.5075000000000001 0.5158333333333334 0.20875 0.265
0 0.328125 0.30208333333333337 0.18625 0.2525
0 0.7365625 0.8033333333333333 0.235625 0.33333333333333337
0 0.9009375000000001 0.3145833333333333 0.18937500000000002 0.23583333333333334
0 0.25125000000000003 0.7804166666666668 0.27875 0.31083333333333335
0 0.135625 0.25583333333333336 0.1775 0.17333333333333334
0 0.7065625 0.29500000000000004 0.194375 0.21333333333333335
0 0.5028125 0.7879166666666667 0.231875 0.32916666666666666
