0 0.228125 0.82875 0.18375 0.1575
0 0.12562500000000001 0.5775 0.11875000000000001 0.105
0 0.335625 0.6531250000000001 0.12625 0.09875
0 0.284375 0.52375 0.10875 0.0825
0 0.19625 0.7262500000000001 0.17 0.125
0 0.46 0.599375 0.13 0.10375000000000001
0 0.08 0.918125 0.15 0.16375
0 0.894375 0.629375 0.12125 0.09875
0 0.52875 0.926875 0.1925 0.14375000000000002
0 0.65 0.601875 0.13 0.10375000000000001
0 0.733125 0.591875 0.09625 0.10125
0 0.55625 0.520625 0.08750000000000001 0.07125000000000001
0 0.116875 0.5025000000000001 0.10125 0.0575
0 0.07375 0.8043750000000001 0.1375 0.11875000000000001
0 0.263125 0.57875 0.11625 0.11
0 0.6675 0.708125 0.1375 0.13875
0 0.198125 0.61875 0.14875 0.12
0 0.45625 0.7681250000000001 0.17 0.14375000000000002
0 0.503125 0.495 0.09125 0.0775
0 0.2575 0.935625 0.21 0.11625
0 0.8456250000000001 0.515625 0.09375 0.08375
0 0.7312500000000001 0.819375 0.13 0.20125
0 0.85 0.90125 0.19 0.17500000000000002
0 0.065 0.685 0.1225 0.1225
