0 0.477294921875 0.7124505928853755 0.05908203125 0.08234519104084322
0 0.352294921875 0.6215415019762847 0.06396484375 0.08761528326745718
0 0.877685546875 0.8194993412384717 0.07275390625 0.09090909090909091
0 0.557861328125 0.3086297760210804 0.04931640625 0.05731225296442688
0 0.181884765625 0.4723320158102767 0.07177734375 0.08432147562582346
0 0.048828125 0.8468379446640316 0.076171875 0.09815546772068512
0 0.40478515625 0.9347826086956522 0.07421875 0.09881422924901186
0 0.39892578125 0.846179183135705 0.0703125 0.09420289855072464
0 0.13232421875 0.7490118577075099 0.087890625 0.10935441370223979
0 0.154296875 0.549407114624506 0.0771484375 0.07905138339920949
0 0.28076171875 0.9436758893280632 0.0703125 0.09420289855072464
0 0.613037109375 0.8507905138339922 0.07275390625 0.09552042160737813
0 0.12353515625 0.9552042160737814 0.10546875 0.08959156785243742
0 0.467529296875 0.2898550724637681 0.05029296875 0.06324110671936758
0 0.925048828125 0.4347826086956522 0.04541015625 0.056653491436100135
0 0.346923828125 0.43906455862977606 0.07861328125 0.09288537549407115
0 0.377685546875 0.5622529644268774 0.05712890625 0.0691699604743083
0 0.698486328125 0.25757575757575757 0.04345703125 0.05533596837944664
0 0.94140625 0.7493412384716733 0.0654296875 0.09552042160737813
0 0.469482421875 0.6314229249011858 0.05908203125 0.08234519104084322
0 0.40869140625 0.5125164690382082 0.0625 0.08300395256916997
0 0.76416015625 0.2733860342555995 0.048828125 0.06060606060606061
0 0.973388671875 0.5576416337285903 0.04345703125 0.06389986824769434
0 0.479736328125 0.799407114624506 0.06396484375 0.09947299077733861
0 0.681884765625 0.5207509881422925 0.06298828125 0.07839262187088275
0 0.68212890625 0.7928194993412385 0.0751953125 0.0862977602108037
0 0.763916015625 0.6574440052700923 0.05615234375 0.07905138339920949
0 0.6953125 0.7094861660079052 0.0634765625 0.08563899868247694
0 0.29052734375 0.4795783926218709 0.0625 0.08300395256916997
0 0.37744140625 0.3069828722002635 0.046875 0.06719367588932806
0 0.81591796875 0.36758893280632415 0.0478515625 0.06719367588932806
0 0.907470703125 0.5619235836627141 0.05322265625 0.06587615283267458
0 0.038330078125 0.94433465085639 0.07568359375 0.09815546772068512
0 0.20849609375 0.7252964426877471 0.0771484375 0.0935441370223979
0 0.123291015625 0.3738471673254282 0.05712890625 0.06258234519104085
0 0.30078125 0.6963109354413702 0.0771484375 0.0935441370223979
0 0.820556640625 0.48517786561264825 0.05029296875 0.07312252964426878
0 0.907958984375 0.6805006587615283 0.05615234375 0.07905138339920949
0 0.411376953125 0.6353754940711462 0.05908203125 0.08234519104084322
0 0.635986328125 0.6772068511198946 0.05810546875 0.08300395256916997
0 0.77001953125 0.8847167325428196 0.076171875 0.08300395256916997
0 0.888427734375 0.4104084321475626 0.04541015625 0.056653491436100135
0 0.125244140625 0.5128458498023716 0.06591796875 0.0836627140974967
0 0.475341796875 0.9209486166007905 0.06298828125 0.10935441370223979
0 0.78466796875 0.7625164690382082 0.0625 0.07971014492753624
0 0.47900390625 0.4057971014492754 0.048828125 0.06060606060606061
0 0.0537109375 0.7476943346508564 0.0869140625 0.10671936758893281
0 0.410888671875 0.35375494071146246 0.05029296875 0.06324110671936758
0 0.5712890625 0.5375494071146245 0.0615234375 0.07114624505928854
0 0.516357421875 0.66600790513834 0.05810546875 0.08300395256916997
0 0.56884765625 0.4087615283267457 0.05859375 0.07048748353096179
0 0.421142578125 0.7094861660079052 0.06494140625 0.08695652173913043
0 0.175537109375 0.6590909090909092 0.07080078125 0.09025032938076416
0 0.266845703125 0.8695652173913044 0.08056640625 0.10408432147562582
0 0.206787109375 0.9288537549407115 0.07666015625 0.10540184453227933
0 0.735595703125 0.77832674571805 0.07080078125 0.0862977602108037
0 0.951171875 0.6067193675889329 0.0576171875 0.06587615283267458
0 0.30810546875 0.7895256916996047 0.0703125 0.09420289855072464
0 0.175537109375 0.37812911725955206 0.05322265625 0.08036890645586298
0 0.572998046875 0.8000658761528328 0.06396484375 0.09947299077733861
0 0.764892578125 0.9538866930171278 0.07275390625 0.09090909090909091
0 0.207763671875 0.930171277997365 0.07666015625 0.10540184453227933
0 0.72607421875 0.4318181818181818 0.056640625 0.06258234519104085
0 0.248291015625 0.650197628458498 0.07763671875 0.09486166007905139
0 0.499755859375 0.3234519104084322 0.05029296875 0.06324110671936758
0 0.239501953125 0.7921607378129117 0.07373046875 0.0849802371541502
0 0.0517578125 0.5237154150197628 0.0751953125 0.07246376811594203
0 0.8583984375 0.5625823451910409 0.0576171875 0.06851119894598155
0 0.905517578125 0.5006587615283268 0.06005859375 0.06587615283267458
0 0.5068359375 0.5349143610013175 0.0556640625 0.07246376811594203
0 0.51953125 0.43445322793148883 0.052734375 0.06389986824769434
0 0.7626953125 0.3267457180500659 0.048828125 0.06060606060606061
0 0.978271484375 0.485836627140975 0.04345703125 0.06389986824769434
0 0.77294921875 0.4640974967061924 0.056640625 0.06258234519104085
0 0.802001953125 0.6119894598155468 0.05615234375 0.07905138339920949
0 0.761474609375 0.5214097496706193 0.05322265625 0.06521739130434782
0 0.582275390625 0.7022397891963109 0.05810546875 0.08300395256916997
0 0.84814453125 0.7546113306982872 0.0625 0.07971014492753624
0 0.037353515625 0.41271409749670623 0.05712890625 0.06258234519104085
0 0.9501953125 0.6693017127799736 0.0576171875 0.06587615283267458
0 0.322509765625 0.37615283267457184 0.05029296875 0.06324110671936758
0 0.358154296875 0.7101449275362319 0.06494140625 0.08695652173913043
0 0.842529296875 0.9519104084321476 0.07275390625 0.09090909090909091
0 0.842041015625 0.6574440052700923 0.05615234375 0.07905138339920949
0 0.0625 0.6469038208168644 0.0869140625 0.10671936758893281
0 0.564208984375 0.9318181818181819 0.07275390625 0.10737812911725955
0 0.623046875 0.952239789196311 0.0595703125 0.09420289855072464
0 0.60205078125 0.4901185770750988 0.0517578125 0.06719367588932806
0 0.857666015625 0.43807641633728595 0.05322265625 0.06587615283267458
0 0.650146484375 0.45948616600790515 0.05810546875 0.06785243741765482
0 0.342529296875 0.5102108036890646 0.05810546875 0.07971014492753624
0 0.125 0.8547430830039526 0.0927734375 0.11528326745718051
0 0.250244140625 0.3590250329380764 0.05712890625 0.05138339920948617
0 0.243408203125 0.4272068511198946 0.07861328125 0.09288537549407115
0 0.709228515625 0.8777997364953887 0.07080078125 0.0862977602108037
0 0.32958984375 0.31719367588932806 0.0517578125 0.05335968379446641
0 0.73095703125 0.37648221343873517 0.056640625 0.06258234519104085
0 0.62158203125 0.36627140974967065 0.048828125 0.06060606060606061
0 0.369873046875 0.7924901185770752 0.06494140625 0.08695652173913043
0 0.082275390625 0.42457180500658764 0.06298828125 0.06389986824769434
0 0.71240234375 0.310935441370224 0.048828125 0.06060606060606061
0 0.66455078125 0.30303030303030304 0.048828125 0.06060606060606061
