0 0.8310479921645446 0.6307490144546649 0.1714005876591577 0.23127463863337713
0 0.356513222331048 0.7739816031537451 0.14495592556317335 0.2049934296977661
0 0.6346718903036239 0.6195795006570303 0.14299706170421156 0.19842312746386334
0 0.45298726738491674 0.6169513797634691 0.13614103819784526 0.19842312746386334
0 0.5411361410381978 0.46583442838370565 0.13222331047992164 0.19053876478318002
0 0.2776689520078355 0.3226018396846255 0.14789422135161606 0.19842312746386334
0 0.8927522037218414 0.17674113009198422 0.16552399608227228 0.21156373193166886
0 0.3707149853085211 0.469119579500657 0.13026444662095985 0.1865965834428384
0 0.18756121449559257 0.46583442838370565 0.15768854064642507 0.18791064388961892
0 0.3756121449559256 0.18988173455978977 0.14005876591576885 0.20367936925098554
0 0.7242899118511263 0.7792378449408673 0.15572967678746327 0.1997371879106439
0 0.4544564152791381 0.32391590013140603 0.14495592556317335 0.19842312746386334
0 0.6327130264446621 0.3344283837056505 0.13712047012732614 0.19053876478318002
0 0.8070519098922625 0.3226018396846255 0.14103819784524976 0.1747700394218134
0 0.2761998041136141 0.6110381077529566 0.14495592556317335 0.19448094612352168
0 0.20763956904995104 0.19316688567674115 0.14103819784524976 0.16819973718791065
0 0.17531831537708129 0.7674113009198423 0.1547502448579824 0.1865965834428384
0 0.7257590597453477 0.46649145860709595 0.14691478942213518 0.19185282522996058
0 0.9133202742409403 0.7864651773981604 0.15181194906953968 0.20367936925098554
0 0.5475024485798238 0.7706964520367937 0.14691478942213518 0.18791064388961892
0 0.10920666013712048 0.6110381077529566 0.15181194906953968 0.18396846254927726
0 0.9074436826640548 0.47371879106438897 0.15768854064642507 0.20105124835742444
0 0.7213516160626837 0.183311432325887 0.14201762977473065 0.20105124835742444
0 0.11459353574926542 0.328515111695138 0.15083251714005877 0.19710906701708278
0 0.544564152791381 0.18462549277266754 0.14495592556317335 0.21156373193166886
