0 0.15083333333333335 0.7166666666666667 0.21500000000000002 0.2733333333333334
0 0.36750000000000005 0.7266666666666667 0.24166666666666667 0.27666666666666667
0 0.17083333333333334 0.4808333333333334 0.20833333333333334 0.2316666666666667
0 0.3841666666666667 0.2541666666666667 0.22166666666666668 0.19833333333333333
0 0.1975 0.26583333333333337 0.195 0.21500000000000002
0 0.6566666666666667 0.9333333333333333 0.26666666666666666 0.12333333333333334
0 0.8558333333333333 0.6875 0.25833333333333336 0.2783333333333334
0 0.2016666666666667 0.095 0.16333333333333333 0.18000000000000002
0 0.5583333333333333 0.24000000000000002 0.15000000000000002 0.2366666666666667
0 0.8266666666666668 0.4391666666666667 0.24000000000000002 0.25833333333333336
0 0.6125 0.7241666666666667 0.25833333333333336 0.2783333333333334
0 0.6308333333333334 0.4716666666666667 0.17500000000000002 0.24666666666666667
