0 0.18310546875 0.8912760416666666 0.1591796875 0.21223958333333331
0 0.05322265625 0.4251302083333333 0.1044921875 0.19921875
0 0.07861328125 0.779296875 0.1552734375 0.23046875
0 0.39892578125 0.64453125 0.1708984375 0.21614583333333331
0 0.8828125 0.8528645833333333 0.173828125 0.22916666666666666
0 0.75146484375 0.158203125 0.1337890625 0.18880208333333331
0 0.2822265625 0.5338541666666666 0.16796875 0.21614583333333331
0 0.4033203125 0.42057291666666663 0.16796875 0.21614583333333331
0 0.263671875 0.7356770833333333 0.1484375 0.1953125
0 0.86865234375 0.400390625 0.1474609375 0.19140625
0 0.46826171875 0.2421875 0.1533203125 0.2109375
0 0.166015625 0.3763020833333333 0.173828125 0.234375
0 0.77294921875 0.677734375 0.1767578125 0.22526041666666666
0 0.7353515625 0.501953125 0.1640625 0.18880208333333331
0 0.60986328125 0.7096354166666666 0.1533203125 0.22916666666666666
0 0.31103515625 0.24088541666666666 0.1611328125 0.20833333333333331
0 0.267578125 0.07291666666666666 0.14453125 0.14322916666666666
0 0.85888671875 0.09635416666666666 0.1474609375 0.19010416666666666
0 0.576171875 0.337890625 0.17578125 0.24088541666666666
0 0.16357421875 0.6282552083333333 0.1416015625 0.20182291666666666
0 0.57666015625 0.8522135416666666 0.1767578125 0.22526041666666666
0 0.91015625 0.5677083333333333 0.169921875 0.23958333333333331
0 0.103515625 0.09505208333333333 0.169921875 0.1875
0 0.12890625 0.251953125 0.14453125 0.15494791666666666
0 0.5361328125 0.5494791666666666 0.158203125 0.21354166666666666
0 0.6083984375 0.16015625 0.154296875 0.1875
0 0.41259765625 0.8561197916666666 0.1591796875 0.21223958333333331
0 0.90966796875 0.22591145833333331 0.1474609375 0.19140625
