0 0.803125 0.7166666666666667 0.12375 0.19333333333333336
0 0.731875 0.36333333333333334 0.15625 0.19333333333333336
0 0.925 0.41833333333333333 0.11750000000000001 0.15666666666666668
0 0.928125 0.7716666666666667 0.14375000000000002 0.2066666666666667
0 0.61 0.795 0.1475 0.15666666666666668
0 0.47375 0.3075 0.125 0.09833333333333334
0 0.54875 0.3916666666666667 0.1375 0.18333333333333335
0 0.8356250000000001 0.48500000000000004 0.15625 0.19333333333333336
0 0.63875 0.5108333333333334 0.115 0.16166666666666668
0 0.30375 0.3841666666666667 0.135 0.16166666666666668
0 0.495 0.7350000000000001 0.1475 0.15666666666666668
0 0.520625 0.5691666666666667 0.15875 0.21166666666666667
0 0.703125 0.665 0.15625 0.19333333333333336
0 0.3625 0.5850000000000001 0.16 0.22
0 0.42875 0.4116666666666667 0.12 0.16666666666666669
0 0.834375 0.3516666666666667 0.06125 0.08
0 0.9225 0.62 0.145 0.16
0 0.28125 0.7400000000000001 0.15 0.16666666666666669
