0 0.21064814814814814 0.1636284722222222 0.14351851851851852 0.09895833333333333
0 0.7057291666666666 0.1736111111111111 0.17766203703703703 0.11631944444444443
0 0.8449074074074073 0.564453125 0.23379629629629628 0.18098958333333331
0 0.2589699074074074 0.2378472222222222 0.17766203703703703 0.11631944444444443
0 0.2265625 0.4463975694444444 0.21469907407407407 0.14366319444444445
0 0.8877314814814814 0.7309027777777778 0.22453703703703703 0.1814236111111111
0 0.4444444444444444 0.4136284722222222 0.22569444444444442 0.16666666666666666
0 0.17563657407407407 0.33637152777777773 0.17766203703703703 0.1111111111111111
0 0.38686342592592593 0.7426215277777778 0.2841435185185185 0.21180555555555555
0 0.39265046296296297 0.5716145833333333 0.24594907407407407 0.16232638888888887
0 0.6545138888888888 0.6944444444444444 0.2638888888888889 0.2109375
0 0.6516203703703703 0.3611111111111111 0.23148148148148145 0.1831597222222222
0 0.548611111111111 0.15234375 0.16435185185185183 0.1032986111111111
0 0.35995370370370366 0.15104166666666666 0.14351851851851852 0.09895833333333333
0 0.7760416666666666 0.2810329861111111 0.18287037037037035 0.1271701388888889
0 0.13917824074074073 0.5987413194444444 0.27141203703703703 0.18272569444444445
0 0.3550347222222222 0.3181423611111111 0.19386574074074073 0.1423611111111111
0 0.11371527777777778 0.790798611111111 0.22627314814814814 0.20225694444444442
0 0.44241898148148145 0.22352430555555555 0.17766203703703703 0.11631944444444443
