0 0.08275462962962962 0.501929012345679 0.07175925925925926 0.09182098765432098
0 0.49826388888888884 0.7364969135802468 0.0798611111111111 0.10416666666666666
0 0.7488425925925926 0.9621913580246914 0.08217592592592592 0.07407407407407407
0 0.6096643518518519 0.9853395061728395 0.03761574074074074 0.029320987654320986
0 0.30671296296296297 0.14891975308641975 0.09837962962962962 0.1450617283950617
0 0.6944444444444444 0.785108024691358 0.07638888888888888 0.11805555555555555
0 0.8813657407407407 0.8125 0.0625 0.07253086419753085
0 0.5037615740740741 0.37384259259259256 0.08738425925925926 0.11805555555555555
0 0.21383101851851852 0.2962962962962963 0.06886574074074074 0.09104938271604937
0 0.8081597222222222 0.7665895061728395 0.0931712962962963 0.11805555555555555
0 0.37818287037037035 0.37461419753086417 0.08506944444444443 0.11188271604938271
0 0.5535300925925926 0.11574074074074073 0.09432870370370369 0.14043209876543208
0 0.8784722222222222 0.32098765432098764 0.2222222222222222 0.29320987654320985
0 0.6206597222222222 0.6693672839506173 0.08506944444444443 0.11188271604938271
0 0.513599537037037 0.90625 0.09201388888888888 0.13657407407407407
0 0.9169560185185185 0.8896604938271604 0.08043981481481481 0.10648148148148148
0 0.23871527777777776 0.5756172839506173 0.09664351851851852 0.13271604938271603
0 0.16087962962962962 0.40316358024691357 0.07175925925925926 0.09182098765432098
0 0.33217592592592593 0.9278549382716049 0.06597222222222222 0.08101851851851852
