0 0.6806666666666666 0.9159999999999999 0.08933333333333333 0.08266666666666667
0 0.30733333333333335 0.604 0.06799999999999999 0.08533333333333333
0 0.12266666666666666 0.6093333333333333 0.072 0.08533333333333333
0 0.16 0.5266666666666666 0.072 0.096
0 0.5206666666666666 0.724 0.08399999999999999 0.09066666666666666
0 0.5459999999999999 0.8413333333333333 0.10533333333333333 0.10933333333333332
0 0.818 0.78 0.08933333333333333 0.104
0 0.7326666666666667 0.7526666666666666 0.08666666666666667 0.09466666666666666
0 0.2673333333333333 0.52 0.06533333333333333 0.07466666666666666
0 0.074 0.6699999999999999 0.08399999999999999 0.09733333333333333
0 0.46599999999999997 0.8019999999999999 0.07866666666666666 0.09999999999999999
0 0.714 0.6773333333333333 0.08399999999999999 0.09066666666666666
0 0.7726666666666666 0.9013333333333333 0.08933333333333333 0.104
0 0.888 0.8373333333333333 0.096 0.10666666666666666
0 0.6026666666666667 0.5793333333333334 0.06933333333333333 0.076
0 0.3466666666666667 0.5493333333333333 0.072 0.07733333333333334
0 0.25666666666666665 0.7113333333333333 0.07866666666666666 0.09999999999999999
0 0.7813333333333333 0.6659999999999999 0.07466666666666666 0.09466666666666666
0 0.19999999999999998 0.614 0.07466666666666666 0.07066666666666667
0 0.5886666666666667 0.6466666666666666 0.07066666666666667 0.08
0 0.6126666666666667 0.7859999999999999 0.08666666666666667 0.09466666666666666
0 0.702 0.8366666666666667 0.08399999999999999 0.09466666666666666
0 0.18866666666666665 0.6859999999999999 0.07866666666666666 0.09999999999999999
0 0.5126666666666666 0.6473333333333333 0.08399999999999999 0.08133333333333333
0 0.854 0.6813333333333333 0.08399999999999999 0.09066666666666666
0 0.33266666666666667 0.6513333333333333 0.07333333333333333 0.07866666666666666
