0 0.15763888888888888 0.18229166666666666 0.21666666666666667 0.140625
0 0.2451388888888889 0.07708333333333334 0.19583333333333333 0.15208333333333332
0 0.37777777777777777 0.29401041666666666 0.23333333333333334 0.2015625
0 0.3076388888888889 0.6794270833333333 0.2625 0.22135416666666666
0 0.9055555555555556 0.7559895833333333 0.17916666666666667 0.2203125
0 0.6635416666666667 0.04791666666666666 0.16875 0.09479166666666666
0 0.5166666666666667 0.09713541666666667 0.15555555555555556 0.16614583333333333
0 0.6878472222222223 0.7385416666666667 0.2673611111111111 0.228125
0 0.5437500000000001 0.4921875 0.11111111111111112 0.14166666666666666
0 0.8788194444444445 0.25390625 0.22847222222222224 0.15260416666666665
0 0.6559027777777778 0.21302083333333333 0.22847222222222224 0.16979166666666667
0 0.5027777777777778 0.84609375 0.2625 0.22135416666666666
0 0.7520833333333333 0.10234375 0.2013888888888889 0.16302083333333334
0 0.9315972222222223 0.91640625 0.13541666666666669 0.14322916666666666
0 0.3965277777777778 0.4966145833333333 0.24583333333333335 0.20052083333333334
0 0.3784722222222222 0.12916666666666665 0.23055555555555557 0.18541666666666667
0 0.04513888888888889 0.20546875 0.08888888888888889 0.17552083333333332
0 0.7472222222222222 0.8744791666666667 0.24444444444444446 0.15416666666666667
0 0.65625 0.5330729166666667 0.24027777777777778 0.19739583333333333
0 0.12152777777777778 0.503125 0.24166666666666667 0.18854166666666666
0 0.8961805555555555 0.56015625 0.20625000000000002 0.1921875
0 0.09236111111111112 0.6955729166666667 0.18333333333333335 0.2171875
0 0.15694444444444444 0.3184895833333333 0.24583333333333335 0.18489583333333334
0 0.25416666666666665 0.8286458333333333 0.2611111111111111 0.15104166666666666
0 0.8833333333333334 0.3927083333333333 0.23194444444444445 0.16354166666666667
