0 0.5332924836601307 0.9425551470588235 0.16299019607843138 0.10998774509803921
0 0.3631535947712418 0.4401041666666667 0.12173202614379085 0.09283088235294118
0 0.5218545751633987 0.5698529411764706 0.13276143790849673 0.06862745098039216
0 0.6413398692810458 0.3713235294117647 0.10130718954248366 0.0661764705882353
0 0.4121732026143791 0.8301164215686274 0.17892156862745098 0.15778186274509803
0 0.4536356209150327 0.32705269607843135 0.1090686274509804 0.078125
0 0.20506535947712418 0.9514399509803921 0.1919934640522876 0.09712009803921569
0 0.9291258169934641 0.7345281862745098 0.1294934640522876 0.10324754901960784
0 0.8361928104575164 0.3872549019607843 0.10130718954248366 0.0661764705882353
0 0.11580882352941177 0.43121936274509803 0.14011437908496732 0.0934436274509804
0 0.18627450980392157 0.2916666666666667 0.119281045751634 0.07965686274509803
0 0.3837826797385621 0.5764399509803921 0.1352124183006536 0.06341911764705882
0 0.4550653594771242 0.5157781862745098 0.14133986928104575 0.08915441176470588
0 0.8496732026143791 0.9281556372549019 0.18382352941176472 0.13817401960784315
0 0.3713235294117647 0.9509803921568627 0.1781045751633987 0.09803921568627451
0 0.3000408496732026 0.3200061274509804 0.1090686274509804 0.078125
0 0.607638888888889 0.4733455882352941 0.11642156862745098 0.0857843137254902
0 0.26429738562091504 0.4944852941176471 0.14215686274509803 0.10110294117647059
0 0.10702614379084968 0.8676470588235294 0.2107843137254902 0.1636029411764706
0 0.7888071895424836 0.7918198529411764 0.16258169934640523 0.13633578431372548
0 0.6431781045751634 0.7461703431372549 0.1294934640522876 0.11060049019607843
0 0.5561683006535948 0.8356311274509803 0.13276143790849673 0.1253063725490196
0 0.05800653594771242 0.507046568627451 0.11519607843137256 0.10110294117647059
0 0.6803513071895425 0.46277573529411764 0.1017156862745098 0.07996323529411764
0 0.5194035947712419 0.3981311274509804 0.1090686274509804 0.078125
0 0.7534722222222222 0.5445772058823529 0.1213235294117647 0.0818014705882353
0 0.8615196078431373 0.4831495098039216 0.119281045751634 0.07352941176470588
0 0.1962826797385621 0.5687806372549019 0.17116013071895425 0.078125
0 0.27512254901960786 0.8385416666666666 0.14583333333333334 0.14215686274509803
