0 0.42109375 0.8189814814814815 0.16510416666666666 0.2898148148148148
0 0.69296875 0.1527777777777778 0.12135416666666667 0.22777777777777777
0 0.15234375 0.3902777777777778 0.21510416666666665 0.33425925925925926
0 0.28151041666666665 0.3458333333333333 0.13385416666666666 0.2675925925925926
0 0.7109375 0.663425925925926 0.18333333333333332 0.3453703703703704
0 0.24088541666666666 0.6930555555555555 0.20885416666666667 0.36203703703703705
0 0.896875 0.5189814814814815 0.16145833333333334 0.2638888888888889
0 0.5606770833333333 0.15462962962962964 0.17760416666666667 0.3074074074074074
0 0.56796875 0.7990740740740742 0.18697916666666667 0.337037037037037
0 0.6645833333333333 0.37083333333333335 0.184375 0.3212962962962963
0 0.5018229166666667 0.45925925925925926 0.18697916666666667 0.337037037037037
0 0.39401041666666664 0.21296296296296297 0.17760416666666667 0.3092592592592593
0 0.84375 0.18472222222222223 0.16458333333333333 0.3027777777777778
