0 0.8211805555555556 0.4471354166666667 0.20347222222222222 0.14947916666666666
0 0.6791666666666667 0.17369791666666667 0.17083333333333334 0.14947916666666666
0 0.8152777777777778 0.20729166666666665 0.1486111111111111 0.13125
0 0.23680555555555557 0.42526041666666664 0.18055555555555555 0.1328125
0 0.36944444444444446 0.9388020833333334 0.19444444444444445 0.12239583333333333
0 0.12430555555555556 0.14166666666666666 0.15972222222222224 0.159375
0 0.46875 0.6497395833333334 0.18333333333333335 0.14322916666666666
0 0.4059027777777778 0.23177083333333334 0.1590277777777778 0.12083333333333333
0 0.06458333333333334 0.9138020833333333 0.1277777777777778 0.16302083333333334
0 0.5392361111111111 0.20364583333333333 0.1423611111111111 0.11979166666666667
0 0.2638888888888889 0.1875 0.18333333333333335 0.14583333333333334
0 0.2670138888888889 0.6830729166666667 0.23125 0.15989583333333332
0 0.08888888888888889 0.43906249999999997 0.16666666666666669 0.13645833333333332
0 0.5263888888888889 0.3223958333333333 0.1638888888888889 0.13541666666666666
0 0.3375 0.5403645833333334 0.18055555555555555 0.1328125
0 0.40069444444444446 0.809375 0.25 0.196875
0 0.27743055555555557 0.06588541666666667 0.16597222222222222 0.12864583333333332
0 0.748263888888889 0.5703125 0.20069444444444445 0.14166666666666666
0 0.4378472222222222 0.09296875 0.16041666666666668 0.1609375
0 0.1840277777777778 0.9471354166666667 0.17916666666666667 0.1046875
0 0.5767361111111111 0.5643229166666667 0.14930555555555555 0.11510416666666666
0 0.06909722222222223 0.6130208333333333 0.13680555555555557 0.14166666666666666
0 0.5600694444444445 0.9140625 0.2215277777777778 0.16875
0 0.8368055555555556 0.32057291666666665 0.19444444444444445 0.12239583333333333
0 0.9395833333333333 0.18463541666666666 0.12083333333333333 0.1265625
0 0.2548611111111111 0.3109375 0.13055555555555556 0.109375
0 0.2152777777777778 0.83203125 0.18333333333333335 0.14322916666666666
0 0.07777777777777778 0.7557291666666667 0.15 0.14166666666666666
0 0.6791666666666667 0.3 0.1638888888888889 0.13541666666666666
0 0.10416666666666667 0.29453125 0.17083333333333334 0.14947916666666666
0 0.7121527777777779 0.7635416666666667 0.20069444444444445 0.15729166666666666
0 0.6291666666666667 0.43124999999999997 0.19166666666666668 0.14479166666666665
0 0.7652777777777778 0.05859375 0.18611111111111112 0.1140625
0 0.8788194444444445 0.6901041666666666 0.20347222222222222 0.14895833333333333
0 0.5881944444444445 0.07083333333333333 0.16805555555555557 0.134375
0 0.33611111111111114 0.5393229166666667 0.18055555555555555 0.1328125
0 0.3923611111111111 0.359375 0.1638888888888889 0.13541666666666666
