0 0.4564814814814815 0.7395833333333334 0.26481481481481484 0.22361111111111112
0 0.5064814814814815 0.5197916666666667 0.25925925925925924 0.21319444444444446
0 0.22731481481481483 0.5722222222222223 0.27870370370370373 0.22083333333333335
0 0.2240740740740741 0.20902777777777778 0.2833333333333333 0.18611111111111112
0 0.7527777777777778 0.5503472222222222 0.2555555555555556 0.1798611111111111
0 0.9111111111111111 0.29791666666666666 0.17777777777777778 0.1875
0 0.18611111111111112 0.8409722222222222 0.32407407407407407 0.24861111111111112
0 0.4365740740740741 0.9260416666666667 0.275 0.13819444444444445
0 0.7305555555555556 0.7427083333333334 0.26296296296296295 0.19652777777777777
0 0.07361111111111111 0.6829861111111112 0.14722222222222223 0.20625000000000002
