0 0.09681372549019608 0.2423406862745098 0.19362745098039216 0.18321078431372548
0 0.4950980392156863 0.1412377450980392 0.2696078431372549 0.23039215686274508
0 0.1854575163398693 0.7627144607843137 0.07434640522875817 0.04503676470588235
0 0.4011437908496732 0.6487438725490196 0.04575163398692811 0.0352328431372549
0 0.49387254901960786 0.33425245098039214 0.16911764705882354 0.13480392156862744
0 0.5361519607843137 0.6790747549019608 0.06413398692810458 0.04442401960784314
0 0.11008986928104575 0.556219362745098 0.0363562091503268 0.022365196078431373
0 0.8570261437908497 0.2936580882352941 0.17238562091503268 0.1479779411764706
0 0.3186274509803922 0.41973039215686275 0.19444444444444445 0.1605392156862745
0 0.3306781045751634 0.6568627450980392 0.07883986928104575 0.05330882352941176
0 0.5951797385620915 0.6150428921568627 0.17565359477124184 0.13449754901960784
0 0.6343954248366013 0.07490808823529412 0.2099673202614379 0.14675245098039216
0 0.4123774509803922 0.1334252450980392 0.13766339869281047 0.09221813725490197
