0 0.5475 0.8516666666666667 0.3816666666666667 0.21333333333333335
0 0.3741666666666667 0.8483333333333334 0.7483333333333334 0.27666666666666667
0 0.15166666666666667 0.8641666666666667 0.28 0.18500000000000003
0 0.4475 0.6716666666666667 0.275 0.29000000000000004
0 0.7683333333333334 0.6766666666666667 0.39333333333333337 0.3566666666666667
0 0.6725000000000001 0.56 0.6383333333333334 0.5566666666666668
0 0.8708333333333333 0.5841666666666667 0.24833333333333335 0.23500000000000001
0 0.5866666666666667 0.6816666666666668 0.4466666666666667 0.31
0 0.28833333333333333 0.9133333333333334 0.15666666666666668 0.15666666666666668
0 0.6133333333333334 0.41250000000000003 0.33 0.3216666666666667
