0 0.629875 0.783 0.21875 0.27999999999999997
0 0.86475 0.758 0.23900000000000002 0.30066666666666664
0 0.405625 0.775 0.22425 0.30066666666666664
0 0.64675 0.36483333333333334 0.20350000000000001 0.251
0 0.53075 0.19633333333333333 0.182 0.264
0 0.521875 0.5383333333333333 0.20325000000000001 0.254
0 0.319875 0.5386666666666666 0.20325000000000001 0.254
0 0.753125 0.5495 0.22625 0.29966666666666664
0 0.416125 0.3565 0.18375 0.24366666666666667
0 0.186375 0.7798333333333333 0.23275 0.29833333333333334
