0 0.5546875 0.6966145833333333 0.21484375 0.3177083333333333
0 0.6767578125 0.30338541666666663 0.1484375 0.234375
0 0.23193359375 0.30729166666666663 0.1884765625 0.1796875
0 0.5224609375 0.28580729166666663 0.193359375 0.25390625
0 0.1728515625 0.5 0.19921875 0.2708333333333333
0 0.7978515625 0.25065104166666663 0.15234375 0.22005208333333331
0 0.93310546875 0.3177083333333333 0.1337890625 0.20833333333333331
0 0.38818359375 0.7897135416666666 0.2041015625 0.26953125
0 0.11376953125 0.16861979166666666 0.2001953125 0.27213541666666663
0 0.35498046875 0.17708333333333331 0.1748046875 0.23697916666666666
0 0.94140625 0.6477864583333333 0.1171875 0.24088541666666666
0 0.20654296875 0.7858072916666666 0.1806640625 0.2513020833333333
0 0.791015625 0.6119791666666666 0.20703125 0.2630208333333333
0 0.86328125 0.17708333333333331 0.134765625 0.16927083333333331
0 0.369140625 0.4231770833333333 0.19921875 0.2708333333333333
0 0.67431640625 0.8098958333333333 0.1845703125 0.2578125
