0 0.9811111111111112 0.8783333333333334 0.03777777777777778 0.11333333333333334
0 0.7544444444444445 0.49250000000000005 0.12222222222222222 0.2016666666666667
0 0.44277777777777777 0.5775 0.14333333333333334 0.21166666666666667
0 0.041666666666666664 0.3491666666666667 0.0811111111111111 0.14500000000000002
0 0.5461111111111111 0.6608333333333334 0.1322222222222222 0.17833333333333334
0 0.7038888888888889 0.07583333333333334 0.09888888888888889 0.14166666666666666
0 0.25722222222222224 0.6108333333333333 0.1322222222222222 0.17500000000000002
0 0.6527777777777778 0.41583333333333333 0.11666666666666667 0.18166666666666667
0 0.25166666666666665 0.4316666666666667 0.14777777777777779 0.18333333333333335
0 0.4711111111111111 0.2833333333333333 0.12222222222222222 0.15666666666666668
0 0.5872222222222222 0.5141666666666667 0.14555555555555555 0.16833333333333333
0 0.3472222222222222 0.2833333333333333 0.10555555555555556 0.14666666666666667
0 0.6822222222222222 0.6175 0.1288888888888889 0.155
0 0.44333333333333336 0.41500000000000004 0.12222222222222222 0.15666666666666668
0 0.9033333333333333 0.7941666666666667 0.12222222222222222 0.19166666666666668
0 0.9322222222222222 0.6183333333333334 0.1111111111111111 0.17666666666666667
0 0.88 0.54 0.10444444444444445 0.14666666666666667
0 0.043333333333333335 0.05333333333333334 0.08444444444444445 0.10333333333333335
