0 0.94140625 0.8782552083333333 0.1171875 0.24088541666666666
0 0.77294921875 0.7278645833333333 0.2939453125 0.3984375
0 0.16943359375 0.236328125 0.2685546875 0.36328125
0 0.91259765625 0.333984375 0.1689453125 0.3138020833333333
0 0.94970703125 0.09895833333333333 0.0927734375 0.19270833333333331
0 0.42236328125 0.15104166666666666 0.2666015625 0.2942708333333333
0 0.47119140625 0.423828125 0.2412109375 0.31901041666666663
0 0.20458984375 0.6393229166666666 0.2919921875 0.390625
0 0.62451171875 0.15169270833333331 0.1494140625 0.2903645833333333
0 0.4677734375 0.7200520833333333 0.279296875 0.35416666666666663
0 0.36962890625 0.9192708333333333 0.2900390625 0.15364583333333331
0 0.7080078125 0.39518229166666663 0.291015625 0.33984375
0 0.0703125 0.38151041666666663 0.138671875 0.3828125
0 0.12060546875 0.8984375 0.2373046875 0.19010416666666666
0 0.78271484375 0.12955729166666666 0.2724609375 0.25651041666666663
