0 0.10325047801147227 0.9666221628838451 0.20267686424474188 0.06675567423230974
0 0.777246653919694 0.5126835781041388 0.3193116634799235 0.24032042723631508
0 0.4407265774378585 0.9345794392523364 0.23135755258126195 0.1281708945260347
0 0.3107074569789675 0.35580774365821094 0.27724665391969405 0.22563417890520693
0 0.5745697896749522 0.36248331108144194 0.3652007648183556 0.27636849132176233
0 0.5344168260038241 0.808411214953271 0.2925430210325048 0.17757009345794392
0 0.7409177820267686 0.753671562082777 0.20076481835564053 0.19092122830440586
0 0.6424474187380497 0.12082777036048063 0.37476099426386233 0.2389853137516689
0 0.6634799235181644 0.9686248331108144 0.23326959847036327 0.06275033377837116
0 0.2552581261950287 0.8431241655540721 0.1892925430210325 0.14552736982643524
0 0.10994263862332695 0.06942590120160214 0.21606118546845124 0.13618157543391188
0 0.7762906309751434 0.2823765020026702 0.20650095602294455 0.22830440587449932
0 0.47036328871892924 0.5994659546061415 0.35564053537284895 0.2643524699599466
0 0.19694072657743786 0.7229639519359146 0.21032504780114722 0.15086782376502003
0 0.06787762906309751 0.6568758344459279 0.13193116634799235 0.17623497997329773
0 0.14149139579349904 0.22830440587449932 0.18738049713193117 0.14419225634178906
0 0.09273422562141491 0.8304405874499332 0.18164435946462715 0.1602136181575434
