0 0.9464285714285714 0.5352112676056339 0.10714285714285714 0.2776659959758552
0 0.6035714285714285 0.23943661971830987 0.3242857142857143 0.4748490945674045
0 0.7978571428571428 0.6609657947686117 0.3585714285714286 0.4849094567404427
0 0.3242857142857143 0.7837022132796782 0.36 0.31991951710261574
0 0.054285714285714284 0.6126760563380282 0.10571428571428572 0.323943661971831
0 0.2007142857142857 0.5442655935613683 0.3271428571428571 0.4486921529175051
0 0.08071428571428571 0.14688128772635817 0.15857142857142856 0.289738430583501
0 0.5007142857142857 0.6619718309859155 0.2757142857142857 0.4346076458752515
0 0.4907142857142857 0.04728370221327968 0.12714285714285714 0.09054325955734407
0 0.17214285714285715 0.3108651911468813 0.26142857142857145 0.2756539235412475
