0 0.48 0.615506329113924 0.12 0.1360759493670886
0 0.2025 0.5079113924050633 0.125 0.14240506329113925
0 0.975 0.6265822784810127 0.045 0.12025316455696203
0 0.6725 0.6882911392405063 0.13 0.14873417721518986
0 0.2775 0.6914556962025317 0.12 0.1360759493670886
0 0.76 0.8876582278481012 0.12 0.1360759493670886
0 0.95125 0.8496835443037974 0.0925 0.11075949367088607
0 0.375 0.8212025316455696 0.13 0.14873417721518986
0 0.23375 0.9193037974683544 0.1475 0.14240506329113925
0 0.535 0.9224683544303798 0.12 0.1360759493670886
0 0.5675 0.8212025316455696 0.13 0.14873417721518986
0 0.0925 0.5664556962025317 0.145 0.13291139240506328
0 0.0925 0.6503164556962026 0.115 0.11075949367088607
0 0.08625000000000001 0.7563291139240507 0.1275 0.15822784810126583
