0 0.48691860465116277 0.7177242888402625 0.1613372093023256 0.24507658643326038
0 0.3568313953488372 0.5136761487964989 0.13517441860465115 0.21334792122538293
0 0.1257267441860465 0.37910284463894967 0.14680232558139536 0.23304157549234134
0 0.610828488372093 0.5842450765864332 0.15334302325581395 0.2560175054704595
0 0.7565406976744186 0.4972647702407002 0.14534883720930233 0.2461706783369803
0 0.8019622093023255 0.20951859956236324 0.12718023255813954 0.1236323851203501
0 0.14825581395348836 0.8150984682713348 0.13372093023255813 0.19912472647702406
0 0.5203488372093024 0.49507658643326036 0.1322674418604651 0.18927789934354486
0 0.8848110465116279 0.6827133479212254 0.11119186046511628 0.1772428884026258
0 0.9113372093023255 0.29266958424507655 0.17151162790697674 0.30087527352297594
0 0.10901162790697674 0.6225382932166301 0.15261627906976744 0.2385120350109409
0 0.6824127906976744 0.10393873085339168 0.1569767441860465 0.20568927789934355
0 0.5632267441860465 0.34573304157549234 0.08866279069767442 0.10722100656455141
0 0.251453488372093 0.2560175054704595 0.1380813953488372 0.212253829321663
