0 0.52 0.27842809364548493 0.16444444444444445 0.20234113712374582
0 0.15166666666666667 0.8478260869565217 0.18333333333333332 0.23076923076923075
0 0.07055555555555555 0.12290969899665552 0.12777777777777777 0.18561872909698995
0 0.33944444444444444 0.8561872909698997 0.1811111111111111 0.26755852842809363
0 0.37777777777777777 0.2140468227424749 0.14222222222222222 0.23076923076923075
0 0.6705555555555556 0.9222408026755853 0.1322222222222222 0.14882943143812707
0 0.5838888888888889 0.11204013377926421 0.12555555555555556 0.20066889632107024
0 0.5522222222222222 0.47575250836120403 0.16 0.24247491638795987
0 0.36833333333333335 0.056856187290969896 0.06333333333333334 0.11036789297658862
0 0.11277777777777778 0.6505016722408027 0.19 0.23745819397993312
0 0.775 0.8494983277591973 0.19 0.26755852842809363
0 0.3977777777777778 0.4331103678929766 0.16 0.21739130434782608
0 0.9327777777777778 0.8812709030100334 0.1322222222222222 0.23076923076923075
0 0.4577777777777778 0.0903010033444816 0.14444444444444443 0.17725752508361203
0 0.7905555555555556 0.09531772575250835 0.11666666666666667 0.17725752508361203
0 0.029444444444444443 0.540133779264214 0.056666666666666664 0.2140468227424749
0 0.4444444444444444 0.6446488294314381 0.15555555555555556 0.24581939799331104
0 0.5405555555555556 0.8219063545150501 0.17222222222222222 0.25585284280936454
0 0.7088888888888889 0.061872909698996656 0.13555555555555557 0.12040133779264214
0 0.9155555555555556 0.0903010033444816 0.14222222222222222 0.17725752508361203
0 0.6538888888888889 0.6622073578595318 0.17444444444444446 0.26421404682274247
0 0.2972222222222222 0.6254180602006689 0.14555555555555555 0.24749163879598662
0 0.7094444444444444 0.4322742474916388 0.15444444444444444 0.23244147157190634
0 0.8855555555555555 0.4498327759197324 0.18444444444444444 0.2408026755852843
0 0.2611111111111111 0.3896321070234114 0.14444444444444443 0.2408026755852843
0 0.27944444444444444 0.1028428093645485 0.11888888888888889 0.18896321070234112
0 0.11055555555555556 0.4122073578595318 0.16777777777777778 0.225752508361204
0 0.6833333333333333 0.2525083612040134 0.16444444444444445 0.19732441471571907
