0 0.8771834061135371 0.4662261380323054 0.23253275109170304 0.3039647577092511
0 0.8466157205240175 0.19970631424375918 0.24563318777292575 0.2907488986784141
0 0.6124454148471615 0.48237885462555063 0.27510917030567683 0.33627019089574156
0 0.6091703056768558 0.18061674008810572 0.22489082969432314 0.2701908957415565
0 0.3662663755458515 0.17547723935389134 0.24563318777292575 0.2951541850220264
0 0.34170305676855894 0.4632892804698972 0.2554585152838428 0.32158590308370044
0 0.3504366812227074 0.7929515418502202 0.2794759825327511 0.3641703377386197
0 0.11026200873362445 0.7731277533039647 0.21834061135371177 0.34801762114537443
0 0.10371179039301309 0.4787077826725404 0.20305676855895197 0.2936857562408223
0 0.6320960698689956 0.8069016152716593 0.2816593886462882 0.34801762114537443
0 0.8962882096069869 0.7782672540381791 0.19868995633187772 0.3436123348017621
0 0.12554585152838427 0.19897209985315711 0.24017467248908295 0.28928046989720996
