0 0.6938888888888889 0.53 0.1922222222222222 0.18666666666666668
0 0.5494444444444444 0.35750000000000004 0.16111111111111112 0.255
0 0.4072222222222222 0.6641666666666667 0.2011111111111111 0.2516666666666667
0 0.895 0.6241666666666668 0.21 0.27166666666666667
0 0.555 0.6841666666666667 0.12111111111111111 0.15166666666666667
0 0.3738888888888889 0.8650000000000001 0.17888888888888888 0.16666666666666669
0 0.5022222222222222 0.49750000000000005 0.18888888888888888 0.22166666666666668
0 0.6344444444444445 0.2516666666666667 0.14222222222222222 0.18333333333333335
0 0.23277777777777778 0.7483333333333334 0.1811111111111111 0.30000000000000004
0 0.7016666666666667 0.42500000000000004 0.19 0.2
0 0.8677777777777778 0.47500000000000003 0.1688888888888889 0.16666666666666669
0 0.5338888888888889 0.8516666666666667 0.15666666666666668 0.18333333333333335
0 0.6983333333333334 0.7333333333333334 0.20333333333333334 0.32333333333333336
0 0.9288888888888889 0.8166666666666668 0.14 0.2366666666666667
