0 0.9203125000000001 0.8395833333333333 0.15625 0.22083333333333333
0 0.52890625 0.14166666666666666 0.1765625 0.2583333333333333
0 0.6796875 0.2625 0.20625000000000002 0.2833333333333333
0 0.41640625000000003 0.24375 0.1796875 0.25416666666666665
0 0.40937500000000004 0.44166666666666665 0.16875 0.16666666666666666
0 0.7078125000000001 0.84375 0.17500000000000002 0.25416666666666665
0 0.55234375 0.775 0.18281250000000002 0.2625
0 0.053125000000000006 0.8302083333333333 0.10312500000000001 0.26875
0 0.10703125000000001 0.4239583333333333 0.1484375 0.21041666666666667
0 0.0734375 0.17395833333333333 0.14375000000000002 0.23124999999999998
0 0.90234375 0.609375 0.1859375 0.24791666666666667
0 0.26171875 0.5270833333333333 0.1640625 0.1625
0 0.7781250000000001 0.434375 0.19062500000000002 0.19791666666666666
0 0.7265625 0.6072916666666667 0.184375 0.24375
0 0.6898437500000001 0.13020833333333334 0.15156250000000002 0.07291666666666667
0 0.29531250000000003 0.25729166666666664 0.140625 0.24375
0 0.10859375 0.6416666666666666 0.15781250000000002 0.22916666666666666
0 0.8500000000000001 0.21562499999999998 0.19062500000000002 0.2520833333333333
0 0.36562500000000003 0.8270833333333333 0.1875 0.23333333333333334
0 0.19453125000000002 0.8416666666666667 0.1796875 0.2
0 0.565625 0.5041666666666667 0.171875 0.2375
0 0.19375 0.3541666666666667 0.1875 0.25416666666666665
0 0.47265625 0.6177083333333333 0.18281250000000002 0.2604166666666667
0 0.24765625000000002 0.6802083333333333 0.1921875 0.23124999999999998
