0 0.9644444444444444 0.30486111111111114 0.06444444444444444 0.08472222222222223
0 0.38 0.3548611111111111 0.04888888888888889 0.06805555555555556
0 0.7233333333333334 0.5826388888888889 0.06666666666666667 0.0763888888888889
0 0.17222222222222222 0.4013888888888889 0.09333333333333334 0.11111111111111112
0 0.6183333333333333 0.24166666666666667 0.05444444444444444 0.061111111111111116
0 0.7594444444444445 0.7548611111111111 0.07444444444444444 0.09027777777777778
0 0.40555555555555556 0.4416666666666667 0.04888888888888889 0.06944444444444445
0 0.6694444444444444 0.7930555555555556 0.07444444444444444 0.09722222222222222
0 0.5972222222222222 0.7972222222222223 0.07444444444444444 0.09722222222222222
0 0.19055555555555556 0.42291666666666666 0.05444444444444444 0.06527777777777778
0 0.75 0.2465277777777778 0.06 0.07361111111111111
0 0.26944444444444443 0.2833333333333333 0.06333333333333334 0.07222222222222223
0 0.6272222222222222 0.15625 0.07888888888888888 0.10416666666666667
0 0.2827777777777778 0.27708333333333335 0.03888888888888889 0.05694444444444444
0 0.8888888888888888 0.33611111111111114 0.07111111111111111 0.08888888888888889
0 0.1511111111111111 0.6215277777777778 0.051111111111111114 0.059722222222222225
0 0.07055555555555555 0.35347222222222224 0.056666666666666664 0.07083333333333333
0 0.7161111111111111 0.6659722222222223 0.07222222222222222 0.09027777777777778
0 0.07333333333333333 0.5291666666666667 0.05555555555555555 0.07222222222222223
0 0.43555555555555553 0.10833333333333334 0.07111111111111111 0.05555555555555556
0 0.8083333333333333 0.2701388888888889 0.06777777777777778 0.08750000000000001
0 0.5711111111111111 0.23541666666666666 0.05555555555555555 0.0625
0 0.5005555555555555 0.32708333333333334 0.06111111111111111 0.08194444444444444
0 0.8055555555555556 0.5916666666666667 0.07555555555555556 0.08888888888888889
0 0.7894444444444444 0.14444444444444446 0.07 0.08055555555555556
0 0.5894444444444444 0.39722222222222225 0.06777777777777778 0.08055555555555556
0 0.15777777777777777 0.3861111111111111 0.06444444444444444 0.075
