0 0.9377777777777778 0.8704318936877077 0.12222222222222222 0.23588039867109636
0 0.3472222222222222 0.53156146179402 0.14555555555555555 0.20598006644518274
0 0.35944444444444446 0.22591362126245848 0.11888888888888889 0.19269102990033224
0 0.12333333333333334 0.8355481727574751 0.16444444444444445 0.21262458471760798
0 0.30444444444444446 0.3588039867109635 0.10666666666666666 0.15614617940199335
0 0.19111111111111112 0.7217607973421927 0.15333333333333332 0.13122923588039867
0 0.5577777777777778 0.6760797342192691 0.12 0.23588039867109636
0 0.6772222222222222 0.5282392026578073 0.14555555555555555 0.2026578073089701
0 0.7194444444444444 0.7200996677740864 0.18555555555555556 0.29401993355481726
0 0.8294444444444444 0.5240863787375415 0.17666666666666667 0.27740863787375414
0 0.19777777777777777 0.5772425249169435 0.15777777777777777 0.23421926910299004
