0 0.17552083333333332 0.09843750000000001 0.21979166666666666 0.16562500000000002
0 0.9421875 0.23945312500000002 0.11354166666666667 0.17578125
0 0.5822916666666667 0.794921875 0.2791666666666667 0.21640625000000002
0 0.6395833333333333 0.048828125 0.1625 0.09609375
0 0.11875 0.33710937500000004 0.23541666666666666 0.21015625000000002
0 0.5760416666666667 0.6203125 0.18958333333333333 0.1796875
0 0.7145833333333333 0.2578125 0.27291666666666664 0.20468750000000002
0 0.675 0.45429687500000004 0.23124999999999998 0.18671875000000002
0 0.10833333333333334 0.7109375 0.21458333333333332 0.1796875
0 0.30885416666666665 0.22421875000000002 0.240625 0.178125
0 0.3614583333333333 0.6273437500000001 0.27708333333333335 0.20468750000000002
0 0.7765625 0.7093750000000001 0.22395833333333334 0.1875
0 0.3 0.8203125 0.3145833333333333 0.2328125
0 0.8880208333333334 0.42421875000000003 0.22395833333333334 0.203125
0 0.25 0.455078125 0.2604166666666667 0.18828125
0 0.05 0.556640625 0.09791666666666667 0.15078125
0 0.45989583333333334 0.38320312500000003 0.23020833333333332 0.17578125
0 0.47812499999999997 0.10429687500000001 0.20416666666666666 0.15390625000000002
0 0.7989583333333333 0.076171875 0.22708333333333333 0.15078125
