0 0.22453703703703703 0.8836805555555556 0.3175925925925926 0.21736111111111112
0 0.7342592592592593 0.7156250000000001 0.24444444444444446 0.16736111111111113
0 0.14074074074074075 0.5236111111111111 0.26296296296296295 0.2
0 0.7046296296296296 0.3284722222222222 0.22777777777777777 0.17777777777777778
0 0.1398148148148148 0.22743055555555555 0.1814814814814815 0.10069444444444445
0 0.9092592592592593 0.8572916666666667 0.17777777777777778 0.20347222222222222
0 0.3912037037037037 0.5593750000000001 0.3194444444444445 0.23402777777777778
0 0.9092592592592593 0.6482638888888889 0.1814814814814815 0.22708333333333333
0 0.1953703703703704 0.3392361111111111 0.29444444444444445 0.23958333333333334
0 0.4898148148148148 0.37256944444444445 0.28703703703703703 0.21458333333333335
0 0.20185185185185187 0.7107638888888889 0.26666666666666666 0.18958333333333335
0 0.7361111111111112 0.8913194444444444 0.31666666666666665 0.21319444444444446
0 0.8893518518518518 0.41145833333333337 0.2212962962962963 0.20069444444444445
0 0.5597222222222222 0.17222222222222222 0.2601851851851852 0.20277777777777778
0 0.7351851851851852 0.5357638888888889 0.23703703703703705 0.1951388888888889
0 0.29305555555555557 0.13194444444444445 0.275 0.24722222222222223
0 0.4689814814814815 0.7690972222222222 0.2935185185185185 0.22569444444444445
