0 0.6011111111111112 0.6366666666666667 0.17333333333333334 0.2366666666666667
0 0.21944444444444444 0.32833333333333337 0.1388888888888889 0.2
0 0.6766666666666666 0.3641666666666667 0.16444444444444445 0.21833333333333335
0 0.44277777777777777 0.6341666666666667 0.1811111111111111 0.23833333333333334
0 0.14833333333333334 0.8758333333333334 0.18555555555555556 0.24166666666666667
0 0.32166666666666666 0.20583333333333334 0.18555555555555556 0.24166666666666667
0 0.77 0.61 0.17333333333333334 0.2366666666666667
0 0.855 0.1691666666666667 0.16555555555555557 0.20500000000000002
0 0.3438888888888889 0.8691666666666668 0.20333333333333334 0.26166666666666666
0 0.355 0.4625 0.15666666666666668 0.23500000000000001
0 0.5377777777777778 0.8616666666666667 0.18222222222222223 0.27
0 0.42 0.03666666666666667 0.13555555555555557 0.07
0 0.13722222222222222 0.20833333333333334 0.15222222222222223 0.15666666666666668
0 0.9322222222222222 0.5308333333333334 0.13555555555555557 0.2316666666666667
0 0.13555555555555557 0.39083333333333337 0.15333333333333332 0.20833333333333334
0 0.25555555555555554 0.6133333333333334 0.17555555555555555 0.28
0 0.6266666666666667 0.22333333333333336 0.14 0.21666666666666667
0 0.8083333333333333 0.8583333333333334 0.20333333333333334 0.26333333333333336
0 0.8255555555555556 0.41833333333333333 0.13555555555555557 0.21000000000000002
0 0.5111111111111111 0.3666666666666667 0.16666666666666666 0.2366666666666667
0 0.08666666666666667 0.6375000000000001 0.16666666666666666 0.24500000000000002
