0 0.5727848101265823 0.41721854304635764 0.056962025316455694 0.05033112582781457
0 0.47341772151898737 0.26158940397350994 0.04556962025316456 0.04105960264900662
0 0.7405063291139241 0.785430463576159 0.06075949367088608 0.05827814569536424
0 0.3886075949367089 0.1781456953642384 0.053164556962025315 0.04900662251655629
0 0.4291139240506329 0.5311258278145695 0.04556962025316456 0.05033112582781457
0 0.5430379746835443 0.5456953642384106 0.05063291139240506 0.05562913907284768
0 0.4050632911392405 0.22317880794701986 0.043037974683544304 0.038410596026490065
0 0.18417721518987343 0.05033112582781457 0.03164556962025317 0.031788079470198675
0 0.11139240506329114 0.6225165562913907 0.05063291139240506 0.05562913907284768
0 0.6139240506329114 0.4867549668874172 0.035443037974683546 0.04370860927152318
0 0.39113924050632914 0.7006622516556291 0.05063291139240506 0.05562913907284768
