0 0.16559829059829062 0.41074380165289254 0.07905982905982907 0.0512396694214876
0 0.951923076923077 0.40909090909090906 0.07051282051282053 0.05785123966942149
0 0.16666666666666669 0.7876033057851239 0.07692307692307693 0.06115702479338843
0 0.3130341880341881 0.5793388429752065 0.10897435897435899 0.07107438016528926
0 0.6869658119658121 0.3239669421487603 0.06623931623931624 0.05289256198347107
0 0.77991452991453 0.2115702479338843 0.06837606837606838 0.05289256198347107
0 0.8985042735042736 0.43553719008264463 0.08333333333333334 0.05454545454545454
0 0.6655982905982907 0.5016528925619834 0.08333333333333334 0.05454545454545454
0 0.8215811965811967 0.37603305785123964 0.07051282051282053 0.05454545454545454
0 0.8974358974358976 0.3702479338842975 0.07692307692307693 0.05619834710743801
0 0.4764957264957265 0.38264462809917354 0.05982905982905984 0.03801652892561983
0 0.702991452991453 0.6198347107438016 0.09401709401709403 0.0628099173553719
0 0.7414529914529915 0.23884297520661157 0.06410256410256411 0.03801652892561983
0 0.038461538461538464 0.40082644628099173 0.07264957264957266 0.04462809917355372
0 0.545940170940171 0.3768595041322314 0.06623931623931624 0.05289256198347107
0 0.3685897435897436 0.6471074380165289 0.09188034188034189 0.06776859504132231
0 0.4711538461538462 0.5066115702479339 0.0747863247863248 0.05454545454545454
0 0.14636752136752137 0.868595041322314 0.09188034188034189 0.07107438016528926
0 0.5010683760683761 0.7074380165289256 0.08760683760683761 0.06942148760330578
0 0.7350427350427351 0.584297520661157 0.08547008547008547 0.06446280991735537
0 0.1121794871794872 0.8198347107438017 0.08760683760683761 0.06611570247933884
0 0.19230769230769232 0.44380165289256196 0.07264957264957266 0.03801652892561983
0 0.032051282051282055 0.8355371900826446 0.05982905982905984 0.06446280991735537
0 0.06837606837606838 0.46198347107438015 0.07264957264957266 0.03801652892561983
0 0.20512820512820515 0.368595041322314 0.07264957264957266 0.05619834710743801
0 0.3525641025641026 0.3231404958677686 0.06410256410256411 0.0512396694214876
0 0.42521367521367526 0.3520661157024793 0.07692307692307693 0.05619834710743801
0 0.5 0.3446280991735537 0.05982905982905984 0.03801652892561983
0 0.1858974358974359 0.2421487603305785 0.07264957264957266 0.04132231404958678
0 0.7660256410256411 0.39834710743801655 0.07905982905982907 0.049586776859504134
0 0.9551282051282052 0.3537190082644628 0.06410256410256411 0.05289256198347107
0 0.04807692307692308 0.9206611570247933 0.09188034188034189 0.07603305785123966
0 0.7403846153846154 0.6859504132231404 0.09615384615384616 0.07272727272727272
0 0.4572649572649573 0.5495867768595041 0.07692307692307693 0.06115702479338843
0 0.9647435897435899 0.47355371900826443 0.07051282051282053 0.06115702479338843
0 0.6474358974358975 0.5570247933884297 0.0811965811965812 0.05619834710743801
0 0.5053418803418804 0.46942148760330576 0.08760683760683761 0.05619834710743801
0 0.3878205128205129 0.7454545454545455 0.10470085470085472 0.0793388429752066
0 0.48611111111111116 0.7710743801652893 0.10470085470085472 0.06776859504132231
0 0.08333333333333334 0.24876033057851238 0.06837606837606838 0.04793388429752066
0 0.5972222222222223 0.7578512396694215 0.10042735042735043 0.07107438016528926
0 0.0373931623931624 0.49752066115702476 0.07051282051282053 0.06611570247933884
0 0.8824786324786326 0.3148760330578512 0.06410256410256411 0.04793388429752066
0 0.5555555555555556 0.5429752066115703 0.08974358974358976 0.05454545454545454
0 0.607905982905983 0.35702479338842974 0.06623931623931624 0.05289256198347107
0 0.8450854700854702 0.23223140495867767 0.06623931623931624 0.04462809917355372
0 0.7916666666666667 0.4380165289256198 0.07905982905982907 0.049586776859504134
0 0.6420940170940171 0.656198347107438 0.07905982905982907 0.06942148760330578
0 0.13141025641025642 0.3752066115702479 0.07051282051282053 0.04297520661157025
0 0.6164529914529915 0.2991735537190083 0.06623931623931624 0.05289256198347107
0 0.5929487179487181 0.48842975206611566 0.08333333333333334 0.05454545454545454
0 0.14636752136752137 0.2801652892561983 0.06623931623931624 0.04462809917355372
0 0.373931623931624 0.5132231404958677 0.08974358974358976 0.05785123966942149
0 0.7104700854700855 0.1975206611570248 0.04914529914529915 0.03801652892561983
0 0.23290598290598294 0.21570247933884296 0.06837606837606838 0.04793388429752066
0 0.1185897435897436 0.49586776859504134 0.07905982905982907 0.0628099173553719
0 0.5181623931623932 0.6066115702479339 0.0747863247863248 0.05950413223140496
