0 0.42435897435897435 0.4166666666666667 0.18717948717948718 0.18205128205128204
0 0.8205128205128205 0.11153846153846154 0.15897435897435896 0.12051282051282051
0 0.07307692307692308 0.29743589743589743 0.14102564102564102 0.13846153846153847
0 0.8217948717948718 0.8564102564102564 0.25384615384615383 0.2564102564102564
0 0.13974358974358975 0.4346153846153846 0.19743589743589743 0.1717948717948718
0 0.3346153846153846 0.08333333333333333 0.1717948717948718 0.1564102564102564
0 0.15384615384615385 0.12307692307692308 0.16923076923076924 0.16923076923076924
0 0.5987179487179487 0.28846153846153844 0.18717948717948718 0.18205128205128204
0 0.2705128205128205 0.841025641025641 0.2230769230769231 0.2717948717948718
0 0.44358974358974357 0.8974358974358975 0.2512820512820513 0.20512820512820512
0 0.45384615384615384 0.6948717948717948 0.23076923076923078 0.19487179487179487
0 0.4153846153846154 0.17692307692307693 0.14358974358974358 0.13846153846153847
0 0.708974358974359 0.6474358974358975 0.2282051282051282 0.21794871794871795
0 0.9076923076923077 0.6025641025641025 0.18461538461538463 0.21025641025641026
0 0.22435897435897437 0.28846153846153844 0.17692307692307693 0.17692307692307693
0 0.5602564102564103 0.514102564102564 0.23333333333333334 0.2128205128205128
0 0.09358974358974359 0.7615384615384615 0.18205128205128204 0.2153846153846154
0 0.29102564102564105 0.5307692307692308 0.20256410256410257 0.2205128205128205
0 0.782051282051282 0.4576923076923077 0.2 0.19743589743589743
