0 0.46166666666666667 0.5041666666666667 0.09888888888888889 0.12833333333333335
0 0.3922222222222222 0.5950000000000001 0.08666666666666667 0.13
0 0.6061111111111112 0.3825 0.07888888888888888 0.125
0 0.5711111111111111 0.29083333333333333 0.08444444444444445 0.11166666666666668
0 0.4872222222222222 0.7266666666666667 0.09 0.11
0 0.4811111111111111 0.6033333333333334 0.08666666666666667 0.13
0 0.3383333333333333 0.4966666666666667 0.08555555555555555 0.11666666666666667
0 0.6355555555555555 0.49583333333333335 0.08 0.12833333333333335
0 0.5783333333333334 0.6575000000000001 0.10333333333333333 0.155
0 0.45666666666666667 0.3491666666666667 0.08 0.125
0 0.37833333333333335 0.36333333333333334 0.0811111111111111 0.10666666666666667
0 0.5688888888888889 0.5133333333333334 0.09555555555555556 0.12333333333333334
0 0.4216666666666667 0.7116666666666667 0.07666666666666666 0.1366666666666667
0 0.5305555555555556 0.4083333333333334 0.09888888888888889 0.14
0 0.4011111111111111 0.42250000000000004 0.09111111111111111 0.125
