0 0.9205555555555556 0.40888888888888886 0.15666666666666668 0.317037037037037
0 0.9055555555555556 0.18074074074074073 0.18888888888888888 0.3081481481481481
0 0.1622222222222222 0.8533333333333333 0.15555555555555556 0.18074074074074073
0 0.4911111111111111 0.4096296296296296 0.24222222222222223 0.30666666666666664
0 0.6177777777777778 0.9251851851851851 0.21333333333333332 0.13777777777777778
0 0.49722222222222223 0.15555555555555556 0.23 0.2785185185185185
0 0.7666666666666667 0.6533333333333333 0.26666666666666666 0.20148148148148148
0 0.7461111111111111 0.4096296296296296 0.22555555555555556 0.2562962962962963
0 0.3927777777777778 0.8992592592592592 0.18333333333333332 0.1925925925925926
0 0.265 0.37037037037037035 0.22777777777777777 0.21037037037037035
0 0.47888888888888886 0.717037037037037 0.2088888888888889 0.3288888888888889
0 0.6894444444444444 0.1748148148148148 0.1388888888888889 0.16296296296296295
0 0.07944444444444444 0.41333333333333333 0.15666666666666668 0.2962962962962963
