0 0.6177215189873417 0.4696969696969697 0.10886075949367088 0.05928853754940712
0 0.55 0.4624505928853755 0.08227848101265824 0.06324110671936758
0 0.7284810126582278 0.3840579710144928 0.10253164556962026 0.08036890645586298
0 0.46582278481012657 0.43412384716732544 0.08354430379746836 0.06455862977602109
0 0.6987341772151899 0.45718050065876153 0.09113924050632911 0.07378129117259552
0 0.6031645569620253 0.3115942028985507 0.1 0.08827404479578393
0 0.6088607594936709 0.41238471673254284 0.11139240506329114 0.07114624505928854
0 0.5088607594936709 0.28194993412384717 0.09113924050632911 0.10276679841897234
0 0.8335443037974684 0.41172595520421607 0.12025316455696203 0.10408432147562582
0 0.7892405063291139 0.32806324110671936 0.08227848101265824 0.06851119894598155
