0 0.34625 0.4375 0.17250000000000001 0.09
0 0.40625 0.6525 0.185 0.1075
0 0.359375 0.04 0.09625 0.0625
0 0.923125 0.620625 0.15375 0.10875
0 0.46875 0.480625 0.1825 0.10625
0 0.15937500000000002 0.12625 0.10375000000000001 0.0625
0 0.23 0.4025 0.1575 0.09
0 0.915625 0.514375 0.16875 0.11125
0 0.26 0.6025 0.1675 0.095
0 0.0525 0.51375 0.10250000000000001 0.0775
0 0.59875 0.068125 0.075 0.058750000000000004
0 0.5325 0.589375 0.1975 0.10625
0 0.8562500000000001 0.705 0.2 0.105
0 0.42812500000000003 0.0775 0.09375 0.0525
0 0.45437500000000003 0.384375 0.16625 0.08875
0 0.060625 0.6950000000000001 0.11875000000000001 0.08750000000000001
0 0.28625 0.695625 0.2 0.08875
0 0.3425 0.095625 0.0925 0.04875
0 0.53625 0.69875 0.1975 0.10250000000000001
0 0.153125 0.5493750000000001 0.17625 0.09625
0 0.584375 0.41500000000000004 0.17875 0.0975
0 0.35875 0.14375000000000002 0.095 0.06
0 0.256875 0.03625 0.09625 0.0575
0 0.081875 0.059375000000000004 0.09875 0.06125
0 0.5225 0.068125 0.08 0.058750000000000004
0 0.06 0.116875 0.1 0.06375
0 0.68125 0.6475 0.2175 0.12
0 0.18375 0.07062500000000001 0.1075 0.06625
0 0.444375 0.045 0.08125 0.045
0 0.505625 0.105 0.07125000000000001 0.0525
0 0.618125 0.038125 0.08375 0.04625
0 0.27125 0.5025000000000001 0.17 0.08750000000000001
0 0.385 0.54875 0.18 0.0925
0 0.724375 0.361875 0.18125 0.10125
0 0.09 0.410625 0.1375 0.07625
0 0.259375 0.109375 0.09375 0.06125
0 0.149375 0.6587500000000001 0.17125 0.10250000000000001
0 0.6218750000000001 0.5125 0.18375 0.105
0 0.776875 0.561875 0.19125 0.11625
0 0.44125000000000003 0.12625 0.0975 0.0625
0 0.0625 0.6975 0.12 0.08750000000000001
0 0.0625 0.6025 0.12 0.08750000000000001
0 0.763125 0.455625 0.22125 0.10625
0 0.904375 0.33187500000000003 0.18125 0.09625
0 0.9125 0.406875 0.17500000000000002 0.09625
