0 0.38710937500000003 0.6169772256728779 0.15546875000000002 0.13043478260869565
0 0.6203125 0.5983436853002071 0.23593750000000002 0.24016563146997932
0 0.798828125 0.6480331262939959 0.14140625 0.15734989648033126
0 0.7308593750000001 0.8592132505175984 0.29140625000000003 0.27743271221532095
0 0.091796875 0.6076604554865425 0.15078125 0.19668737060041408
0 0.9441406250000001 0.5108695652173914 0.11171875 0.13975155279503107
0 0.405859375 0.8302277432712216 0.30703125000000003 0.32091097308488614
0 0.127734375 0.8649068322981367 0.25078125 0.24534161490683232
0 0.67578125 0.5036231884057971 0.13593750000000002 0.14389233954451347
0 0.5632812500000001 0.8364389233954452 0.146875 0.2608695652173913
0 0.23554687500000002 0.6635610766045549 0.19140625 0.2608695652173913
