0 0.54150390625 0.7083333333333333 0.0751953125 0.07421875
0 0.8359375 0.650390625 0.0634765625 0.08072916666666666
0 0.837646484375 0.8909505208333333 0.08056640625 0.11002604166666666
0 0.30078125 0.89453125 0.0849609375 0.11588541666666666
0 0.731689453125 0.5182291666666666 0.06005859375 0.07291666666666666
0 0.231201171875 0.7962239583333333 0.07958984375 0.09895833333333333
0 0.5224609375 0.8704427083333333 0.0771484375 0.10546875
0 0.1162109375 0.5224609375 0.0615234375 0.06315104166666666
0 0.614013671875 0.9212239583333333 0.10302734375 0.13671875
0 0.267333984375 0.5234375 0.06396484375 0.07552083333333333
0 0.630615234375 0.7197265625 0.07275390625 0.091796875
0 0.8095703125 0.4378255208333333 0.056640625 0.05403645833333333
0 0.439208984375 0.6809895833333333 0.07470703125 0.06770833333333333
0 0.580810546875 0.8004557291666666 0.07470703125 0.10091145833333333
0 0.75732421875 0.83203125 0.080078125 0.09505208333333333
0 0.653076171875 0.6533203125 0.05810546875 0.07747395833333333
0 0.8056640625 0.5520833333333333 0.0673828125 0.08203125
0 0.864013671875 0.4541015625 0.05224609375 0.06966145833333333
0 0.17724609375 0.5078125 0.0634765625 0.08333333333333333
0 0.506591796875 0.94921875 0.08544921875 0.1015625
0 0.922607421875 0.4866536458333333 0.05615234375 0.06966145833333333
0 0.704345703125 0.4485677083333333 0.05322265625 0.06510416666666666
0 0.642822265625 0.5716145833333333 0.06689453125 0.07421875
0 0.227294921875 0.6819661458333333 0.07373046875 0.09440104166666666
0 0.39501953125 0.6354166666666666 0.0693359375 0.09244791666666666
0 0.729736328125 0.9326171875 0.08251953125 0.10611979166666666
0 0.512939453125 0.767578125 0.07275390625 0.10546875
0 0.09228515625 0.4453125 0.044921875 0.04817708333333333
0 0.174072265625 0.7786458333333333 0.07080078125 0.1015625
0 0.817626953125 0.49088541666666663 0.06201171875 0.061197916666666664
0 0.571044921875 0.654296875 0.06689453125 0.07682291666666666
0 0.100341796875 0.7565104166666666 0.07275390625 0.08854166666666666
0 0.550048828125 0.44986979166666663 0.05419921875 0.06510416666666666
0 0.03173828125 0.7493489583333333 0.0625 0.08203125
0 0.200439453125 0.6022135416666666 0.07080078125 0.07942708333333333
0 0.33837890625 0.6061197916666666 0.0693359375 0.09114583333333333
0 0.3291015625 0.5201822916666666 0.05859375 0.06770833333333333
0 0.036865234375 0.6793619791666666 0.06787109375 0.07356770833333333
0 0.113037109375 0.8815104166666666 0.09619140625 0.11067708333333333
0 0.54052734375 0.70703125 0.0751953125 0.07421875
0 0.68408203125 0.8004557291666666 0.0751953125 0.10481770833333333
0 0.37060546875 0.8440755208333333 0.0927734375 0.12044270833333333
0 0.42919921875 0.7607421875 0.08203125 0.111328125
0 0.9365234375 0.77734375 0.072265625 0.1015625
0 0.12890625 0.4632161458333333 0.0634765625 0.06315104166666666
0 0.420654296875 0.923828125 0.09716796875 0.1328125
0 0.44189453125 0.4827473958333333 0.0556640625 0.068359375
0 0.903564453125 0.537109375 0.06689453125 0.07161458333333333
0 0.39306640625 0.42936197916666663 0.0517578125 0.06315104166666666
0 0.34814453125 0.7626953125 0.076171875 0.09049479166666666
0 0.747802734375 0.4140625 0.05908203125 0.061197916666666664
0 0.50146484375 0.42154947916666663 0.0537109375 0.064453125
0 0.296875 0.6842447916666666 0.068359375 0.08854166666666666
0 0.072998046875 0.5979817708333333 0.07763671875 0.095703125
0 0.865234375 0.7838541666666666 0.072265625 0.1015625
0 0.755126953125 0.7164713541666666 0.07470703125 0.09440104166666666
0 0.58935546875 0.5283203125 0.0576171875 0.080078125
0 0.38525390625 0.4944661458333333 0.0556640625 0.068359375
