0 0.5011111111111111 0.5059259259259259 0.06888888888888889 0.0962962962962963
0 0.07666666666666666 0.7392592592592592 0.057777777777777775 0.07111111111111111
0 0.49833333333333335 0.5985185185185184 0.06555555555555556 0.08296296296296296
0 0.8661111111111112 0.3807407407407407 0.07888888888888888 0.1037037037037037
0 0.5594444444444444 0.7725925925925926 0.052222222222222225 0.057777777777777775
0 0.5983333333333334 0.36296296296296293 0.07222222222222222 0.09481481481481481
0 0.6005555555555555 0.72 0.06777777777777778 0.08888888888888888
0 0.7194444444444444 0.537037037037037 0.0811111111111111 0.10222222222222221
0 0.34055555555555556 0.662962962962963 0.07222222222222222 0.1111111111111111
0 0.8966666666666666 0.28074074074074074 0.08666666666666667 0.11407407407407406
0 0.6455555555555555 0.11851851851851851 0.10222222222222223 0.13333333333333333
0 0.09388888888888888 0.40814814814814815 0.11222222222222222 0.14074074074074072
0 0.8005555555555556 0.41407407407407404 0.07888888888888888 0.09925925925925926
0 0.09944444444444445 0.22518518518518518 0.10111111111111111 0.13037037037037036
0 0.5483333333333333 0.2459259259259259 0.07666666666666666 0.10962962962962962
0 0.9444444444444444 0.14148148148148149 0.09111111111111111 0.12296296296296295
0 0.3438888888888889 0.5266666666666666 0.07444444444444444 0.10814814814814815
0 0.4633333333333333 0.6466666666666666 0.06222222222222222 0.08444444444444445
0 0.5966666666666667 0.05555555555555555 0.09777777777777778 0.10814814814814815
0 0.19444444444444445 0.22444444444444445 0.03333333333333333 0.048888888888888885
0 0.4083333333333333 0.7244444444444444 0.06555555555555556 0.08296296296296296
