0 0.208740234375 0.837890625 0.12451171875 0.15234375
0 0.823486328125 0.4970703125 0.09912109375 0.130859375
0 0.258056640625 0.4173177083333333 0.10400390625 0.13541666666666666
0 0.60986328125 0.9192708333333333 0.1064453125 0.1484375
0 0.4990234375 0.04720052083333333 0.08984375 0.09309895833333333
0 0.264892578125 0.5481770833333333 0.08935546875 0.12239583333333333
0 0.718017578125 0.4384765625 0.07763671875 0.09440104166666666
0 0.060546875 0.6018880208333333 0.115234375 0.158203125
0 0.4912109375 0.9173177083333333 0.1064453125 0.1484375
0 0.96484375 0.3203125 0.0703125 0.08854166666666666
0 0.178955078125 0.5953776041666666 0.12255859375 0.142578125
0 0.200927734375 0.40104166666666663 0.08935546875 0.12239583333333333
0 0.94482421875 0.560546875 0.0927734375 0.10546875
0 0.607666015625 0.744140625 0.08349609375 0.13411458333333331
0 0.878662109375 0.2685546875 0.09228515625 0.087890625
0 0.478271484375 0.44498697916666663 0.08154296875 0.099609375
0 0.598876953125 0.5966796875 0.09033203125 0.130859375
0 0.36669921875 0.919921875 0.1064453125 0.1484375
0 0.5888671875 0.4290364583333333 0.0810546875 0.078125
0 0.373291015625 0.04720052083333333 0.09130859375 0.09309895833333333
0 0.506103515625 0.1708984375 0.08935546875 0.130859375
0 0.958251953125 0.42936197916666663 0.08349609375 0.11263020833333333
0 0.13720703125 0.7314453125 0.1328125 0.15299479166666666
0 0.26220703125 0.146484375 0.08984375 0.10286458333333333
0 0.37158203125 0.603515625 0.103515625 0.13411458333333331
0 0.490478515625 0.5830078125 0.10302734375 0.11783854166666666
0 0.777099609375 0.24153645833333331 0.08251953125 0.08723958333333333
0 0.31005859375 0.07845052083333333 0.080078125 0.12825520833333331
0 0.37548828125 0.7688802083333333 0.103515625 0.13411458333333331
0 0.43505859375 0.08756510416666666 0.09765625 0.13606770833333331
0 0.846435546875 0.3606770833333333 0.10498046875 0.09505208333333333
0 0.388916015625 0.45084635416666663 0.08740234375 0.10221354166666666
0 0.574951171875 0.22233072916666666 0.09326171875 0.126953125
0 0.41455078125 0.2060546875 0.10546875 0.12565104166666666
0 0.742431640625 0.34440104166666663 0.08740234375 0.09895833333333333
0 0.08740234375 0.8509114583333333 0.123046875 0.12369791666666666
0 0.055908203125 0.4524739583333333 0.11083984375 0.13020833333333331
0 0.498046875 0.7565104166666666 0.1064453125 0.1484375
0 0.357421875 0.15169270833333331 0.0712890625 0.11328125
