0 0.7455555555555555 0.2669616519174041 0.051111111111111114 0.09144542772861357
0 0.47888888888888886 0.11651917404129794 0.07777777777777778 0.10324483775811209
0 0.33666666666666667 0.5752212389380531 0.051111111111111114 0.07079646017699115
0 0.5733333333333334 0.3952802359882006 0.057777777777777775 0.08259587020648967
0 0.7988888888888889 0.1592920353982301 0.06888888888888889 0.10029498525073746
0 0.6222222222222222 0.7079646017699115 0.04 0.058997050147492625
0 0.5 0.5943952802359882 0.044444444444444446 0.061946902654867256
0 0.5822222222222222 0.6533923303834808 0.04 0.05604719764011799
0 0.92 0.2079646017699115 0.06666666666666667 0.09734513274336283
0 0.4911111111111111 0.32890855457227136 0.08 0.10914454277286136
0 0.8655555555555555 0.17404129793510326 0.08222222222222222 0.11209439528023599
0 0.42 0.5914454277286135 0.044444444444444446 0.061946902654867256
0 0.4288888888888889 0.2551622418879056 0.08 0.12094395280235988
0 0.7922222222222223 0.2536873156342183 0.07777777777777778 0.10619469026548672
0 0.21333333333333332 0.6179941002949852 0.07111111111111111 0.05604719764011799
0 0.7377777777777778 0.12831858407079647 0.06222222222222222 0.0855457227138643
