0 0.4433465085638999 0.310546875 0.0619235836627141 0.04296875
0 0.45586297760210803 0.57080078125 0.09749670619235837 0.0751953125
0 0.6343873517786561 0.42138671875 0.06982872200263505 0.0634765625
0 0.5447957839262187 0.46484375 0.11198945981554678 0.08984375
0 0.45981554677206854 0.4140625 0.10013175230566536 0.05078125
0 0.06719367588932806 0.72998046875 0.08432147562582346 0.0615234375
0 0.5553359683794467 0.5693359375 0.10935441370223979 0.080078125
0 0.4901185770750988 0.52001953125 0.11330698287220027 0.0849609375
0 0.6258234519104084 0.59912109375 0.06851119894598155 0.0693359375
0 0.5223978919631094 0.32763671875 0.10935441370223979 0.0869140625
