0 0.9316666666666668 0.49875 0.04666666666666667 0.0625
0 0.1525 0.5775 0.04833333333333334 0.07
0 0.3375 0.45625 0.055 0.0775
0 0.35333333333333333 0.23625000000000002 0.04 0.0725
0 0.6058333333333333 0.275 0.055 0.08
0 0.795 0.16125 0.05666666666666667 0.0725
0 0.8833333333333334 0.28500000000000003 0.043333333333333335 0.075
0 0.8975000000000001 0.2025 0.058333333333333334 0.075
0 0.4666666666666667 0.515 0.05333333333333334 0.085
0 0.20583333333333334 0.16625 0.045000000000000005 0.0675
0 0.13416666666666668 0.39125 0.05166666666666667 0.0825
0 0.9008333333333334 0.36625 0.05166666666666667 0.0725
0 0.08416666666666667 0.09125 0.05166666666666667 0.0675
0 0.24833333333333335 0.6775 0.05333333333333334 0.075
0 0.6475000000000001 0.74625 0.04166666666666667 0.0625
0 0.91 0.11750000000000001 0.06333333333333334 0.08
0 0.5225000000000001 0.75125 0.04166666666666667 0.0625
0 0.8191666666666667 0.58625 0.055 0.0775
0 0.45833333333333337 0.26875 0.060000000000000005 0.0775
0 0.6991666666666667 0.095 0.04833333333333334 0.07
0 0.8600000000000001 0.46625 0.043333333333333335 0.0725
0 0.31083333333333335 0.24375 0.04833333333333334 0.0825
0 0.27666666666666667 0.20375000000000001 0.05 0.0725
0 0.07916666666666668 0.37875000000000003 0.04833333333333334 0.0675
0 0.9333333333333333 0.57875 0.04666666666666667 0.0825
0 0.6133333333333334 0.5225 0.05 0.075
0 0.9775 0.57125 0.035 0.08750000000000001
0 0.17083333333333334 0.1825 0.05166666666666667 0.085
0 0.4783333333333334 0.38625 0.05666666666666667 0.0725
0 0.5800000000000001 0.705 0.05 0.075
0 0.8975000000000001 0.6725 0.04833333333333334 0.07
0 0.7933333333333333 0.55 0.04666666666666667 0.07
0 0.8575 0.78625 0.045000000000000005 0.0625
0 0.8425 0.28 0.055 0.08
0 0.05416666666666667 0.585 0.058333333333333334 0.085
0 0.6558333333333334 0.57375 0.05166666666666667 0.0725
0 0.9741666666666667 0.685 0.05166666666666667 0.085
0 0.22833333333333336 0.2325 0.05333333333333334 0.095
0 0.61 0.11625 0.05666666666666667 0.0775
0 0.8508333333333334 0.68625 0.055 0.0775
0 0.9575 0.03 0.045000000000000005 0.055
0 0.505 0.155 0.07333333333333333 0.105
0 0.20083333333333334 0.3525 0.04833333333333334 0.07
0 0.8175 0.43125 0.05166666666666667 0.0775
0 0.3408333333333334 0.13125 0.03833333333333334 0.0575
