0 0.3585714285714286 0.33714285714285713 0.07714285714285714 0.05142857142857143
0 0.25142857142857145 0.44285714285714284 0.07428571428571429 0.045714285714285714
0 0.3557142857142857 0.17285714285714285 0.08857142857142856 0.07142857142857142
0 0.68 0.4157142857142857 0.08 0.054285714285714284
0 0.2957142857142857 0.15142857142857144 0.06571428571428571 0.06857142857142857
0 0.11857142857142858 0.4614285714285714 0.08857142857142856 0.06
0 0.17285714285714285 0.59 0.08857142857142856 0.06
0 0.6771428571428572 0.5785714285714286 0.06857142857142857 0.04857142857142857
0 0.57 0.24 0.08857142857142856 0.05714285714285714
0 0.7757142857142857 0.2785714285714286 0.10571428571428572 0.06571428571428571
0 0.5657142857142857 0.2742857142857143 0.07428571428571429 0.05714285714285714
0 0.4942857142857143 0.26571428571428574 0.07428571428571429 0.05714285714285714
0 0.55 0.14714285714285713 0.08285714285714285 0.06571428571428571
0 0.23857142857142857 0.31142857142857144 0.07714285714285714 0.05142857142857143
0 0.6257142857142857 0.06857142857142857 0.08571428571428572 0.08
