0 0.0958904109589041 0.7780821917808219 0.1780821917808219 0.16986301369863013
0 0.18082191780821918 0.5034246575342466 0.1506849315068493 0.14383561643835616
0 0.30753424657534245 0.37945205479452054 0.13013698630136986 0.14246575342465753
0 0.9184931506849315 0.4328767123287671 0.15753424657534246 0.22465753424657534
0 0.536986301369863 0.5061643835616438 0.20821917808219179 0.20136986301369864
0 0.273972602739726 0.7671232876712328 0.18904109589041096 0.1863013698630137
0 0.14246575342465753 0.3684931506849315 0.1506849315068493 0.14794520547945206
0 0.7547945205479452 0.4465753424657534 0.18904109589041096 0.18904109589041096
0 0.18904109589041096 0.16301369863013698 0.11506849315068493 0.11506849315068493
0 0.6561643835616439 0.20616438356164385 0.11506849315068493 0.12465753424657534
0 0.8431506849315069 0.713013698630137 0.18493150684931506 0.17945205479452056
0 0.30753424657534245 0.1726027397260274 0.12465753424657534 0.11506849315068493
