0 0.8985074626865672 0.773542600896861 0.08656716417910448 0.13452914798206278
0 0.41194029850746267 0.5672645739910314 0.10149253731343284 0.14798206278026907
0 0.11940298507462686 0.4114349775784753 0.09253731343283582 0.1412556053811659
0 0.1492537313432836 0.5448430493273543 0.06567164179104477 0.14349775784753363
0 0.31417910447761194 0.6894618834080717 0.09402985074626866 0.1367713004484305
0 0.22238805970149253 0.5246636771300448 0.1044776119402985 0.14798206278026907
0 0.45 0.38565022421524664 0.08208955223880597 0.11210762331838565
0 0.7813432835820896 0.3161434977578475 0.10895522388059702 0.15246636771300448
0 0.5343283582089552 0.6121076233183856 0.11940298507462686 0.18834080717488788
0 0.5873134328358209 0.1591928251121076 0.058208955223880594 0.08968609865470852
