0 0.7835937500000001 0.4288443170964661 0.1265625 0.08595988538681948
0 0.3796875 0.5573065902578797 0.1375 0.07736389684813753
0 0.6609375000000001 0.3638968481375358 0.16562500000000002 0.10124164278892073
0 0.63984375 0.5601719197707736 0.15781250000000002 0.09837631327602674
0 0.28984375 0.4049665711556829 0.11093750000000001 0.06303724928366762
0 0.4 0.4044890162368672 0.1375 0.08882521489971347
0 0.54140625 0.38299904489016234 0.09531250000000001 0.055396370582617
0 0.2828125 0.32855778414517667 0.125 0.08213944603629417
0 0.67890625 0.26599808978032474 0.1484375 0.09646609360076408
0 0.56171875 0.5191021967526266 0.1421875 0.08500477554918816
0 0.6890625 0.48328557784145176 0.146875 0.09169054441260745
0 0.3359375 0.6356255969436485 0.125 0.07354345749761222
0 0.6921875000000001 0.6289398280802292 0.13125 0.07927411652340019
0 0.35390625000000003 0.21394460362941736 0.1265625 0.05348615090735434
