0 0.52 0.389375 0.05 0.06125
0 0.344375 0.17625 0.04625 0.06
0 0.20125 0.6900000000000001 0.04 0.0525
0 0.519375 0.48125 0.03625 0.045
0 0.318125 0.306875 0.03875 0.04875
0 0.5337500000000001 0.63625 0.0425 0.05
0 0.155 0.703125 0.0425 0.051250000000000004
0 0.27375 0.55875 0.0575 0.0575
0 0.45937500000000003 0.3975 0.05375 0.0575
0 0.450625 0.6325000000000001 0.058750000000000004 0.07
0 0.415625 0.5575 0.058750000000000004 0.07
0 0.45375 0.88 0.0425 0.06
0 0.62 0.65125 0.0425 0.05
0 0.281875 0.64375 0.043750000000000004 0.05
