0 0.36064814814814816 0.46975308641975305 0.04537037037037037 0.05555555555555555
0 0.21203703703703705 0.2685185185185185 0.0962962962962963 0.16419753086419753
0 0.7328703703703704 0.6907407407407408 0.07685185185185185 0.08271604938271605
0 0.6870370370370371 0.5518518518518518 0.1 0.1308641975308642
0 0.25833333333333336 0.858641975308642 0.14814814814814814 0.17160493827160495
0 0.6023148148148149 0.5253086419753086 0.08981481481481482 0.11975308641975309
0 0.7699074074074075 0.5259259259259259 0.06759259259259259 0.10123456790123457
0 0.8013888888888889 0.20802469135802468 0.062037037037037036 0.07777777777777778
0 0.2518518518518519 0.6679012345679012 0.1277777777777778 0.1654320987654321
0 0.2564814814814815 0.8561728395061728 0.14814814814814814 0.17160493827160495
0 0.4449074074074074 0.674074074074074 0.12314814814814816 0.15555555555555556
0 0.6560185185185186 0.769753086419753 0.10092592592592593 0.1271604938271605
0 0.30185185185185187 0.28086419753086417 0.11666666666666667 0.15185185185185185
0 0.47175925925925927 0.24259259259259258 0.05648148148148149 0.07777777777777778
0 0.9087962962962963 0.4345679012345679 0.062037037037037036 0.09135802469135802
0 0.47361111111111115 0.3888888888888889 0.10462962962962963 0.14320987654320988
