0 0.7403645833333333 0.9284722222222223 0.022916666666666665 0.03657407407407408
0 0.9311197916666667 0.6370370370370371 0.019010416666666665 0.03425925925925926
0 0.52734375 0.7298611111111112 0.0203125 0.030092592592592594
0 0.5174479166666667 0.35810185185185184 0.016666666666666666 0.027314814814814816
0 0.284375 0.6784722222222223 0.022916666666666665 0.04120370370370371
0 0.3341145833333333 0.982175925925926 0.022395833333333334 0.03564814814814815
0 0.4647135416666667 0.3023148148148148 0.01796875 0.028703703703703703
0 0.31276041666666665 0.725462962962963 0.026041666666666668 0.04351851851851852
0 0.5227864583333334 0.7726851851851853 0.016927083333333332 0.026851851851851852
0 0.6342447916666667 0.4532407407407408 0.017447916666666667 0.028703703703703703
0 0.20976562499999998 0.46134259259259264 0.02421875 0.04120370370370371
0 0.4493489583333333 0.45925925925925926 0.019010416666666665 0.02777777777777778
0 0.9037760416666667 0.9034722222222222 0.021614583333333333 0.03564814814814815
0 0.22421875 0.925 0.025 0.03888888888888889
0 0.0640625 0.9643518518518519 0.03333333333333333 0.05277777777777778
0 0.4591145833333333 0.3965277777777778 0.016666666666666666 0.027314814814814816
0 0.451953125 0.27847222222222223 0.015364583333333333 0.025462962962962965
0 0.23854166666666665 0.6430555555555556 0.026041666666666668 0.04351851851851852
0 0.673046875 0.43819444444444444 0.013802083333333333 0.02638888888888889
0 0.35234375 0.6986111111111112 0.026041666666666668 0.04351851851851852
0 0.4907552083333333 0.7840277777777778 0.015885416666666666 0.031018518518518518
0 0.19622395833333334 0.5094907407407407 0.02421875 0.04120370370370371
0 0.069140625 0.7925925925925926 0.029947916666666668 0.05277777777777778
0 0.487109375 0.24976851851851853 0.015364583333333333 0.025462962962962965
0 0.37669270833333335 0.32939814814814816 0.015364583333333333 0.025462962962962965
0 0.5421875 0.7444444444444445 0.0140625 0.028703703703703703
0 0.270703125 0.41782407407407407 0.02421875 0.04120370370370371
0 0.5385416666666667 0.7000000000000001 0.0140625 0.028703703703703703
