0 0.9324324324324325 0.3625 0.09684684684684684 0.175
0 0.3547297297297297 0.3729166666666667 0.11486486486486486 0.20416666666666666
0 0.08333333333333333 0.159375 0.08558558558558559 0.16458333333333333
0 0.36148648648648646 0.6177083333333333 0.09234234234234234 0.18541666666666667
0 0.7184684684684685 0.8458333333333333 0.11486486486486486 0.20833333333333334
0 0.42792792792792794 0.8927083333333333 0.08558558558558559 0.14375
0 0.17286036036036037 0.2708333333333333 0.09797297297297297 0.175
0 0.42342342342342343 0.7604166666666666 0.09684684684684684 0.1625
0 0.8879504504504504 0.41354166666666664 0.07094594594594594 0.14791666666666667
0 0.5275900900900901 0.3208333333333333 0.10472972972972973 0.20416666666666666
0 0.553490990990991 0.6395833333333333 0.10698198198198199 0.19583333333333333
0 0.48873873873873874 0.5666666666666667 0.0990990990990991 0.19166666666666665
0 0.2775900900900901 0.23333333333333334 0.10472972972972973 0.17083333333333334
