0 0.06533333333333333 0.5964601769911504 0.03733333333333333 0.049557522123893805
0 0.27466666666666667 0.4070796460176991 0.032 0.04247787610619469
0 0.688 0.9353982300884955 0.032 0.04424778761061947
0 0.5506666666666666 0.4345132743362832 0.032 0.04424778761061947
0 0.8993333333333333 0.5035398230088496 0.030666666666666665 0.03716814159292035
0 0.45799999999999996 0.29646017699115046 0.044 0.061946902654867256
0 0.24266666666666667 0.2867256637168142 0.032 0.03893805309734513
0 0.03133333333333333 0.8353982300884956 0.036 0.049557522123893805
0 0.49666666666666665 0.27256637168141595 0.044 0.06371681415929203
0 0.8153333333333334 0.39557522123893807 0.028 0.03716814159292035
0 0.218 0.30442477876106194 0.030666666666666665 0.035398230088495575
0 0.418 0.8088495575221238 0.03333333333333333 0.049557522123893805
0 0.3393333333333333 0.7495575221238938 0.044 0.047787610619469026
0 0.9406666666666667 0.347787610619469 0.030666666666666665 0.04070796460176991
0 0.902 0.5876106194690265 0.028 0.04601769911504425
0 0.3873333333333333 0.41238938053097346 0.03866666666666667 0.05309734513274336
0 0.5406666666666666 0.4672566371681416 0.030666666666666665 0.03893805309734513
0 0.9059999999999999 0.3566371681415929 0.04133333333333333 0.05132743362831858
0 0.8546666666666667 0.4230088495575221 0.032 0.04601769911504425
0 0.826 0.36991150442477877 0.030666666666666665 0.03893805309734513
0 0.318 0.8610619469026548 0.03333333333333333 0.04424778761061947
0 0.9193333333333333 0.8283185840707965 0.03866666666666667 0.04247787610619469
