0 0.38385416666666666 0.06805555555555556 0.06041666666666667 0.10648148148148148
0 0.06796875 0.575462962962963 0.04739583333333333 0.08425925925925926
0 0.4127604166666667 0.913425925925926 0.04010416666666666 0.062037037037037036
0 0.5140625 0.2449074074074074 0.06354166666666666 0.11018518518518519
0 0.13854166666666667 0.4638888888888889 0.057291666666666664 0.08518518518518518
0 0.13984375 0.8152777777777778 0.0609375 0.09537037037037037
0 0.12604166666666666 0.6351851851851852 0.04791666666666666 0.08333333333333334
0 0.9229166666666666 0.9495370370370371 0.14479166666666665 0.10092592592592593
0 0.28671875 0.8074074074074075 0.0640625 0.07407407407407407
0 0.6716145833333333 0.4013888888888889 0.0515625 0.08425925925925926
0 0.5861979166666667 0.4569444444444445 0.0828125 0.1398148148148148
0 0.56171875 0.5703703703703704 0.07760416666666667 0.10925925925925926
0 0.5541666666666667 0.7064814814814815 0.06979166666666667 0.11851851851851852
0 0.058333333333333334 0.7439814814814815 0.06145833333333333 0.11203703703703705
0 0.60390625 0.287962962962963 0.05260416666666667 0.10555555555555556
0 0.15182291666666667 0.5351851851851852 0.05364583333333333 0.08888888888888889
