0 0.34861111111111115 0.5795454545454545 0.12685185185185185 0.16176470588235292
0 0.10833333333333334 0.3121657754010695 0.09814814814814815 0.12700534759358287
0 0.8782407407407408 0.4425133689839572 0.21203703703703705 0.27005347593582885
0 0.12407407407407407 0.8282085561497325 0.09444444444444444 0.13502673796791442
0 0.6555555555555556 0.5187165775401069 0.14444444444444446 0.18983957219251335
0 0.2513888888888889 0.8074866310160428 0.125 0.1711229946524064
0 0.5976851851851852 0.08221925133689839 0.04537037037037037 0.06818181818181818
0 0.6180555555555556 0.16042780748663102 0.03796296296296296 0.05614973262032085
0 0.5342592592592593 0.5568181818181818 0.10370370370370371 0.1537433155080214
0 0.4449074074074074 0.3054812834224599 0.10648148148148148 0.13770053475935828
0 0.9050925925925927 0.11296791443850267 0.04351851851851852 0.04679144385026738
