0 0.3425925925925926 0.5243243243243243 0.07777777777777778 0.10810810810810811
0 0.4388888888888889 0.4864864864864865 0.07777777777777778 0.10810810810810811
0 0.16666666666666669 0.41081081081081083 0.0962962962962963 0.11891891891891893
0 0.8722222222222222 0.2 0.08518518518518518 0.10810810810810811
0 0.7222222222222222 0.05405405405405406 0.06666666666666667 0.0972972972972973
0 0.5666666666666667 0.42162162162162165 0.08888888888888889 0.10810810810810811
0 0.16296296296296298 0.28378378378378377 0.10370370370370371 0.13513513513513514
0 0.5944444444444444 0.5972972972972973 0.08518518518518518 0.10270270270270271
0 0.24814814814814815 0.5864864864864865 0.08148148148148149 0.0918918918918919
0 0.9092592592592593 0.02972972972972973 0.07777777777777778 0.04864864864864865
0 0.4185185185185185 0.6594594594594595 0.06666666666666667 0.08648648648648649
0 0.22592592592592595 0.8135135135135135 0.05185185185185186 0.05945945945945946
