0 0.8325 0.776875 0.08 0.07625
0 0.17 0.20750000000000002 0.0775 0.0625
0 0.26 0.776875 0.0725 0.07625
0 0.8981250000000001 0.7993750000000001 0.07875 0.08125
0 0.8625 0.246875 0.08 0.06125
0 0.86625 0.476875 0.085 0.08125
0 0.795 0.628125 0.08 0.07625
0 0.76875 0.6950000000000001 0.0825 0.0825
0 0.180625 0.7993750000000001 0.08125 0.08375
0 0.22125 0.4 0.0775 0.0775
0 0.89625 0.87 0.08 0.06
0 0.91625 0.208125 0.0825 0.07125000000000001
0 0.7975 0.480625 0.0675 0.08375
0 0.1825 0.868125 0.0825 0.05375
0 0.180625 0.714375 0.058750000000000004 0.06875
0 0.900625 0.71375 0.05625 0.0675
0 0.213125 0.478125 0.08375 0.08375
0 0.856875 0.39937500000000004 0.07625 0.07625
0 0.169375 0.64 0.058750000000000004 0.075
0 0.293125 0.865625 0.058750000000000004 0.09125
0 0.315 0.698125 0.08 0.07125000000000001
0 0.28875 0.625625 0.08 0.07125000000000001
0 0.785625 0.865625 0.058750000000000004 0.08625000000000001
0 0.2175 0.246875 0.08 0.06125
0 0.243125 0.140625 0.07375 0.07375
