0 0.3894628099173554 0.5716666666666667 0.05578512396694215 0.10333333333333335
0 0.6332644628099173 0.7250000000000001 0.07231404958677687 0.11666666666666667
0 0.487603305785124 0.405 0.06198347107438017 0.09000000000000001
0 0.5733471074380165 0.7083333333333334 0.05991735537190083 0.10333333333333335
0 0.6477272727272727 0.3766666666666667 0.05165289256198347 0.09333333333333334
0 0.5661157024793388 0.36833333333333335 0.05371900826446281 0.09000000000000001
0 0.4545454545454546 0.31833333333333336 0.05371900826446281 0.09000000000000001
0 0.6053719008264463 0.4766666666666667 0.05785123966942149 0.09333333333333334
0 0.33987603305785125 0.255 0.06404958677685951 0.10333333333333335
0 0.7272727272727273 0.7416666666666667 0.06611570247933884 0.11
