0 0.57470703125 0.4602941176470588 0.0478515625 0.06764705882352941
0 0.541015625 0.17205882352941176 0.044921875 0.058823529411764705
0 0.64208984375 0.5794117647058823 0.0576171875 0.07941176470588235
0 0.51171875 0.5147058823529411 0.052734375 0.07352941176470588
0 0.60400390625 0.7772058823529412 0.0693359375 0.09264705882352942
0 0.6494140625 0.27941176470588236 0.02734375 0.05
0 0.73583984375 0.28088235294117647 0.0595703125 0.08235294117647059
0 0.81982421875 0.41323529411764703 0.0498046875 0.07058823529411765
0 0.59521484375 0.3286764705882353 0.0556640625 0.09852941176470588
0 0.36572265625 0.7080882352941177 0.0869140625 0.1161764705882353
0 0.68505859375 0.3786764705882353 0.0615234375 0.09852941176470588
