0 0.7877604166666666 0.72509765625 0.078125 0.0634765625
0 0.474609375 0.29541015625 0.08463541666666666 0.0615234375
0 0.5501302083333333 0.2802734375 0.06901041666666666 0.060546875
0 0.7213541666666666 0.65234375 0.06510416666666666 0.05859375
0 0.548828125 0.33203125 0.05078125 0.046875
0 0.7591145833333333 0.3017578125 0.04427083333333333 0.033203125
0 0.22591145833333331 0.49609375 0.07421875 0.05078125
0 0.14908854166666666 0.85595703125 0.09505208333333333 0.0830078125
0 0.703125 0.28759765625 0.04427083333333333 0.0380859375
0 0.78125 0.330078125 0.041666666666666664 0.029296875
0 0.658203125 0.6669921875 0.09505208333333333 0.076171875
0 0.5885416666666666 0.46533203125 0.0703125 0.0634765625
0 0.1953125 0.52734375 0.08333333333333333 0.064453125
0 0.357421875 0.275390625 0.061197916666666664 0.048828125
0 0.4192708333333333 0.27490234375 0.06510416666666666 0.0498046875
0 0.8209635416666666 0.54541015625 0.03515625 0.0283203125
0 0.146484375 0.548828125 0.07682291666666666 0.052734375
0 0.04296875 0.7451171875 0.08333333333333333 0.0703125
0 0.39713541666666663 0.32177734375 0.0703125 0.0537109375
0 0.7415364583333333 0.9326171875 0.05078125 0.0390625
0 0.7786458333333333 0.5458984375 0.03645833333333333 0.02734375
0 0.49674479166666663 0.34765625 0.06901041666666666 0.05078125
