0 0.2593333333333333 0.4528985507246377 0.16666666666666666 0.20144927536231885
0 0.3333333333333333 0.5007246376811594 0.18133333333333332 0.21594202898550724
0 0.9213333333333333 0.2673913043478261 0.15733333333333333 0.20724637681159422
0 0.19599999999999998 0.7739130434782608 0.184 0.2028985507246377
0 0.9466666666666667 0.6615942028985508 0.10666666666666666 0.21594202898550724
0 0.474 0.7210144927536232 0.20133333333333334 0.18695652173913044
0 0.5133333333333333 0.6072463768115942 0.19733333333333333 0.21159420289855072
0 0.6613333333333333 0.6804347826086956 0.15733333333333333 0.1956521739130435
0 0.9406666666666667 0.45362318840579713 0.11866666666666666 0.2144927536231884
0 0.08866666666666666 0.6528985507246376 0.17466666666666666 0.20724637681159422
0 0.8346666666666667 0.6768115942028986 0.18133333333333332 0.21159420289855072
