0 0.6363636363636364 0.8500881834215167 0.08831168831168831 0.08465608465608465
0 0.6311688311688312 0.6172839506172839 0.12467532467532468 0.07407407407407407
0 0.5623376623376624 0.30599647266313934 0.1012987012987013 0.06878306878306878
0 0.4584415584415584 0.628747795414462 0.08571428571428572 0.07231040564373897
0 0.5636363636363636 0.13756613756613756 0.1038961038961039 0.07407407407407407
0 0.5376623376623376 0.390652557319224 0.1038961038961039 0.07231040564373897
0 0.4779220779220779 0.7874779541446207 0.10909090909090909 0.07583774250440917
0 0.6701298701298701 0.6851851851851851 0.10909090909090909 0.07583774250440917
0 0.4779220779220779 0.8544973544973544 0.11948051948051948 0.047619047619047616
0 0.5844155844155844 0.7610229276895943 0.10909090909090909 0.07583774250440917
0 0.5324675324675324 0.24514991181657847 0.11428571428571428 0.059964726631393295
0 0.474025974025974 0.7019400352733686 0.07012987012987013 0.07407407407407407
0 0.487012987012987 0.5326278659611993 0.11168831168831168 0.07407407407407407
0 0.45454545454545453 0.20282186948853614 0.11428571428571428 0.059964726631393295
0 0.5272727272727272 0.4708994708994709 0.11948051948051948 0.08112874779541446
