0 0.48250000000000004 0.3225 0.125 0.105
0 0.40750000000000003 0.20625000000000002 0.12166666666666667 0.1075
0 0.5758333333333334 0.68 0.12833333333333335 0.11
0 0.5791666666666667 0.43 0.13166666666666668 0.10250000000000001
0 0.63 0.226875 0.12666666666666668 0.09625
0 0.13416666666666668 0.943125 0.06166666666666667 0.04625
0 0.2941666666666667 0.43625 0.12833333333333335 0.095
0 0.2041666666666667 0.34875 0.12833333333333335 0.095
0 0.7858333333333334 0.52 0.13166666666666668 0.095
0 0.7958333333333334 0.62625 0.12166666666666667 0.095
0 0.43500000000000005 0.67125 0.17666666666666667 0.125
0 0.2816666666666667 0.51875 0.11333333333333334 0.08
0 0.35250000000000004 0.11625 0.11833333333333335 0.10250000000000001
