0 0.3242424242424242 0.47250000000000003 0.2 0.13
0 0.6050505050505051 0.586875 0.07878787878787878 0.07875
0 0.201010101010101 0.5675 0.1717171717171717 0.11750000000000001
0 0.42424242424242425 0.556875 0.14545454545454545 0.10875
0 0.09090909090909091 0.500625 0.1696969696969697 0.10625
0 0.24848484848484848 0.369375 0.18585858585858586 0.12875
0 0.3474747474747475 0.816875 0.19797979797979798 0.13875
0 0.2818181818181818 0.69875 0.16767676767676767 0.105
0 0.48383838383838385 0.241875 0.13535353535353536 0.09625
0 0.3606060606060606 0.2175 0.23636363636363636 0.1375
0 0.5262626262626262 0.4225 0.19595959595959597 0.115
0 0.4484848484848485 0.36125 0.19797979797979798 0.1325
