0 0.10833333333333334 0.6189814814814815 0.07222222222222223 0.04722222222222222
0 0.7659722222222223 0.7587962962962963 0.1736111111111111 0.09166666666666667
0 0.2534722222222222 0.9009259259259259 0.49583333333333335 0.17037037037037037
0 0.607638888888889 0.12685185185185185 0.06527777777777778 0.03518518518518519
0 0.17083333333333334 0.5555555555555556 0.058333333333333334 0.04259259259259259
0 0.6034722222222223 0.08333333333333334 0.07083333333333333 0.037037037037037035
0 0.4618055555555556 0.5504629629629629 0.04861111111111111 0.026851851851851852
0 0.25972222222222224 0.6537037037037037 0.05555555555555556 0.020370370370370372
0 0.3861111111111111 0.5532407407407408 0.08055555555555556 0.05092592592592593
0 0.4701388888888889 0.6087962962962963 0.04861111111111111 0.026851851851851852
0 0.33263888888888893 0.6046296296296296 0.0763888888888889 0.04814814814814815
