0 0.888268156424581 0.31143344709897613 0.11452513966480447 0.15187713310580206
0 0.20740223463687152 0.7252559726962458 0.11312849162011174 0.13310580204778158
0 0.545391061452514 0.5486348122866894 0.14106145251396648 0.15870307167235495
0 0.11801675977653632 0.22013651877133106 0.1494413407821229 0.16382252559726962
0 0.6899441340782123 0.07935153583617748 0.13687150837988826 0.15187713310580206
0 0.5677374301675978 0.35409556313993173 0.11592178770949721 0.15187713310580206
0 0.9141061452513967 0.6791808873720137 0.14664804469273743 0.17747440273037543
0 0.8358938547486033 0.5537542662116041 0.138268156424581 0.12116040955631399
0 0.6983240223463687 0.893344709897611 0.14804469273743018 0.17235494880546076
0 0.2458100558659218 0.5511945392491467 0.07541899441340782 0.11945392491467577
0 0.19273743016759778 0.27986348122866894 0.10893854748603353 0.16040955631399317
0 0.37220670391061456 0.5127986348122867 0.10195530726256984 0.13822525597269625
0 0.768854748603352 0.658703071672355 0.14664804469273743 0.17747440273037543
0 0.15013966480446927 0.5571672354948806 0.09916201117318436 0.10409556313993173
0 0.48393854748603354 0.4590443686006826 0.11871508379888268 0.12969283276450513
0 0.8212290502793297 0.16638225255972697 0.10614525139664804 0.12798634812286688
0 0.5921787709497207 0.6988054607508533 0.11731843575418995 0.13139931740614336
0 0.9141061452513967 0.07081911262798635 0.15223463687150837 0.13822525597269625
0 0.7241620111731844 0.3626279863481229 0.11592178770949721 0.15187713310580206
