0 0.23900000000000002 0.20689655172413793 0.046 0.07586206896551724
0 0.14100000000000001 0.4086206896551724 0.038 0.05172413793103448
0 0.397 0.3413793103448276 0.058 0.0896551724137931
0 0.26 0.3120689655172414 0.052000000000000005 0.08620689655172414
0 0.515 0.42586206896551726 0.078 0.12758620689655173
0 0.11 0.5293103448275862 0.048 0.07241379310344828
0 0.49 0.30689655172413793 0.068 0.1103448275862069
0 0.385 0.27413793103448275 0.062 0.0793103448275862
0 0.398 0.5810344827586207 0.056 0.09310344827586206
0 0.98 0.593103448275862 0.04 0.04827586206896552
