0 0.63 0.15535714285714286 0.15 0.28214285714285714
0 0.40125 0.9214285714285714 0.11750000000000001 0.15714285714285714
0 0.67375 0.9642857142857143 0.0925 0.07142857142857142
0 0.9125 0.3857142857142857 0.135 0.19999999999999998
0 0.04 0.8482142857142857 0.075 0.15357142857142855
0 0.36875 0.44107142857142856 0.1125 0.18928571428571428
0 0.57375 0.6035714285714285 0.1075 0.18571428571428572
0 0.21625 0.8142857142857143 0.1125 0.14285714285714285
0 0.49375 0.4107142857142857 0.1125 0.12857142857142856
0 0.25625 0.44107142857142856 0.1075 0.16785714285714284
