0 0.7999999999999999 0.26673640167364016 0.047058823529411764 0.08577405857740585
0 0.12058823529411763 0.2625523012552301 0.045882352941176464 0.08577405857740585
0 0.5023529411764706 0.5794979079497907 0.03764705882352941 0.06276150627615062
0 0.2776470588235294 0.7824267782426778 0.03764705882352941 0.06276150627615062
0 0.3994117647058823 0.0397489539748954 0.04352941176470588 0.07531380753138074
0 0.36941176470588233 0.4748953974895397 0.05647058823529411 0.09623430962343095
0 0.588235294117647 0.42887029288702927 0.042352941176470586 0.07531380753138074
0 0.7329411764705882 0.6820083682008368 0.03529411764705882 0.06694560669456066
0 0.7635294117647058 0.8242677824267781 0.039999999999999994 0.0711297071129707
0 0.7052941176470587 0.3608786610878661 0.04823529411764706 0.05230125523012552
0 0.06529411764705882 0.27928870292887026 0.04823529411764706 0.08577405857740585
0 0.5888235294117646 0.35774058577405854 0.05058823529411764 0.07531380753138074
0 0.5805882352941176 0.5156903765690376 0.041176470588235294 0.06903765690376569
0 0.6194117647058823 0.2238493723849372 0.05294117647058823 0.09623430962343095
0 0.7376470588235293 0.5794979079497907 0.03529411764705882 0.06694560669456066
0 0.9288235294117646 0.4518828451882845 0.036470588235294116 0.06276150627615062
0 0.71 0.4142259414225941 0.05058823529411764 0.0794979079497908
0 0.528235294117647 0.3305439330543933 0.051764705882352935 0.0794979079497908
0 0.40823529411764703 0.3828451882845188 0.05647058823529411 0.09623430962343095
0 0.6429411764705881 0.09728033472803346 0.05058823529411764 0.0899581589958159
