0 0.37920250195465205 0.5834202294056309 0.04691164972634871 0.05526590198123045
0 0.4073494917904613 0.637643378519291 0.04691164972634871 0.05526590198123045
0 0.1774824081313526 0.8149113660062566 0.03596559812353401 0.04275286757038582
0 0.9483971853010164 0.06412930135557873 0.08287724784988272 0.1261730969760167
0 0.29007036747458953 0.03962460896767466 0.07036747458952307 0.07716371220020855
0 0.8021892103205629 0.21584984358706988 0.06724003127443315 0.05213764337851929
0 0.32095387021110244 0.9066736183524505 0.04143862392494136 0.05735140771637122
0 0.15480844409695074 0.28362877997914493 0.05785770132916341 0.07507820646506778
0 0.1602814698983581 0.3795620437956205 0.0328381548084441 0.045881126173096975
0 0.18021892103205628 0.9588112617309698 0.033620015637216574 0.040667361835245046
0 0.23534010946051603 0.21689259645464026 0.05629397967161845 0.06882168925964546
0 0.426505082095387 0.1694473409801877 0.06802189210320563 0.0886339937434828
0 0.7775605942142298 0.678310740354536 0.0508209538702111 0.05735140771637122
0 0.8244722439405786 0.28206465067778935 0.03205629397967162 0.061522419186652764
0 0.227130570758405 0.1183524504692388 0.04143862392494136 0.05318039624608968
0 0.23651290070367476 0.16371220020855057 0.06333072713057075 0.06882168925964546
0 0.344800625488663 0.2872784150156413 0.05003909304143862 0.04483837330552659
0 0.6376075058639562 0.7398331595411888 0.0946051602814699 0.11366006256517205
0 0.4972634870992963 0.5589155370177268 0.14698983580922595 0.15641293013555788
0 0.11571540265832682 0.8180396246089677 0.02501954652071931 0.03441084462982273
0 0.2971071149335418 0.3743482794577685 0.05942142298670836 0.06256517205422316
0 0.1462079749804535 0.7638164754953076 0.028146989835809225 0.03232533889468196
0 0.8917122752150117 0.2570385818561001 0.08835027365129007 0.09906152241918666
0 0.699374511336982 0.7653806047966633 0.05394839718530101 0.06465067778936393
0 0.2220484753713839 0.5834202294056309 0.04691164972634871 0.05526590198123045
0 0.47849882720875686 0.27685088633993743 0.04691164972634871 0.06569343065693431
0 0.5602032838154808 0.45307612095933264 0.12587959343236904 0.15119916579770595
0 0.7853792025019546 0.21272158498435872 0.043002345582486314 0.045881126173096975
0 0.8674745895230649 0.8039624608967675 0.058639562157935886 0.0667361835245047
0 0.12509773260359655 0.7778936392075079 0.02971071149335418 0.03336809176225235
0 0.8201720093823299 0.8628779979144943 0.05629397967161845 0.07194994786235662
0 0.40500390930414387 0.07664233576642336 0.08287724784988272 0.10948905109489052
0 0.2740422204847537 0.9040667361835245 0.03831118060985145 0.05213764337851929
0 0.4550430023455825 0.3962460896767466 0.053166536356528536 0.07299270072992702
0 0.30531665363565286 0.6308654848800834 0.0508209538702111 0.058394160583941604
0 0.13369820172009383 0.6861313868613139 0.0328381548084441 0.035453597497393116
0 0.8178264268960125 0.21897810218978103 0.03440187646598905 0.045881126173096975
0 0.6657544956997654 0.1616266944734098 0.1352619233776388 0.16892596454640252
0 0.5254104769351056 0.2575599582898853 0.06411258795934324 0.07716371220020855
0 0.8471462079749804 0.8884254431699687 0.05707584050039093 0.06882168925964546
0 0.8932759968725567 0.05578727841501564 0.043002345582486314 0.1032325338894682
0 0.2329945269741986 0.5239833159541188 0.04691164972634871 0.05526590198123045
0 0.1962470680218921 0.7419186652763295 0.03596559812353401 0.04275286757038582
0 0.34949179046129786 0.6261730969760168 0.039093041438623924 0.049009384775808136
0 0.48827208756841284 0.7101147028154328 0.0508209538702111 0.058394160583941604
0 0.17396403440187647 0.2429614181438999 0.04925723221266615 0.06465067778936393
0 0.8330727130570759 0.6668404588112617 0.0508209538702111 0.05735140771637122
0 0.29124315871774825 0.8764337851929093 0.044566067240031274 0.05735140771637122
0 0.3737294761532447 0.3169968717413973 0.05160281469898358 0.06465067778936393
