0 0.67625 0.8115671641791045 0.0625 0.10074626865671642
0 0.0375 0.2891791044776119 0.07 0.11567164179104478
0 0.61 0.30970149253731344 0.075 0.11194029850746269
0 0.8775000000000001 0.3694029850746269 0.055 0.08208955223880597
0 0.88625 0.7686567164179104 0.0575 0.08955223880597014
0 0.09875 0.29850746268656714 0.0725 0.1044776119402985
0 0.10875 0.19776119402985073 0.0775 0.08955223880597014
0 0.57375 0.22388059701492538 0.0725 0.1044776119402985
0 0.52 0.3619402985074627 0.06 0.08955223880597014
0 0.9 0.4197761194029851 0.055 0.07835820895522388
