0 0.3663194444444444 0.6139322916666666 0.048611111111111105 0.031684027777777776
0 0.18518518518518517 0.470703125 0.048611111111111105 0.031684027777777776
0 0.2384259259259259 0.7337239583333333 0.048611111111111105 0.031684027777777776
0 0.40856481481481477 0.3960503472222222 0.048611111111111105 0.031684027777777776
0 0.31828703703703703 0.6460503472222222 0.048611111111111105 0.031684027777777776
0 0.05150462962962963 0.4763454861111111 0.048611111111111105 0.031684027777777776
0 0.6704282407407407 0.65234375 0.048032407407407406 0.03125
0 0.8570601851851851 0.48090277777777773 0.04398148148148148 0.030381944444444444
0 0.9259259259259258 0.4442274305555555 0.06134259259259259 0.04123263888888889
0 0.42013888888888884 0.5514322916666666 0.048611111111111105 0.031684027777777776
0 0.5324074074074073 0.5887586805555555 0.048611111111111105 0.031684027777777776
0 0.6571180555555555 0.7317708333333333 0.048032407407407406 0.03125
0 0.4704861111111111 0.5753038194444444 0.048611111111111105 0.031684027777777776
0 0.4829282407407407 0.6338975694444444 0.03877314814814815 0.031684027777777776
0 0.4542824074074074 0.5106336805555556 0.048611111111111105 0.031684027777777776
0 0.6030092592592592 0.40494791666666663 0.03819444444444444 0.03125
0 0.5784143518518519 0.5802951388888888 0.04456018518518518 0.03125
0 0.5008680555555556 0.6963975694444444 0.03877314814814815 0.031684027777777776
0 0.6808449074074073 0.5909288194444444 0.04918981481481481 0.03862847222222222
0 0.4534143518518518 0.6781684027777778 0.03877314814814815 0.031684027777777776
0 0.36689814814814814 0.5479600694444444 0.048611111111111105 0.031684027777777776
0 0.7450810185185185 0.5774739583333333 0.05034722222222222 0.03255208333333333
0 0.11863425925925926 0.478515625 0.048611111111111105 0.031684027777777776
0 0.6128472222222222 0.6399739583333333 0.048611111111111105 0.031684027777777776
0 0.6195023148148148 0.71875 0.048032407407407406 0.03125
0 0.4108796296296296 0.5987413194444444 0.048611111111111105 0.031684027777777776
