0 0.13877551020408163 0.38920454545454547 0.1346938775510204 0.18181818181818182
0 0.9510204081632654 0.4928977272727273 0.06122448979591837 0.05965909090909091
0 0.976530612244898 0.3053977272727273 0.04693877551020409 0.09943181818181819
0 0.3081632653061225 0.4247159090909091 0.11836734693877551 0.13352272727272727
0 0.22346938775510206 0.5184659090909091 0.12448979591836735 0.17329545454545456
0 0.6795918367346939 0.6022727272727273 0.0816326530612245 0.13068181818181818
0 0.5683673469387756 0.3622159090909091 0.12448979591836735 0.17329545454545456
0 0.3275510204081633 0.5411931818181819 0.09591836734693879 0.1278409090909091
0 0.7724489795918368 0.6576704545454546 0.07551020408163266 0.09943181818181819
0 0.65 0.43323863636363635 0.1163265306122449 0.16761363636363638
0 0.8908163265306124 0.20880681818181818 0.06326530612244899 0.07670454545454546
0 0.686734693877551 0.8224431818181819 0.07551020408163266 0.09943181818181819
0 0.4602040816326531 0.4630681818181818 0.1285714285714286 0.1534090909090909
0 0.7204081632653062 0.2911931818181818 0.07755102040816328 0.10511363636363637
0 0.2612244897959184 0.31107954545454547 0.1346938775510204 0.1846590909090909
0 0.7489795918367348 0.6022727272727273 0.0816326530612245 0.13068181818181818
