0 0.56201171875 0.27548209366391185 0.0537109375 0.06887052341597796
0 0.39306640625 0.046143250688705235 0.0517578125 0.07575757575757576
0 0.51416015625 0.40633608815426997 0.0556640625 0.0743801652892562
0 0.52294921875 0.5792011019283747 0.0576171875 0.07300275482093664
0 0.15576171875 0.3691460055096419 0.0400390625 0.049586776859504134
0 0.6806640625 0.41391184573002754 0.064453125 0.08677685950413223
0 0.86572265625 0.47451790633608815 0.0595703125 0.07851239669421488
0 0.830078125 0.7768595041322315 0.0234375 0.03856749311294766
0 0.33984375 0.20110192837465565 0.05078125 0.06336088154269973
0 0.365234375 0.28994490358126723 0.052734375 0.07575757575757576
0 0.8779296875 0.6329201101928374 0.060546875 0.08677685950413223
0 0.3525390625 0.4696969696969697 0.033203125 0.0440771349862259
0 0.84765625 0.10881542699724518 0.044921875 0.06336088154269973
0 0.4658203125 0.42768595041322316 0.0546875 0.081267217630854
0 0.85009765625 0.7637741046831956 0.0634765625 0.08402203856749312
0 0.615234375 0.32575757575757575 0.046875 0.05922865013774105
0 0.5283203125 0.16804407713498623 0.05859375 0.08264462809917356
0 0.08984375 0.03787878787878788 0.052734375 0.0674931129476584
0 0.642578125 0.4738292011019284 0.0625 0.08264462809917356
0 0.814453125 0.371900826446281 0.056640625 0.06060606060606061
0 0.48291015625 0.5227272727272727 0.0634765625 0.08402203856749312
0 0.81103515625 0.5922865013774105 0.0517578125 0.06887052341597796
0 0.6669921875 0.09435261707988982 0.05078125 0.0674931129476584
0 0.32861328125 0.2809917355371901 0.0400390625 0.05509641873278237
