0 0.7555555555555555 0.4574290484140234 0.042222222222222223 0.06010016694490818
0 0.6577777777777778 0.6335559265442404 0.03111111111111111 0.05175292153589316
0 0.7788888888888889 0.6602671118530885 0.06 0.07846410684474124
0 0.10888888888888888 0.5141903171953256 0.026666666666666665 0.04340567612687813
0 0.2511111111111111 0.498330550918197 0.04 0.05843071786310518
0 0.11055555555555556 0.27462437395659434 0.07888888888888888 0.11519198664440734
0 0.5333333333333333 0.5258764607679466 0.03333333333333333 0.05008347245409015
0 0.9055555555555556 0.27378964941569284 0.04888888888888889 0.07345575959933222
0 0.16944444444444445 0.0993322203672788 0.052222222222222225 0.07846410684474124
0 0.41 0.3363939899833055 0.044444444444444446 0.07178631051752922
0 0.9583333333333334 0.027545909849749584 0.07444444444444444 0.05175292153589316
0 0.4622222222222222 0.39148580968280466 0.03777777777777778 0.06176961602671119
0 0.7833333333333333 0.2278797996661102 0.05333333333333333 0.07846410684474124
0 0.6283333333333333 0.5976627712854758 0.027777777777777776 0.03672787979966611
0 0.8288888888888889 0.28213689482470783 0.04666666666666667 0.08347245409015025
0 0.8772222222222222 0.5634390651085142 0.05444444444444444 0.07846410684474124
0 0.8733333333333333 0.11602671118530886 0.06444444444444444 0.09181969949916528
0 0.9566666666666667 0.1994991652754591 0.04888888888888889 0.07178631051752922
0 0.8716666666666667 0.6218697829716194 0.052222222222222225 0.05175292153589316
0 0.030555555555555555 0.3831385642737897 0.058888888888888886 0.10517529215358933
0 0.08277777777777778 0.505008347245409 0.027777777777777776 0.045075125208681135
0 0.2588888888888889 0.6043405676126878 0.03111111111111111 0.04340567612687813
0 0.535 0.41402337228714525 0.034444444444444444 0.05342237061769616
0 0.8705555555555555 0.41986644407345575 0.056666666666666664 0.08848080133555927
0 0.6161111111111112 0.5091819699499165 0.04777777777777778 0.06343906510851419
0 0.7011111111111111 0.5 0.03333333333333333 0.05509181969949917
0 0.9816666666666667 0.2971619365609349 0.03666666666666667 0.07679465776293823
0 0.38333333333333336 0.498330550918197 0.03777777777777778 0.05175292153589316
0 0.8016666666666666 0.48247078464106846 0.058888888888888886 0.08681135225375626
0 0.47888888888888886 0.07011686143572621 0.028888888888888888 0.04674457429048414
