0 0.95849609375 0.4755671902268761 0.0810546875 0.2111692844677138
0 0.1416015625 0.07678883071553229 0.099609375 0.15008726003490402
0 0.24462890625 0.07504363001745201 0.1005859375 0.07678883071553229
0 0.060546875 0.11867364746945899 0.087890625 0.09075043630017453
0 0.7421875 0.4109947643979058 0.125 0.16579406631762653
0 0.23779296875 0.03577661431064572 0.1181640625 0.06806282722513089
0 0.6201171875 0.17452006980802792 0.08984375 0.1012216404886562
0 0.345703125 0.8821989528795812 0.17578125 0.2356020942408377
0 0.517578125 0.07940663176265271 0.099609375 0.12390924956369982
0 0.205078125 0.5549738219895288 0.123046875 0.13263525305410123
0 0.92626953125 0.34904013961605584 0.1416015625 0.19895287958115185
0 0.97314453125 0.5794066317626527 0.0537109375 0.17452006980802792
0 0.4443359375 0.6029668411867365 0.140625 0.19720767888307156
0 0.21044921875 0.7504363001745201 0.1787109375 0.30017452006980805
0 0.89501953125 0.2469458987783595 0.1474609375 0.20767888307155324
0 0.10205078125 0.08289703315881326 0.1826171875 0.16230366492146597
0 0.08203125 0.6169284467713787 0.162109375 0.3158813263525305
0 0.453125 0.800174520069808 0.15234375 0.23909249563699825
0 0.4326171875 0.16666666666666666 0.109375 0.17975567190226877
0 0.32373046875 0.6675392670157069 0.1474609375 0.24607329842931938
0 0.85400390625 0.5034904013961605 0.1220703125 0.15881326352530542
0 0.3173828125 0.4790575916230367 0.14453125 0.2111692844677138
0 0.63720703125 0.05235602094240838 0.0478515625 0.09773123909249563
0 0.755859375 0.6544502617801047 0.10546875 0.19895287958115185
0 0.91259765625 0.6553228621291448 0.1513671875 0.1762652705061082
