0 0.4833984375 0.39011799410029496 0.07421875 0.11946902654867256
0 0.89453125 0.022861356932153392 0.04296875 0.04277286135693215
0 0.42138671875 0.2271386430678466 0.0712890625 0.10029498525073746
0 0.24267578125 0.11799410029498525 0.0458984375 0.04424778761061947
0 0.43359375 0.6585545722713865 0.04296875 0.05752212389380531
0 0.521484375 0.6541297935103245 0.080078125 0.06932153392330384
0 0.9404296875 0.41150442477876104 0.044921875 0.061946902654867256
0 0.46923828125 0.8311209439528023 0.0595703125 0.11061946902654868
0 0.46533203125 0.5943952802359882 0.0654296875 0.09734513274336283
0 0.5322265625 0.5715339233038348 0.072265625 0.1135693215339233
0 0.30810546875 0.1762536873156342 0.0595703125 0.06932153392330384
0 0.408203125 0.3635693215339233 0.083984375 0.1224188790560472
0 0.24755859375 0.13938053097345132 0.0556640625 0.045722713864306784
0 0.30078125 0.6194690265486725 0.056640625 0.10619469026548672
0 0.544921875 0.8303834808259587 0.048828125 0.08849557522123894
0 0.8984375 0.40412979351032446 0.046875 0.061946902654867256
