0 0.5020703933747412 0.9341736694677871 0.08074534161490683 0.08683473389355742
0 0.6780538302277433 0.2647058823529412 0.06418219461697723 0.08123249299719888
0 0.6356107660455487 0.3599439775910364 0.06211180124223603 0.0700280112044818
0 0.11904761904761905 0.41876750700280113 0.08902691511387165 0.10364145658263306
0 0.694616977225673 0.5714285714285714 0.055900621118012424 0.07282913165266107
0 0.4627329192546584 0.8641456582633054 0.08074534161490683 0.09243697478991597
0 0.8312629399585922 0.24369747899159663 0.06832298136645963 0.0896358543417367
0 0.3985507246376812 0.08403361344537816 0.09316770186335405 0.13445378151260504
0 0.33333333333333337 0.773109243697479 0.07039337474120083 0.08403361344537816
0 0.8416149068322982 0.42296918767507 0.06832298136645963 0.0896358543417367
0 0.33333333333333337 0.04481792717086835 0.11594202898550726 0.08403361344537816
0 0.47204968944099385 0.36554621848739494 0.08281573498964803 0.11484593837535013
0 0.10766045548654245 0.5476190476190477 0.07453416149068323 0.09243697478991597
0 0.417184265010352 0.773109243697479 0.08488612836438925 0.10644257703081232
0 0.391304347826087 0.3963585434173669 0.08281573498964803 0.11484593837535013
0 0.922360248447205 0.3641456582633053 0.06832298136645963 0.0896358543417367
0 0.7039337474120083 0.44397759103641454 0.053830227743271224 0.07563025210084033
0 0.5434782608695653 0.3515406162464986 0.07660455486542443 0.09803921568627451
0 0.17494824016563149 0.5798319327731093 0.07660455486542443 0.10084033613445378
0 0.7401656314699794 0.7254901960784313 0.06418219461697723 0.0784313725490196
