0 0.626 0.1681494661921708 0.108 0.14412811387900354
0 0.052 0.6930604982206405 0.10133333333333333 0.14412811387900354
0 0.27266666666666667 0.5435943060498221 0.09466666666666666 0.13345195729537365
0 0.5746666666666667 0.09163701067615658 0.096 0.11209964412811388
0 0.768 0.16725978647686832 0.072 0.08185053380782918
0 0.6926666666666667 0.2677935943060498 0.08399999999999999 0.12277580071174377
0 0.6546666666666666 0.3638790035587188 0.10133333333333333 0.14056939501779359
0 0.20133333333333334 0.5898576512455516 0.08533333333333333 0.09786476868327401
0 0.19133333333333333 0.4866548042704626 0.09733333333333333 0.13345195729537365
0 0.894 0.07117437722419928 0.08399999999999999 0.11032028469750889
0 0.122 0.2286476868327402 0.108 0.12633451957295372
0 0.8326666666666667 0.2188612099644128 0.08666666666666667 0.11032028469750889
