0 0.242578125 0.1650462962962963 0.04505208333333333 0.0763888888888889
0 0.216796875 0.0900462962962963 0.04765625 0.06805555555555556
0 0.21940104166666666 0.8958333333333334 0.06796875 0.11203703703703705
0 0.39752604166666666 0.5266203703703703 0.06484375 0.10972222222222222
0 0.49973958333333335 0.3548611111111111 0.06770833333333333 0.12361111111111112
0 0.23658854166666665 0.21805555555555556 0.04453125 0.06481481481481481
0 0.06471354166666667 0.6349537037037037 0.05234375 0.05324074074074074
0 0.13671875 0.04259259259259259 0.034375 0.05555555555555556
0 0.94375 0.9210648148148148 0.1125 0.15787037037037038
0 0.25494791666666666 0.6354166666666667 0.06302083333333333 0.10787037037037038
0 0.11041666666666666 0.9155092592592593 0.034375 0.06342592592592593
0 0.41966145833333335 0.12268518518518519 0.047135416666666666 0.08240740740740742
0 0.4088541666666667 0.7409722222222223 0.078125 0.14120370370370372
