0 0.7024739583333334 0.6493055555555556 0.11692708333333333 0.18842592592592594
0 0.621484375 0.7527777777777778 0.12838541666666667 0.22314814814814815
0 0.18203125 0.3717592592592593 0.06458333333333333 0.10925925925925926
0 0.5680989583333333 0.5523148148148148 0.12161458333333333 0.21944444444444444
0 0.05364583333333333 0.7203703703703704 0.035416666666666666 0.06018518518518519
0 0.426171875 0.06574074074074074 0.07109375 0.13055555555555556
0 0.045703125 0.6039351851851852 0.03828125 0.038425925925925926
0 0.32916666666666666 0.23101851851851854 0.0625 0.10740740740740741
0 0.15611979166666667 0.64375 0.06901041666666667 0.11064814814814815
0 0.23671875 0.3145833333333333 0.04375 0.051388888888888894
0 0.33828125 0.44351851851851853 0.08385416666666666 0.13425925925925927
