0 0.14112903225806453 0.7205882352941176 0.15645161290322582 0.23039215686274508
0 0.9620967741935483 0.6678921568627451 0.07580645161290323 0.25735294117647056
0 0.6612903225806451 0.38112745098039214 0.14193548387096774 0.23284313725490197
0 0.06451612903225806 0.34068627450980393 0.12580645161290321 0.3137254901960784
0 0.325 0.8909313725490196 0.12741935483870967 0.18872549019607843
0 0.8403225806451613 0.5772058823529411 0.1870967741935484 0.26715686274509803
0 0.30806451612903224 0.5453431372549019 0.14193548387096774 0.21323529411764705
0 0.3564516129032258 0.6850490196078431 0.14193548387096774 0.21323529411764705
0 0.43306451612903224 0.43504901960784315 0.16612903225806452 0.23284313725490197
0 0.5669354838709677 0.09068627450980392 0.17903225806451614 0.1764705882352941
0 0.8274193548387097 0.2536764705882353 0.20967741935483872 0.32598039215686275
