0 0.81 0.6976190476190477 0.060000000000000005 0.08095238095238096
0 0.4666666666666667 0.1273809523809524 0.05 0.0642857142857143
0 0.2025 0.5238095238095238 0.07500000000000001 0.11904761904761905
0 0.27166666666666667 0.5607142857142857 0.07 0.10238095238095239
0 0.02416666666666667 0.7857142857142858 0.045000000000000005 0.06190476190476191
0 0.5458333333333334 0.14761904761904762 0.045000000000000005 0.0380952380952381
0 0.8933333333333334 0.5583333333333333 0.07 0.10238095238095239
0 0.8641666666666667 0.28690476190476194 0.04833333333333334 0.05952380952380953
0 0.6191666666666668 0.22261904761904763 0.05166666666666667 0.07380952380952381
0 0.6341666666666667 0.6726190476190477 0.07500000000000001 0.10714285714285715
0 0.5408333333333334 0.11904761904761905 0.05166666666666667 0.05714285714285715
0 0.76 0.8071428571428572 0.05333333333333334 0.08095238095238096
0 0.5066666666666667 0.7190476190476192 0.07 0.10476190476190478
0 0.5466666666666667 0.13214285714285715 0.05666666666666667 0.05476190476190477
0 0.6891666666666667 0.34285714285714286 0.058333333333333334 0.08095238095238096
0 0.9375000000000001 0.4202380952380953 0.07166666666666667 0.10238095238095239
0 0.385 0.5273809523809524 0.07 0.09285714285714286
0 0.39916666666666667 0.8511904761904763 0.06166666666666667 0.08333333333333334
0 0.10250000000000001 0.4845238095238096 0.035 0.045238095238095244
