0 0.9233333333333333 0.3681159420289855 0.14533333333333334 0.17681159420289855
0 0.662 0.5905797101449275 0.12666666666666665 0.18405797101449275
0 0.5326666666666666 0.6681159420289855 0.10533333333333333 0.1536231884057971
0 0.768 0.9123188405797101 0.10933333333333332 0.16086956521739132
0 0.03 0.363768115942029 0.05733333333333333 0.2144927536231884
0 0.17666666666666667 0.413768115942029 0.16933333333333334 0.19855072463768117
0 0.6353333333333333 0.2891304347826087 0.15333333333333332 0.20724637681159422
0 0.2793333333333333 0.6891304347826087 0.14266666666666666 0.17246376811594202
0 0.8153333333333334 0.5934782608695652 0.12666666666666665 0.17246376811594202
0 0.04 0.5565217391304348 0.07733333333333334 0.19130434782608696
0 0.4046666666666667 0.3347826086956522 0.132 0.1681159420289855
