0 0.5242187500000001 0.2995310668229777 0.0859375 0.06682297772567408
0 0.7546875000000001 0.2555685814771395 0.065625 0.053927315357561546
0 0.884375 0.3364595545134818 0.07187500000000001 0.0656506447831184
0 0.659375 0.37280187573270807 0.059375000000000004 0.04689331770222743
0 0.3796875 0.17291910902696364 0.05625 0.04572098475967174
0 0.44375000000000003 0.4132473622508792 0.1 0.07620164126611957
0 0.484375 0.6705744431418522 0.084375 0.06096131301289566
0 0.45546875000000003 0.4976553341148886 0.07968750000000001 0.0574443141852286
0 0.6976562500000001 0.1189917936694021 0.051562500000000004 0.041031652989449004
0 0.18125000000000002 0.43669402110199296 0.084375 0.062133645955451344
0 0.5546875 0.3540445486518171 0.07500000000000001 0.053927315357561546
0 0.51015625 0.019929660023446656 0.06406250000000001 0.03751465416178194
