0 0.5435185185185185 0.5876543209876544 0.03518518518518519 0.0345679012345679
0 0.5666666666666667 0.6037037037037037 0.03888888888888889 0.02962962962962963
0 0.3055555555555556 0.5179012345679013 0.053703703703703705 0.06049382716049383
0 0.5537037037037037 0.6327160493827161 0.04259259259259259 0.03333333333333333
0 0.8143518518518519 0.7098765432098765 0.049074074074074076 0.046913580246913576
0 0.37824074074074077 0.49135802469135803 0.032407407407407406 0.037037037037037035
0 0.5921296296296297 0.6283950617283951 0.03796296296296296 0.046913580246913576
0 0.40972222222222227 0.5259259259259259 0.04166666666666667 0.044444444444444446
0 0.49768518518518523 0.6277777777777778 0.04722222222222222 0.04567901234567901
0 0.7328703703703704 0.4691358024691358 0.036111111111111115 0.044444444444444446
0 0.44027777777777777 0.5098765432098765 0.04351851851851852 0.056790123456790124
0 0.6199074074074075 0.25864197530864197 0.03796296296296296 0.03827160493827161
0 0.4800925925925926 0.5049382716049383 0.04351851851851852 0.06419753086419754
0 0.35185185185185186 0.5179012345679013 0.040740740740740744 0.04567901234567901
0 0.6296296296296297 0.4944444444444444 0.04259259259259259 0.04074074074074074
