0 0.8381801125703565 0.105 0.07223264540337711 0.0975
0 0.6674484052532833 0.794375 0.11538461538461539 0.14375000000000002
0 0.7584427767354597 0.68875 0.08348968105065666 0.1
0 0.19559099437148217 0.660625 0.15103189493433397 0.19375
0 0.1449343339587242 0.17875 0.10787992495309569 0.20750000000000002
0 0.9188555347091932 0.308125 0.04784240150093809 0.051250000000000004
0 0.25375234521575984 0.198125 0.12101313320825516 0.18375
0 0.1477485928705441 0.38 0.04409005628517824 0.055
0 0.45168855534709196 0.14875 0.06660412757973734 0.0975
0 0.15900562851782363 0.435 0.038461538461538464 0.0525
0 0.15056285178236398 0.511875 0.029080675422138838 0.03625
0 0.12804878048780488 0.268125 0.04596622889305816 0.058750000000000004
0 0.41932457786116323 0.66625 0.14634146341463414 0.18
0 0.2026266416510319 0.8875000000000001 0.17073170731707318 0.20750000000000002
0 0.7040337711069419 0.5175 0.10975609756097561 0.145
0 0.3198874296435272 0.42312500000000003 0.052532833020637895 0.06875
0 0.9615384615384616 0.380625 0.07692307692307693 0.11375
0 0.036585365853658534 0.315 0.0450281425891182 0.06
0 0.6013133208255159 0.48812500000000003 0.10694183864915573 0.14375000000000002
0 0.7987804878048781 0.494375 0.08161350844277673 0.12125
0 0.4526266416510319 0.326875 0.12288930581613508 0.17375000000000002
0 0.7818949343339587 0.200625 0.029080675422138838 0.03625
