0 0.4708333333333334 0.81125 0.03166666666666667 0.0575
0 0.4841666666666667 0.4975 0.03833333333333334 0.04
0 0.5375000000000001 0.9125 0.03833333333333334 0.055
0 0.505 0.81375 0.04 0.0575
0 0.5375000000000001 0.8475 0.035 0.05
0 0.5116666666666667 0.70125 0.04 0.0575
0 0.3566666666666667 0.4525 0.03333333333333333 0.05
0 0.545 0.62125 0.04 0.0575
0 0.2833333333333333 0.545 0.03666666666666667 0.04
0 0.8791666666666668 0.17875 0.08166666666666667 0.11750000000000001
0 0.48000000000000004 0.5525 0.04 0.06
