0 0.4701388888888889 0.46822916666666664 0.04861111111111111 0.042708333333333334
0 0.3784722222222222 0.4869791666666667 0.059722222222222225 0.040625
0 0.7534722222222222 0.2708333333333333 0.0375 0.03958333333333333
0 0.7958333333333334 0.9302083333333333 0.09444444444444444 0.07708333333333334
0 0.6618055555555555 0.37447916666666664 0.07361111111111111 0.053125
0 0.9611111111111111 0.7166666666666667 0.075 0.14791666666666667
0 0.3076388888888889 0.5453125 0.0625 0.03854166666666667
0 0.16597222222222222 0.057812499999999996 0.04861111111111111 0.03854166666666667
0 0.39861111111111114 0.42291666666666666 0.05277777777777778 0.0375
0 0.19861111111111113 0.09010416666666667 0.044444444444444446 0.03854166666666667
0 0.19861111111111113 0.017708333333333333 0.04722222222222222 0.03333333333333333
