0 0.8304687500000001 0.15256410256410258 0.1015625 0.13076923076923078
0 0.19765625 0.5666666666666667 0.0703125 0.11282051282051282
0 0.057031250000000006 0.517948717948718 0.06406250000000001 0.11794871794871795
0 0.17265625 0.8743589743589744 0.0671875 0.09230769230769231
0 0.59296875 0.2423076923076923 0.0890625 0.13076923076923078
0 0.2515625 0.8192307692307692 0.07500000000000001 0.12051282051282051
0 0.58828125 0.9 0.0671875 0.12307692307692308
0 0.7093750000000001 0.7282051282051282 0.059375000000000004 0.11282051282051282
0 0.6953125 0.09615384615384616 0.09375 0.16153846153846155
0 0.6492187500000001 0.6230769230769231 0.07968750000000001 0.13846153846153847
0 0.6578125 0.7346153846153847 0.06875 0.12564102564102564
0 0.03359375 0.7871794871794872 0.0578125 0.11794871794871795
0 0.14296875 0.6141025641025641 0.0703125 0.12564102564102564
0 0.8445312500000001 0.5871794871794872 0.0671875 0.10256410256410256
0 0.2671875 0.27692307692307694 0.10312500000000001 0.15384615384615385
0 0.09062500000000001 0.8384615384615385 0.06875 0.09230769230769231
0 0.7914062500000001 0.7 0.0671875 0.10256410256410256
0 0.52734375 0.32051282051282054 0.0921875 0.13846153846153847
0 0.37343750000000003 0.7269230769230769 0.078125 0.1358974358974359
0 0.08750000000000001 0.8217948717948718 0.06875 0.1358974358974359
0 0.2828125 0.6884615384615385 0.07500000000000001 0.12051282051282051
0 0.47578125000000004 0.5897435897435898 0.0703125 0.1282051282051282
0 0.3640625 0.5474358974358975 0.078125 0.14615384615384616
