0 0.044583333333333336 0.4292076887013596 0.08750000000000001 0.08485700890764182
0 0.9566666666666668 0.11181434599156119 0.08666666666666667 0.06141584622597281
0 0.13166666666666668 0.41186122831692457 0.14 0.07548054383497423
0 0.8804166666666667 0.5958743553680262 0.13583333333333333 0.06844819503047352
0 0.9687500000000001 0.4819503047351149 0.0625 0.08720112517580872
0 0.5491666666666667 0.4151429910923582 0.15000000000000002 0.08110642287857478
0 0.45583333333333337 0.47374589779653076 0.14666666666666667 0.08298171589310831
0 0.5141666666666667 0.09587435536802626 0.12833333333333335 0.06704172526957337
0 0.15916666666666668 0.16971401781528364 0.16833333333333333 0.08626347866854196
0 0.6312500000000001 0.26957337083919364 0.05416666666666667 0.03187998124706986
0 0.9491666666666667 0.7644163150492265 0.10166666666666667 0.08204406938584154
0 0.24291666666666667 0.27590248476324425 0.15916666666666668 0.07172995780590717
0 0.38333333333333336 0.32864510079699955 0.12000000000000001 0.06282231598687295
0 0.15708333333333335 0.5818096577590249 0.14250000000000002 0.07501172058134084
0 0.8875000000000001 0.37388654477262073 0.14 0.05297702766057197
0 0.06875 0.5253164556962026 0.13583333333333333 0.08016877637130802
