0 0.5467461044912925 0.47699652777777773 0.04857928505957837 0.02690972222222222
0 0.9225481209899176 0.9594184027777777 0.12740604949587533 0.0681423611111111
0 0.12053162236480294 0.3172743055555555 0.13290559120073328 0.05208333333333333
0 0.4853345554537122 0.41427951388888884 0.052245646196150325 0.02300347222222222
0 0.7488542621448213 0.5026041666666666 0.07149404216315307 0.03645833333333333
0 0.33363886342804766 0.30143229166666663 0.08249312557286893 0.03602430555555555
0 0.3625114573785518 0.4140625 0.06507791017415215 0.034722222222222224
0 0.7483959670027498 0.4118923611111111 0.054078826764436295 0.03211805555555555
0 0.4468377635197067 0.10546875 0.08524289642529789 0.03993055555555555
0 0.7479376718606783 0.6686197916666666 0.10999083409715857 0.045572916666666664
0 0.7149404216315307 0.4835069444444444 0.07516040329972502 0.04079861111111111
0 0.2901008249312557 0.4312065972222222 0.06324472960586618 0.029947916666666664
0 0.926672777268561 0.5073784722222222 0.09165902841429881 0.04079861111111111
0 0.7878093492208983 0.8263888888888888 0.10907424381301559 0.048611111111111105
0 0.4395050412465628 0.4175347222222222 0.043079743354720444 0.0234375
0 0.40559120073327226 0.3684895833333333 0.052245646196150325 0.021701388888888888
0 0.41292392300641617 0.38671875 0.07241063244729606 0.03645833333333333
0 0.6173235563703025 0.2931857638888889 0.07974335472043996 0.039496527777777776
0 0.729147571035747 0.7749565972222222 0.12740604949587533 0.05859375
0 0.3368469294225481 0.4453125 0.06691109074243813 0.027777777777777776
0 0.7089825847846013 0.4229600694444444 0.07607699358386802 0.03689236111111111
0 0.928505957836847 0.4483506944444444 0.10449129239230065 0.0546875
0 0.4092575618698442 0.39105902777777773 0.05041246562786435 0.0234375
0 0.7080659945004584 0.8528645833333333 0.11824014665444546 0.056423611111111105
0 0.6801099908340972 0.2775607638888889 0.07516040329972502 0.03515625
0 0.5861594867094408 0.5230034722222222 0.044912923923006415 0.0234375
0 0.5082493125572869 0.48263888888888884 0.044912923923006415 0.0234375
0 0.24747937671860679 0.6161024305555555 0.06782768102658113 0.029947916666666664
0 0.5219981668194318 0.333984375 0.07607699358386802 0.04036458333333333
0 0.5980751604032998 0.4813368055555555 0.044912923923006415 0.0234375
