0 0.46794871794871795 0.8237179487179488 0.060897435897435896 0.0747863247863248
0 0.05769230769230769 0.6688034188034189 0.07371794871794872 0.06410256410256411
0 0.5288461538461539 0.6271367521367522 0.10256410256410256 0.09188034188034189
0 0.3629807692307692 0.4551282051282052 0.1362179487179487 0.12393162393162395
0 0.7772435897435898 0.638888888888889 0.15384615384615385 0.12820512820512822
0 0.578525641025641 0.49679487179487186 0.18269230769230768 0.17735042735042736
0 0.4583333333333333 0.6891025641025642 0.09294871794871795 0.08333333333333334
0 0.4455128205128205 0.6014957264957266 0.10256410256410256 0.09188034188034189
0 0.8221153846153846 0.7382478632478633 0.125 0.13034188034188035
0 0.4142628205128205 0.5373931623931625 0.11378205128205128 0.08760683760683761
0 0.1987179487179487 0.5267094017094017 0.14102564102564102 0.1260683760683761
0 0.7091346153846153 0.8568376068376069 0.06570512820512821 0.07692307692307693
0 0.15304487179487178 0.4273504273504274 0.17467948717948717 0.15811965811965814
