0 0.5122126436781609 0.8833333333333333 0.05603448275862069 0.075
0 0.29813218390804597 0.4947916666666667 0.05603448275862069 0.07708333333333334
0 0.6386494252873564 0.7270833333333333 0.041666666666666664 0.06666666666666667
0 0.2995689655172414 0.7947916666666667 0.07040229885057471 0.09375
0 0.9353448275862069 0.840625 0.028735632183908046 0.04375
0 0.5122126436781609 0.7916666666666666 0.06752873563218391 0.09583333333333333
0 0.6214080459770115 0.9072916666666666 0.03879310344827586 0.05625
0 0.12140804597701149 0.7239583333333334 0.05316091954022988 0.06041666666666667
0 0.06034482758620689 0.5947916666666666 0.05747126436781609 0.08125
0 0.8541666666666666 0.915625 0.04454022988505747 0.06041666666666667
0 0.46623563218390807 0.7114583333333333 0.06465517241379311 0.10208333333333333
0 0.25862068965517243 0.5208333333333334 0.04310344827586207 0.0625
0 0.45186781609195403 0.33125 0.0617816091954023 0.09166666666666666
0 0.48419540229885055 0.4322916666666667 0.06896551724137931 0.08958333333333333
0 0.6027298850574713 0.7927083333333333 0.03879310344827586 0.05625
0 0.8405172413793104 0.8354166666666667 0.037356321839080456 0.058333333333333334
