0 0.5085714285714286 0.32730263157894735 0.2857142857142857 0.27960526315789475
0 0.4042857142857143 0.9013157894736842 0.22 0.1907894736842105
0 0.34 0.1957236842105263 0.21714285714285714 0.2532894736842105
0 0.34 0.4309210526315789 0.14285714285714285 0.21710526315789472
0 0.6914285714285714 0.8388157894736842 0.10857142857142857 0.1907894736842105
0 0.3942857142857143 0.25164473684210525 0.30857142857142855 0.319078947368421
0 0.4471428571428571 0.5789473684210527 0.24857142857142858 0.2631578947368421
0 0.2957142857142857 0.046052631578947366 0.12857142857142856 0.08552631578947367
0 0.47714285714285715 0.34046052631578944 0.46285714285714286 0.42434210526315785
0 0.44571428571428573 0.4506578947368421 0.3028571428571429 0.3289473684210526
0 0.3842857142857143 0.7615131578947368 0.11142857142857143 0.12171052631578946
0 0.6242857142857143 0.2269736842105263 0.16285714285714287 0.20394736842105263
