0 0.6217587373167982 0.20847457627118643 0.02818489289740699 0.06440677966101695
0 0.6082299887260428 0.888135593220339 0.03720405862457722 0.04406779661016949
0 0.22209695603156707 0.37033898305084745 0.038331454340473504 0.05593220338983051
0 0.4785794813979707 0.2584745762711864 0.04622322435174746 0.06610169491525424
0 0.32243517474633593 0.3677966101694915 0.038331454340473504 0.06101694915254237
0 0.560879368658399 0.6338983050847458 0.03494926719278467 0.06101694915254237
0 0.10710259301014656 0.14745762711864407 0.0496054114994363 0.07457627118644068
0 0.13134160090191657 0.14915254237288136 0.0935738444193912 0.0847457627118644
0 0.3331454340473506 0.12203389830508474 0.048478015783540024 0.07796610169491525
0 0.9323562570462232 0.1906779661016949 0.038331454340473504 0.059322033898305086
0 0.4616685456595265 0.6152542372881356 0.030439684329199548 0.05084745762711864
0 0.617249154453213 0.7940677966101695 0.03494926719278467 0.04915254237288135
0 0.5157835400225479 0.6211864406779661 0.03720405862457722 0.06271186440677966
0 0.044532130777903044 0.46779661016949153 0.04171364148816234 0.06101694915254237
0 0.8438556933483652 0.29745762711864404 0.03494926719278467 0.059322033898305086
0 0.415445321307779 0.7805084745762711 0.030439684329199548 0.05254237288135593
0 0.1527621195039459 0.1483050847457627 0.048478015783540024 0.07966101694915254
0 0.06877113866967305 0.4771186440677966 0.060879368658399095 0.06949152542372881
0 0.21533258173618938 0.12288135593220338 0.04735062006764374 0.07288135593220339
0 0.46279594137542274 0.19745762711864406 0.050732807215332576 0.07966101694915254
0 0.5913190529875986 0.1694915254237288 0.048478015783540024 0.07796610169491525
0 0.7344983089064261 0.2271186440677966 0.048478015783540024 0.0847457627118644
0 0.2801578354002255 0.09745762711864407 0.050732807215332576 0.06949152542372881
