0 0.046875 0.5612244897959183 0.046875 0.06632653061224489
0 0.21171875 0.6007653061224489 0.09843750000000001 0.15561224489795916
0 0.5375 0.7474489795918366 0.059375000000000004 0.09183673469387754
0 0.1078125 0.3877551020408163 0.040625 0.06632653061224489
0 0.56640625 0.6122448979591836 0.06406250000000001 0.1020408163265306
0 0.5078125 0.5982142857142857 0.05 0.08418367346938775
0 0.48046875 0.47959183673469385 0.0671875 0.09693877551020408
0 0.2671875 0.14795918367346939 0.109375 0.19387755102040816
0 0.58203125 0.7436224489795917 0.0328125 0.04846938775510204
0 0.284375 0.836734693877551 0.08125 0.15816326530612243
0 0.19843750000000002 0.29209183673469385 0.10625000000000001 0.18622448979591835
0 0.15625 0.21301020408163263 0.028125 0.05357142857142857
0 0.14140625 0.4068877551020408 0.0328125 0.05357142857142857
0 0.1296875 0.31632653061224486 0.03125 0.04591836734693877
0 0.20390625 0.8201530612244897 0.11406250000000001 0.18112244897959182
