0 0.5688657407407407 0.8141809290953546 0.027777777777777776 0.05623471882640587
0 0.5109953703703703 0.3105134474327628 0.03587962962962963 0.05867970660146699
0 0.09895833333333333 0.871638141809291 0.02662037037037037 0.05134474327628362
0 0.5885416666666666 0.8331295843520783 0.017361111111111112 0.04767726161369193
0 0.3819444444444444 0.32823960880195596 0.02199074074074074 0.05012224938875306
0 0.5729166666666666 0.3422982885085575 0.024305555555555552 0.05378973105134474
0 0.5031828703703703 0.3117359413202934 0.022569444444444444 0.04645476772616137
0 0.3576388888888889 0.32212713936430315 0.02199074074074074 0.05012224938875306
0 0.33564814814814814 0.10513447432762836 0.03009259259259259 0.06601466992665037
0 0.31655092592592593 0.05256723716381418 0.032407407407407406 0.07334963325183375
0 0.6895254629629629 0.7744498777506112 0.02372685185185185 0.05012224938875306
0 0.38252314814814814 0.5910757946210269 0.017361111111111112 0.042787286063569685
0 0.6510416666666666 0.6876528117359413 0.02199074074074074 0.04523227383863081
0 0.33969907407407407 0.402200488997555 0.02199074074074074 0.05623471882640587
0 0.14004629629629628 0.8722493887530562 0.02546296296296296 0.05012224938875306
0 0.27546296296296297 0.0745721271393643 0.02199074074074074 0.05623471882640587
0 0.23929398148148145 0.6308068459657702 0.02488425925925926 0.0488997555012225
