0 0.754 0.7596491228070176 0.19333333333333333 0.19649122807017544
0 0.051333333333333335 0.656578947368421 0.05733333333333333 0.060526315789473685
0 0.5706666666666667 0.8350877192982457 0.352 0.25087719298245614
0 0.124 0.5675438596491228 0.20266666666666666 0.12280701754385966
0 0.834 0.2280701754385965 0.29466666666666663 0.20526315789473684
0 0.7613333333333333 0.9219298245614035 0.30933333333333335 0.11754385964912281
0 0.31266666666666665 0.8258771929824562 0.244 0.2043859649122807
0 0.7446666666666666 0.08903508771929824 0.3506666666666667 0.12368421052631579
0 0.27599999999999997 0.19605263157894737 0.3973333333333333 0.25
0 0.16266666666666665 0.7105263157894737 0.184 0.13157894736842105
0 0.42533333333333334 0.3530701754385965 0.19466666666666665 0.17280701754385966
0 0.6313333333333333 0.618859649122807 0.35333333333333333 0.21842105263157896
0 0.6513333333333333 0.3144736842105263 0.41733333333333333 0.2833333333333333
