0 0.42296839729119634 0.26248941574936496 0.11794582392776523 0.11346316680779
0 0.05474040632054176 0.5067739204064352 0.08803611738148984 0.12277730736663844
0 0.5519187358916479 0.09906858594411515 0.1252821670428894 0.1964436917866215
0 0.3132054176072234 0.3983911939034716 0.09142212189616251 0.14479254868755292
0 0.19130925507900676 0.8653683319220998 0.10496613995485327 0.14902624894157493
0 0.6571670428893904 0.27180355630821335 0.12923250564334085 0.17950889077053345
0 0.4176072234762979 0.14563928873835733 0.1343115124153499 0.1913632514817951
0 0.7799097065462753 0.17739204064352243 0.12866817155756208 0.1989839119390347
0 0.34593679458239274 0.24089754445385267 0.06772009029345372 0.12447078746824725
0 0.5719525959367945 0.4462320067739204 0.08747178329571105 0.1388653683319221
0 0.5854966139954852 0.5639288738357324 0.09424379232505642 0.11685012701100761
0 0.7821670428893904 0.5626587637595258 0.14672686230248305 0.20237087214225233
0 0.1566027088036117 0.5838272650296359 0.1450338600451467 0.15664690939881457
0 0.5084650112866816 0.5563082133784928 0.08465011286681715 0.1422523285351397
0 0.18171557562076748 0.32218458933107536 0.08126410835214447 0.13293818797629128
0 0.08436794582392776 0.9212531752751905 0.1540632054176072 0.14733276883996613
0 0.21247178329571104 0.1422523285351397 0.05135440180586907 0.09144792548687553
