0 0.39666666666666667 0.08 0.05333333333333334 0.065
0 0.5316666666666667 0.72 0.05 0.065
0 0.45833333333333337 0.52875 0.043333333333333335 0.0525
0 0.7233333333333334 0.5 0.030000000000000002 0.04
0 0.4133333333333334 0.6925 0.05333333333333334 0.065
0 0.7866666666666667 0.47500000000000003 0.03666666666666667 0.045
0 0.4291666666666667 0.49125 0.055 0.0675
0 0.5616666666666666 0.5525 0.03666666666666667 0.05
0 0.5366666666666667 0.47125 0.04 0.0525
0 0.49750000000000005 0.6587500000000001 0.04166666666666667 0.0425
0 0.3641666666666667 0.43 0.04166666666666667 0.06
0 0.7283333333333334 0.64875 0.03333333333333333 0.0425
0 0.49833333333333335 0.52625 0.03333333333333333 0.0475
0 0.195 0.7475 0.05 0.06
0 0.32833333333333337 0.6725 0.043333333333333335 0.065
0 0.2808333333333333 0.8775000000000001 0.03833333333333334 0.05
0 0.3791666666666667 0.1525 0.05166666666666667 0.055
0 0.3141666666666667 0.72 0.045000000000000005 0.05
