0 0.5808270676691729 0.115 0.05639097744360902 0.035
0 0.47932330827067665 0.09625 0.05639097744360902 0.0375
0 0.6447368421052632 0.1575 0.04887218045112782 0.035
0 0.6090225563909775 0.9237500000000001 0.045112781954887216 0.0275
0 0.5864661654135338 0.051250000000000004 0.09774436090225563 0.0475
0 0.5883458646616541 0.5325 0.05639097744360902 0.035
0 0.41353383458646614 0.52125 0.06015037593984962 0.0375
0 0.46616541353383456 0.19125 0.15789473684210525 0.0775
0 0.42105263157894735 0.2 0.06766917293233082 0.045
0 0.40789473684210525 0.05375 0.07142857142857142 0.0425
0 0.5845864661654135 0.34500000000000003 0.05639097744360902 0.035
0 0.93796992481203 0.47000000000000003 0.05639097744360902 0.03
0 0.4981203007518797 0.69875 0.07142857142857142 0.0425
0 0.6409774436090225 0.33625 0.05639097744360902 0.0325
