0 0.705 0.04166666666666667 0.06875 0.065
0 0.88625 0.6333333333333334 0.08875 0.10333333333333335
0 0.5321875 0.37375 0.076875 0.09583333333333334
0 0.95125 0.395 0.095 0.11166666666666668
0 0.545 0.21291666666666667 0.04125 0.07083333333333333
0 0.25125000000000003 0.9108333333333334 0.0425 0.04666666666666667
0 0.5278125 0.49125 0.035625000000000004 0.0475
0 0.64125 0.6120833333333334 0.07625 0.0825
0 0.8365625 0.6145833333333334 0.039375 0.09583333333333334
0 0.5153125000000001 0.020833333333333336 0.069375 0.04
0 0.280625 0.8741666666666668 0.0325 0.04833333333333334
0 0.706875 0.6229166666666667 0.06125 0.0775
0 0.6290625 0.37333333333333335 0.049375 0.055
0 0.130625 0.31833333333333336 0.0975 0.1366666666666667
0 0.8768750000000001 0.7866666666666667 0.055 0.07500000000000001
0 0.754375 0.09041666666666667 0.0425 0.035833333333333335
0 0.2734375 0.6470833333333333 0.093125 0.10750000000000001
0 0.8103125 0.8641666666666667 0.074375 0.10833333333333334
0 0.200625 0.37083333333333335 0.0575 0.06666666666666667
0 0.26937500000000003 0.8179166666666667 0.051250000000000004 0.05416666666666667
0 0.3690625 0.44083333333333335 0.055625 0.07500000000000001
0 0.30062500000000003 0.23375 0.08375 0.10416666666666667
