0 0.16796875 0.38046875 0.025390625 0.0390625
0 0.6044921875 0.665625 0.0390625 0.059375000000000004
0 0.58056640625 0.45156250000000003 0.0380859375 0.0625
0 0.86181640625 0.64453125 0.0302734375 0.0484375
0 0.78076171875 0.38906250000000003 0.0302734375 0.046875
0 0.6025390625 0.3984375 0.03125 0.053125000000000006
0 0.1376953125 0.34765625 0.025390625 0.0390625
0 0.1923828125 0.38203125000000004 0.025390625 0.0390625
0 0.12109375 0.18828125 0.01953125 0.026562500000000003
0 0.78173828125 0.3296875 0.0302734375 0.046875
0 0.49609375 0.1703125 0.03515625 0.053125000000000006
0 0.66015625 0.328125 0.033203125 0.046875
0 0.54931640625 0.49062500000000003 0.0380859375 0.0625
0 0.783203125 0.3296875 0.03515625 0.05
0 0.244140625 0.28125 0.05078125 0.078125
0 0.37841796875 0.16953125000000002 0.0361328125 0.0546875
0 0.75 0.28750000000000003 0.041015625 0.059375000000000004
0 0.89599609375 0.64453125 0.0302734375 0.0484375
0 0.8017578125 0.50625 0.033203125 0.05
0 0.6953125 0.40468750000000003 0.03515625 0.05
0 0.81298828125 0.57421875 0.0302734375 0.0484375
0 0.60498046875 0.73828125 0.0322265625 0.0546875
0 0.8671875 0.703125 0.0390625 0.059375000000000004
0 0.87890625 0.47187500000000004 0.033203125 0.046875
0 0.8974609375 0.6953125 0.0390625 0.059375000000000004
0 0.8701171875 0.509375 0.033203125 0.05
0 0.57421875 0.521875 0.04296875 0.05625
0 0.0966796875 0.19609375 0.021484375 0.0328125
0 0.68310546875 0.040625 0.0419921875 0.0625
0 0.20361328125 0.08984375 0.0380859375 0.060937500000000006
0 0.6064453125 0.7992187500000001 0.033203125 0.060937500000000006
0 0.2705078125 0.084375 0.03515625 0.053125000000000006
0 0.6875 0.31875000000000003 0.033203125 0.046875
0 0.599609375 0.14765625000000002 0.033203125 0.0546875
0 0.1328125 0.13593750000000002 0.037109375 0.084375
0 0.5791015625 0.35234375 0.037109375 0.051562500000000004
0 0.56787109375 0.40468750000000003 0.0361328125 0.05
0 0.4306640625 0.09531250000000001 0.041015625 0.07500000000000001
0 0.5126953125 0.1296875 0.046875 0.07500000000000001
0 0.11376953125 0.41250000000000003 0.0341796875 0.05
0 0.6337890625 0.4625 0.0390625 0.053125000000000006
0 0.5771484375 0.625 0.037109375 0.059375000000000004
0 0.8212890625 0.446875 0.033203125 0.05
0 0.86962890625 0.56015625 0.0302734375 0.0484375
0 0.7099609375 0.1875 0.03515625 0.053125000000000006
