0 0.13072916666666667 0.8981481481481481 0.04114583333333333 0.0712962962962963
0 0.397265625 0.3418981481481482 0.03567708333333333 0.059722222222222225
0 0.689453125 0.5652777777777778 0.03463541666666667 0.05462962962962963
0 0.23072916666666665 0.15092592592592594 0.04895833333333333 0.09444444444444444
0 0.08059895833333333 0.9631944444444445 0.04765625 0.06527777777777778
0 0.8473958333333333 0.7962962962962963 0.0421875 0.07407407407407407
0 0.76171875 0.2641203703703704 0.041666666666666664 0.07361111111111111
0 0.306640625 0.3456018518518519 0.038802083333333334 0.0763888888888889
0 0.7071614583333333 0.7217592592592593 0.024739583333333332 0.04259259259259259
0 0.7404947916666667 0.9243055555555556 0.05026041666666667 0.09398148148148149
0 0.655859375 0.7402777777777778 0.04765625 0.08611111111111111
0 0.16119791666666666 0.32430555555555557 0.042708333333333334 0.0763888888888889
0 0.36692708333333335 0.6895833333333333 0.03229166666666666 0.05324074074074074
0 0.7328125 0.5270833333333333 0.034375 0.04398148148148148
0 0.41315104166666666 0.5983796296296297 0.024739583333333332 0.04120370370370371
0 0.16106770833333334 0.6770833333333334 0.02109375 0.04120370370370371
0 0.44765625 0.611574074074074 0.0265625 0.049074074074074076
0 0.6407552083333333 0.38842592592592595 0.03359375 0.062037037037037036
0 0.8169270833333333 0.7280092592592593 0.05260416666666667 0.08194444444444444
0 0.7401041666666667 0.12939814814814815 0.046875 0.07361111111111111
0 0.3520833333333333 0.3928240740740741 0.04114583333333333 0.06712962962962964
0 0.4653645833333333 0.3590277777777778 0.04010416666666666 0.052314814814814814
0 0.7815104166666667 0.5833333333333334 0.036458333333333336 0.05462962962962963
