0 0.3153846153846154 0.29285714285714287 0.04 0.06666666666666668
0 0.2907692307692308 0.09047619047619049 0.04923076923076923 0.05238095238095239
0 0.17307692307692307 0.4678571428571429 0.05076923076923077 0.07857142857142858
0 0.03307692307692308 0.04285714285714286 0.06307692307692307 0.08095238095238096
0 0.30615384615384617 0.7595238095238096 0.052307692307692305 0.08095238095238096
0 0.3476923076923077 0.32261904761904764 0.04 0.0642857142857143
0 0.37461538461538463 0.3916666666666667 0.038461538461538464 0.05476190476190477
0 0.06769230769230769 0.2273809523809524 0.07384615384615384 0.0880952380952381
0 0.31153846153846154 0.045238095238095244 0.04153846153846154 0.06190476190476191
0 0.22923076923076924 0.4964285714285715 0.07384615384615384 0.0880952380952381
0 0.52 0.2285714285714286 0.04 0.06666666666666668
0 0.15846153846153846 0.022619047619047622 0.046153846153846156 0.04047619047619048
0 0.03076923076923077 0.65 0.05846153846153846 0.1523809523809524
0 0.3669230769230769 0.07261904761904762 0.03230769230769231 0.05952380952380953
