0 0.13787878787878788 0.61625 0.1 0.1375
0 0.6916666666666667 0.8275 0.11060606060606061 0.19
0 0.7886363636363637 0.83875 0.05606060606060606 0.0725
0 0.5348484848484848 0.95125 0.09696969696969697 0.0975
0 0.6022727272727273 0.57625 0.13484848484848486 0.2525
0 0.42424242424242425 0.15625 0.16363636363636364 0.28250000000000003
0 0.7818181818181819 0.57125 0.17575757575757575 0.3025
0 0.6174242424242424 0.9275 0.0893939393939394 0.135
0 0.04318181818181818 0.74125 0.08333333333333333 0.2775
0 0.5765151515151515 0.20625000000000002 0.2106060606060606 0.3575
0 0.8462121212121212 0.6637500000000001 0.1318181818181818 0.2575
0 0.5431818181818182 0.3725 0.1712121212121212 0.2
0 0.37272727272727274 0.95125 0.08484848484848485 0.0925
0 0.4401515151515151 0.88875 0.10151515151515152 0.1775
0 0.3068181818181818 0.55125 0.15 0.2475
