0 0.46454545454545454 0.3787878787878788 0.07818181818181819 0.12727272727272726
0 0.09909090909090909 0.24696969696969698 0.08545454545454545 0.14242424242424243
0 0.26181818181818184 0.5136363636363637 0.07636363636363637 0.1303030303030303
0 0.4 0.5196969696969697 0.06909090909090909 0.11818181818181818
0 0.7745454545454545 0.396969696969697 0.07636363636363637 0.12727272727272726
0 0.33636363636363636 0.23939393939393938 0.08363636363636363 0.14545454545454545
0 0.18181818181818182 0.0803030303030303 0.10545454545454545 0.15454545454545454
0 0.30636363636363634 0.36818181818181817 0.08181818181818182 0.14242424242424243
0 0.6245454545454545 0.3803030303030303 0.07454545454545454 0.14242424242424243
0 0.9327272727272727 0.09242424242424242 0.09090909090909091 0.15454545454545454
0 0.41818181818181815 0.2287878787878788 0.08363636363636363 0.1484848484848485
0 0.1918181818181818 0.5136363636363637 0.06727272727272728 0.12424242424242424
0 0.7618181818181818 0.25303030303030305 0.09454545454545454 0.16666666666666666
0 0.8481818181818181 0.1 0.09272727272727273 0.15757575757575756
0 0.2781818181818182 0.08787878787878788 0.10909090909090909 0.1696969696969697
0 0.5018181818181818 0.24848484848484848 0.08 0.15151515151515152
0 0.5436363636363636 0.37727272727272726 0.08363636363636363 0.14242424242424243
0 0.8536363636363636 0.5287878787878788 0.08181818181818182 0.10606060606060606
0 0.7018181818181818 0.38636363636363635 0.08 0.14242424242424243
0 0.9254545454545454 0.38181818181818183 0.08 0.12727272727272726
0 0.07909090909090909 0.09242424242424242 0.11090909090909092 0.1787878787878788
0 0.33090909090909093 0.5196969696969697 0.06545454545454546 0.11212121212121212
0 0.6663636363636364 0.09242424242424242 0.09636363636363636 0.1606060606060606
0 0.5854545454545454 0.25 0.08727272727272728 0.15454545454545454
0 0.9327272727272727 0.24393939393939393 0.09090909090909091 0.15454545454545454
0 0.9290909090909091 0.5151515151515151 0.08363636363636363 0.13333333333333333
0 0.2590909090909091 0.24393939393939393 0.08545454545454545 0.14242424242424243
0 0.8536363636363636 0.2590909090909091 0.09272727272727273 0.15454545454545454
0 0.3809090909090909 0.0893939393939394 0.10363636363636364 0.17272727272727273
0 0.7609090909090909 0.08333333333333333 0.09636363636363636 0.1606060606060606
0 0.6718181818181819 0.2515151515151515 0.08545454545454545 0.15757575757575756
0 0.5463636363636364 0.5151515151515151 0.07818181818181819 0.13333333333333333
0 0.38727272727272727 0.3787878787878788 0.07636363636363637 0.15757575757575756
0 0.08727272727272728 0.5227272727272727 0.04363636363636364 0.07575757575757576
0 0.15818181818181817 0.3893939393939394 0.07636363636363637 0.1303030303030303
0 0.13272727272727272 0.5181818181818182 0.05818181818181818 0.10303030303030303
0 0.8572727272727273 0.4075757575757576 0.08545454545454545 0.14242424242424243
0 0.48 0.08787878787878788 0.09818181818181818 0.1696969696969697
0 0.4718181818181818 0.5181818181818182 0.07090909090909091 0.12121212121212122
0 0.7754545454545455 0.5212121212121212 0.08181818181818182 0.12121212121212122
0 0.17909090909090908 0.23787878787878788 0.08181818181818182 0.1484848484848485
0 0.6981818181818182 0.5212121212121212 0.08 0.12727272727272726
0 0.2290909090909091 0.3878787878787879 0.08 0.14545454545454545
0 0.5736363636363636 0.09242424242424242 0.09272727272727273 0.1606060606060606
0 0.08454545454545455 0.38636363636363635 0.08181818181818182 0.1303030303030303
0 0.6209090909090909 0.5166666666666667 0.07454545454545454 0.1303030303030303
