0 0.539308176100629 0.4867617107942973 0.03459119496855346 0.04480651731160896
0 0.15644654088050317 0.11201629327902239 0.11477987421383648 0.16293279022403256
0 0.5251572327044025 0.5845213849287169 0.03459119496855346 0.04480651731160896
0 0.3529874213836478 0.8299389002036659 0.039308176100628936 0.05498981670061099
0 0.34433962264150947 0.21792260692464357 0.11635220125786164 0.13441955193482688
0 0.6422955974842768 0.5784114052953157 0.0330188679245283 0.04073319755600814
0 0.4897798742138365 0.2942973523421588 0.10220125786163523 0.16496945010183298
0 0.2979559748427673 0.05193482688391038 0.08647798742138366 0.09979633401221995
0 0.49921383647798745 0.13034623217922606 0.12106918238993711 0.1670061099796334
0 0.04874213836477988 0.12016293279022403 0.09433962264150944 0.19144602851323828
0 0.3977987421383648 0.06822810590631363 0.11635220125786164 0.13238289205702647
0 0.44654088050314467 0.6211812627291242 0.03459119496855346 0.04480651731160896
0 0.6713836477987422 0.6659877800407331 0.025157232704402517 0.04073319755600814
0 0.5471698113207547 0.7515274949083502 0.025157232704402517 0.04073319755600814
0 0.5267295597484277 0.5417515274949083 0.03459119496855346 0.04480651731160896
0 0.2130503144654088 0.32892057026476573 0.12735849056603774 0.1731160896130346
0 0.6336477987421384 0.6415478615071283 0.025157232704402517 0.04073319755600814
0 0.6509433962264152 0.46028513238289204 0.025157232704402517 0.04073319755600814
