0 0.6671428571428571 0.024761904761904763 0.03428571428571429 0.045714285714285714
0 0.52 0.024761904761904763 0.03428571428571429 0.045714285714285714
0 0.02142857142857143 0.2180952380952381 0.03428571428571429 0.047619047619047616
0 0.6678571428571428 0.31142857142857144 0.041428571428571426 0.05523809523809524
0 0.6621428571428571 0.4038095238095238 0.041428571428571426 0.05714285714285714
0 0.4807142857142857 0.520952380952381 0.027142857142857142 0.04
0 0.815 0.15714285714285714 0.055714285714285716 0.05904761904761905
0 0.45071428571428573 0.42952380952380953 0.041428571428571426 0.05523809523809524
0 0.6264285714285714 0.21333333333333332 0.06142857142857143 0.08
0 0.7114285714285714 0.23714285714285716 0.04285714285714286 0.05904761904761905
0 0.5214285714285715 0.3980952380952381 0.05142857142857143 0.05714285714285714
0 0.9407142857142857 0.4780952380952381 0.07857142857142857 0.09142857142857143
0 0.7535714285714286 0.3523809523809524 0.041428571428571426 0.05714285714285714
0 0.8464285714285714 0.2819047619047619 0.047142857142857146 0.0419047619047619
0 0.5657142857142857 0.06 0.03428571428571429 0.047619047619047616
0 0.43142857142857144 0.06 0.03428571428571429 0.047619047619047616
0 0.9 0.07333333333333333 0.03142857142857143 0.03238095238095238
0 0.48214285714285715 0.02095238095238095 0.03 0.0380952380952381
0 0.605 0.4095238095238095 0.041428571428571426 0.05714285714285714
