0 0.78 0.23625000000000002 0.03666666666666667 0.0475
0 0.1 0.6637500000000001 0.03666666666666667 0.0475
0 0.38333333333333336 0.42125 0.03666666666666667 0.0475
0 0.14500000000000002 0.61375 0.03666666666666667 0.0475
0 0.7166666666666667 0.13875 0.03666666666666667 0.0475
0 0.3891666666666667 0.875 0.03833333333333334 0.05
0 0.9208333333333334 0.875 0.05166666666666667 0.06
0 0.7866666666666667 0.19875 0.03666666666666667 0.0475
0 0.8450000000000001 0.505 0.05 0.07
0 0.5391666666666667 0.38 0.04166666666666667 0.06
0 0.7300000000000001 0.18625 0.03666666666666667 0.0475
0 0.8275 0.405 0.04166666666666667 0.06
0 0.19833333333333333 0.60375 0.03666666666666667 0.0475
0 0.48333333333333334 0.82375 0.03666666666666667 0.0475
0 0.21000000000000002 0.76875 0.03666666666666667 0.0475
0 0.6433333333333334 0.34375 0.04666666666666667 0.0675
0 0.28833333333333333 0.55375 0.03666666666666667 0.0475
0 0.9541666666666667 0.7025 0.04166666666666667 0.06
0 0.21500000000000002 0.54125 0.03666666666666667 0.0475
0 0.7916666666666667 0.515 0.05 0.07
0 0.15166666666666667 0.43625 0.03666666666666667 0.0475
0 0.13833333333333334 0.65625 0.03666666666666667 0.0475
0 0.25 0.43625 0.03666666666666667 0.0475
0 0.47750000000000004 0.8725 0.03833333333333334 0.05
0 0.08166666666666667 0.34375 0.03666666666666667 0.0475
0 0.36000000000000004 0.33875 0.03666666666666667 0.0475
0 0.8683333333333334 0.96875 0.043333333333333335 0.0525
0 0.9108333333333334 0.6825 0.04166666666666667 0.06
0 0.10833333333333334 0.57125 0.03666666666666667 0.0475
0 0.33333333333333337 0.41375 0.03666666666666667 0.0475
0 0.09666666666666668 0.7887500000000001 0.03666666666666667 0.0475
0 0.11 0.33625 0.03666666666666667 0.0475
0 0.45083333333333336 0.8325 0.03833333333333334 0.05
0 0.8266666666666668 0.6625 0.05 0.07
0 0.4575 0.745 0.03833333333333334 0.05
0 0.7141666666666667 0.28 0.04833333333333334 0.065
