0 0.56953125 0.46770833333333334 0.06406250000000001 0.07708333333333334
0 0.5750000000000001 0.5447916666666667 0.05625 0.07708333333333334
0 0.4296875 0.5364583333333334 0.065625 0.07708333333333334
0 0.6039062500000001 0.434375 0.0484375 0.08125
0 0.2671875 0.5604166666666667 0.07187500000000001 0.075
0 0.56953125 0.2677083333333333 0.06406250000000001 0.09375
0 0.4625 0.615625 0.07187500000000001 0.08541666666666667
0 0.496875 0.5395833333333333 0.065625 0.08333333333333333
0 0.45 0.45729166666666665 0.07187500000000001 0.08958333333333333
0 0.51875 0.23333333333333334 0.053125000000000006 0.08333333333333333
0 0.45703125 0.7427083333333333 0.060937500000000006 0.07708333333333334
