0 0.33718592964824123 0.6088777219430486 0.08542713567839197 0.1457286432160804
0 0.2447236180904523 0.6892797319932998 0.08743718592964825 0.12897822445561138
0 0.6728643216080402 0.6381909547738693 0.06934673366834171 0.12060301507537688
0 0.4432160804020101 0.5653266331658292 0.08442211055276383 0.152428810720268
0 0.32613065326633167 0.9036850921273032 0.05326633165829146 0.08207705192629816
0 0.5015075376884423 0.6943048576214406 0.07236180904522614 0.11222780569514237
0 0.1648241206030151 0.46984924623115576 0.09447236180904524 0.1490787269681742
0 0.8869346733668343 0.19514237855946398 0.08542713567839197 0.1390284757118928
0 0.4185929648241207 0.873534338358459 0.08140703517587941 0.10217755443886098
0 0.5959798994974875 0.7068676716917923 0.09045226130653267 0.1440536013400335
0 0.5728643216080402 0.4807370184254606 0.09045226130653267 0.1440536013400335
0 0.1562814070351759 0.2998324958123953 0.10351758793969851 0.16750418760469013
0 0.7331658291457287 0.03768844221105528 0.06934673366834171 0.07202680067001675
0 0.4160804020100503 0.7814070351758794 0.07236180904522614 0.11222780569514237
0 0.22311557788944725 0.9715242881072027 0.05628140703517588 0.05695142378559464
