0 0.6900000000000001 0.4274891774891775 0.05 0.05844155844155844
0 0.6483333333333334 0.6569264069264069 0.04666666666666667 0.06277056277056277
0 0.15666666666666668 0.7142857142857143 0.060000000000000005 0.0735930735930736
0 0.8066666666666668 0.5054112554112554 0.04666666666666667 0.05411255411255411
0 0.7275 0.5097402597402597 0.04833333333333334 0.05844155844155844
0 0.32916666666666666 0.6883116883116883 0.055 0.06926406926406926
0 0.39416666666666667 0.7911255411255411 0.04833333333333334 0.06277056277056277
0 0.29250000000000004 0.8051948051948052 0.055 0.06926406926406926
0 0.5016666666666667 0.8993506493506493 0.060000000000000005 0.08008658008658008
0 0.9191666666666667 0.07792207792207792 0.035 0.06060606060606061
0 0.05666666666666667 0.7597402597402597 0.060000000000000005 0.0735930735930736
0 0.5608333333333334 0.8668831168831169 0.05166666666666667 0.06277056277056277
0 0.44833333333333336 0.8387445887445888 0.06666666666666667 0.08441558441558442
0 0.37583333333333335 0.6601731601731602 0.05166666666666667 0.06926406926406926
0 0.8658333333333333 0.05519480519480519 0.08166666666666667 0.10606060606060606
0 0.5108333333333334 0.6114718614718615 0.04833333333333334 0.05844155844155844
