0 0.7361979166666667 0.3416666666666667 0.19010416666666666 0.34074074074074073
0 0.6408854166666667 0.7189814814814816 0.04635416666666667 0.06944444444444445
0 0.40625 0.7773148148148148 0.10625 0.17314814814814816
0 0.53046875 0.5532407407407408 0.14427083333333332 0.23981481481481481
0 0.6677083333333333 0.13472222222222222 0.040625 0.06018518518518519
0 0.52421875 0.7212962962962963 0.13177083333333334 0.14814814814814814
0 0.7916666666666666 0.5296296296296297 0.10520833333333333 0.1388888888888889
0 0.39557291666666666 0.5837962962962964 0.12552083333333333 0.22870370370370371
0 0.5041666666666667 0.8842592592592593 0.1125 0.22222222222222224
0 0.33671875 0.40601851851851856 0.1828125 0.2916666666666667
0 0.054427083333333334 0.6814814814814815 0.050520833333333334 0.04814814814814815
0 0.012760416666666666 0.513888888888889 0.024479166666666666 0.15
0 0.6145833333333334 0.9046296296296297 0.13125 0.19074074074074074
