0 0.37 0.4466666666666667 0.095 0.14
0 0.13875 0.5033333333333334 0.0375 0.060000000000000005
0 0.62 0.8666666666666667 0.08 0.09333333333333334
0 0.81 0.4083333333333334 0.115 0.15666666666666668
0 0.49375 0.8500000000000001 0.0775 0.11333333333333334
0 0.08625000000000001 0.7533333333333334 0.0925 0.11333333333333334
0 0.9275 0.765 0.065 0.06333333333333334
0 0.2 0.3433333333333334 0.04 0.04
0 0.24875 0.7350000000000001 0.0925 0.10333333333333335
0 0.53125 0.5766666666666667 0.0975 0.14666666666666667
0 0.28375 0.455 0.0925 0.12333333333333334
0 0.39625 0.8283333333333334 0.08750000000000001 0.11
0 0.58375 0.24833333333333335 0.1125 0.16333333333333333
