0 0.660625 0.6475000000000001 0.08375 0.11833333333333335
0 0.419375 0.6283333333333334 0.06125 0.07333333333333333
0 0.374375 0.7491666666666668 0.07375 0.095
0 0.74 0.8558333333333333 0.05 0.06833333333333334
0 0.78625 0.8758333333333334 0.05 0.06833333333333334
0 0.973125 0.4291666666666667 0.05375 0.058333333333333334
0 0.76625 0.7583333333333334 0.0675 0.09666666666666668
0 0.305625 0.7375 0.07375 0.095
0 0.57125 0.6616666666666667 0.0775 0.10333333333333335
0 0.468125 0.7183333333333334 0.06625 0.09000000000000001
0 0.8025 0.685 0.08 0.1
0 0.5231250000000001 0.6825 0.06375 0.08833333333333333
