0 0.275 0.2749326145552561 0.058 0.0862533692722372
0 0.782 0.43530997304582214 0.124 0.14285714285714288
0 0.861 0.14555256064690028 0.066 0.09164420485175202
0 0.46 0.6091644204851753 0.068 0.09164420485175202
0 0.5650000000000001 0.4056603773584906 0.054 0.08894878706199462
0 0.705 0.5215633423180593 0.08600000000000001 0.09973045822102426
0 0.378 0.33557951482479786 0.088 0.11051212938005392
0 0.923 0.6900269541778976 0.10200000000000001 0.12398921832884098
0 0.6980000000000001 0.3679245283018868 0.12 0.12129380053908356
0 0.152 0.5377358490566038 0.052000000000000005 0.08355795148247978
0 0.5640000000000001 0.2830188679245283 0.048 0.07547169811320756
