0 0.6152173913043478 0.14301310043668122 0.021739130434782608 0.037117903930131
0 0.48043478260869565 0.6812227074235807 0.030434782608695653 0.05676855895196506
0 0.8985507246376812 0.46943231441048033 0.03188405797101449 0.048034934497816595
0 0.11521739130434783 0.5567685589519651 0.030434782608695653 0.03930131004366812
0 0.9152173913043479 0.14192139737991266 0.03333333333333333 0.048034934497816595
0 0.11376811594202899 0.5960698689956332 0.03333333333333333 0.048034934497816595
0 0.4826086956521739 0.35917030567685587 0.034782608695652174 0.05021834061135371
0 0.8855072463768116 0.5065502183406113 0.03188405797101449 0.048034934497816595
0 0.6601449275362319 0.8973799126637554 0.02463768115942029 0.03930131004366812
0 0.5079710144927536 0.6823144104803494 0.030434782608695653 0.04585152838427947
0 0.5376811594202898 0.39192139737991266 0.034782608695652174 0.05021834061135371
0 0.7 0.48471615720524014 0.03768115942028986 0.05240174672489083
0 0.14202898550724638 0.5796943231441047 0.028985507246376812 0.037117903930131
0 0.11666666666666667 0.6441048034934498 0.03333333333333333 0.048034934497816595
0 0.6355072463768116 0.8886462882096069 0.02463768115942029 0.03930131004366812
0 0.6239130434782609 0.10589519650655022 0.02753623188405797 0.04148471615720524
0 0.9253623188405797 0.10698689956331878 0.03333333333333333 0.048034934497816595
0 0.4565217391304348 0.8406113537117903 0.02318840579710145 0.034934497816593885
0 0.2565217391304348 0.7652838427947598 0.028985507246376812 0.04585152838427947
0 0.5224637681159421 0.3504366812227074 0.03333333333333333 0.05021834061135371
0 0.5021739130434782 0.3875545851528384 0.030434782608695653 0.05021834061135371
0 0.23405797101449274 0.8919213973799126 0.03333333333333333 0.04585152838427947
0 0.7246376811594203 0.7106986899563318 0.026086956521739132 0.04148471615720524
0 0.6405797101449275 0.13100436681222707 0.02318840579710145 0.034934497816593885
0 0.686231884057971 0.8842794759825328 0.02463768115942029 0.03930131004366812
0 0.8615942028985507 0.46397379912663755 0.02753623188405797 0.04148471615720524
0 0.7471014492753624 0.4672489082969432 0.03333333333333333 0.05240174672489083
0 0.8905797101449275 0.11353711790393012 0.03333333333333333 0.048034934497816595
0 0.618840579710145 0.9279475982532751 0.026086956521739132 0.034934497816593885
0 0.7333333333333334 0.5054585152838428 0.03188405797101449 0.05021834061135371
0 0.4644927536231884 0.24235807860262007 0.02753623188405797 0.048034934497816595
0 0.4818840579710145 0.21834061135371177 0.02753623188405797 0.043668122270742356
0 0.644927536231884 0.9530567685589519 0.028985507246376812 0.04585152838427947
0 0.4594202898550725 0.6441048034934498 0.034782608695652174 0.05240174672489083
0 0.9478260869565217 0.12445414847161572 0.03188405797101449 0.05240174672489083
0 0.14420289855072463 0.6266375545851528 0.03333333333333333 0.048034934497816595
0 0.09202898550724638 0.6244541484716157 0.03333333333333333 0.048034934497816595
0 0.7652173913043478 0.482532751091703 0.028985507246376812 0.048034934497816595
