0 0.12250000000000001 0.93026706231454 0.09166666666666667 0.1394658753709199
0 0.115 0.8160237388724035 0.11666666666666667 0.17804154302670624
0 0.18500000000000003 0.7106824925816024 0.09333333333333334 0.12166172106824927
0 0.5650000000000001 0.9228486646884273 0.1366666666666667 0.1543026706231454
0 0.8208333333333334 0.9272997032640949 0.135 0.14540059347181009
0 0.6158333333333333 0.5682492581602374 0.08833333333333333 0.1394658753709199
0 0.03416666666666667 0.9629080118694362 0.065 0.0741839762611276
0 0.43333333333333335 0.5148367952522256 0.08666666666666667 0.10979228486646884
0 0.23083333333333333 0.7744807121661721 0.08833333333333333 0.16617210682492584
0 0.8441666666666667 0.7299703264094956 0.12166666666666667 0.20178041543026706
0 0.265 0.6364985163204748 0.09333333333333334 0.12166172106824927
0 0.9033333333333334 0.8827893175074184 0.11333333333333334 0.18694362017804156
0 0.41833333333333333 0.9243323442136498 0.13333333333333333 0.1513353115727003
0 0.525 0.56973293768546 0.07666666666666667 0.13649851632047477
0 0.9391666666666667 0.6839762611275965 0.09833333333333334 0.16913946587537093
0 0.5775 0.7477744807121662 0.11166666666666668 0.19584569732937687
0 0.41500000000000004 0.771513353115727 0.10666666666666667 0.18397626112759644
0 0.68 0.701780415430267 0.10333333333333335 0.1394658753709199
0 0.8475 0.6216617210682492 0.115 0.09792284866468844
0 0.45 0.6083086053412463 0.09000000000000001 0.13056379821958458
0 0.18416666666666667 0.9362017804154303 0.125 0.12759643916913946
0 0.3666666666666667 0.6335311572700297 0.1 0.1394658753709199
0 0.7541666666666668 0.8338278931750742 0.13166666666666668 0.20771513353115728
0 0.315 0.7611275964391692 0.09333333333333334 0.15727002967359052
