0 0.3957894736842105 0.3894736842105263 0.03368421052631579 0.04
0 0.8289473684210527 0.03368421052631579 0.04736842105263158 0.042105263157894736
0 0.5352631578947369 0.1568421052631579 0.04526315789473684 0.04421052631578947
0 0.24736842105263157 0.7052631578947368 0.4231578947368421 0.4063157894736842
0 0.8294736842105263 0.1968421052631579 0.05052631578947368 0.04631578947368421
0 0.8121052631578947 0.12263157894736842 0.03263157894736842 0.030526315789473683
0 0.8763157894736842 0.8447368421052631 0.24736842105263157 0.21157894736842106
0 0.61 0.2031578947368421 0.03684210526315789 0.03368421052631579
0 0.5863157894736842 0.34368421052631576 0.042105263157894736 0.034736842105263156
0 0.7510526315789473 0.6310526315789473 0.24947368421052632 0.24736842105263157
0 0.5457894736842105 0.09736842105263158 0.04526315789473684 0.04526315789473684
0 0.6263157894736842 0.8405263157894737 0.24842105263157893 0.22
0 0.4431578947368421 0.3078947368421053 0.03368421052631579 0.034736842105263156
0 0.6942105263157895 0.07789473684210527 0.049473684210526316 0.05263157894736842
0 0.5894736842105263 0.6768421052631579 0.14105263157894737 0.12631578947368421
0 0.9310526315789474 0.29473684210526313 0.049473684210526316 0.05263157894736842
0 0.9073684210526316 0.6847368421052631 0.1326315789473684 0.10631578947368421
