0 0.38769230769230767 0.5321428571428571 0.03692307692307692 0.05476190476190477
0 0.39384615384615385 0.11904761904761905 0.04 0.05238095238095239
0 0.6315384615384615 0.07738095238095238 0.04461538461538461 0.05476190476190477
0 0.34692307692307695 0.23333333333333336 0.038461538461538464 0.05714285714285715
0 0.20615384615384616 0.9476190476190477 0.04923076923076923 0.06666666666666668
0 0.9261538461538461 0.23333333333333336 0.027692307692307693 0.04285714285714286
0 0.7576923076923077 0.255952380952381 0.03538461538461538 0.045238095238095244
0 0.19538461538461538 0.7428571428571429 0.04923076923076923 0.06666666666666668
0 0.03692307692307692 0.06904761904761905 0.04 0.06190476190476191
0 0.8323076923076923 0.35595238095238096 0.043076923076923075 0.05952380952380953
0 0.12461538461538461 0.8214285714285715 0.04923076923076923 0.06666666666666668
0 0.14076923076923076 0.7333333333333334 0.038461538461538464 0.05714285714285715
0 0.3253846153846154 0.29285714285714287 0.038461538461538464 0.05714285714285715
0 0.4076923076923077 0.24761904761904763 0.04 0.05238095238095239
0 0.66 0.6595238095238096 0.03692307692307692 0.05714285714285715
0 0.6253846153846154 0.4273809523809524 0.03538461538461538 0.05952380952380953
0 0.33 0.7404761904761905 0.047692307692307694 0.06190476190476191
0 0.07230769230769231 0.830952380952381 0.043076923076923075 0.05238095238095239
0 0.8207692307692308 0.22142857142857145 0.04153846153846154 0.05238095238095239
0 0.2353846153846154 0.692857142857143 0.04923076923076923 0.06666666666666668
