0 0.8778089887640449 0.5047368421052632 0.11797752808988764 0.08526315789473685
0 0.488061797752809 0.8105263157894737 0.12219101123595505 0.08421052631578947
0 0.24859550561797752 0.5521052631578948 0.09269662921348315 0.0663157894736842
0 0.7570224719101123 0.7257894736842105 0.0898876404494382 0.06842105263157895
0 0.3497191011235955 0.22526315789473683 0.06741573033707865 0.04842105263157895
0 0.3026685393258427 0.6694736842105263 0.12219101123595505 0.08421052631578947
0 0.8335674157303371 0.3236842105263158 0.0800561797752809 0.049473684210526316
0 0.5133426966292135 0.6473684210526316 0.12219101123595505 0.08421052631578947
0 0.17626404494382023 0.12473684210526316 0.05758426966292135 0.04526315789473684
0 0.4473314606741573 0.3968421052631579 0.11095505617977527 0.06315789473684211
0 0.949438202247191 0.5947368421052631 0.10112359550561797 0.06315789473684211
