0 0.6061197916666666 0.5458984375 0.045572916666666664 0.037109375
0 0.5455729166666666 0.3037109375 0.09375 0.037109375
0 0.4563802083333333 0.23681640625 0.053385416666666664 0.0380859375
0 0.5397135416666666 0.36376953125 0.037760416666666664 0.0283203125
0 0.26432291666666663 0.146484375 0.04427083333333333 0.033203125
0 0.4759114583333333 0.31982421875 0.04036458333333333 0.0244140625
0 0.4544270833333333 0.189453125 0.05208333333333333 0.0390625
0 0.24283854166666666 0.9716796875 0.05859375 0.046875
0 0.5865885416666666 0.77197265625 0.05598958333333333 0.0380859375
0 0.900390625 0.7021484375 0.06901041666666666 0.04296875
0 0.7389322916666666 0.71240234375 0.05598958333333333 0.0380859375
0 0.7239583333333333 0.34130859375 0.0546875 0.0361328125
0 0.6204427083333333 0.7470703125 0.05598958333333333 0.0390625
0 0.3587239583333333 0.8759765625 0.05598958333333333 0.04296875
0 0.4544270833333333 0.052734375 0.049479166666666664 0.03515625
0 0.421875 0.83349609375 0.05989583333333333 0.0361328125
0 0.6770833333333333 0.646484375 0.05208333333333333 0.03515625
0 0.6360677083333333 0.455078125 0.037760416666666664 0.029296875
0 0.9720052083333333 0.5146484375 0.05078125 0.044921875
0 0.39908854166666663 0.9619140625 0.05859375 0.046875
0 0.5227864583333333 0.22021484375 0.053385416666666664 0.0380859375
0 0.421875 0.11328125 0.04427083333333333 0.033203125
0 0.4915364583333333 0.892578125 0.05598958333333333 0.0390625
0 0.462890625 0.681640625 0.06640625 0.04296875
0 0.24739583333333331 0.0986328125 0.04427083333333333 0.033203125
0 0.6705729166666666 0.8271484375 0.05989583333333333 0.041015625
0 0.30859375 0.58154296875 0.041666666666666664 0.0263671875
0 0.33984375 0.18017578125 0.046875 0.0439453125
