0 0.4155590304925723 0.19843924191750278 0.28068803752931976 0.3612040133779264
0 0.15285379202501953 0.7764771460423634 0.26817826426896013 0.27759197324414714
0 0.40695856137607506 0.7764771460423634 0.25879593432369036 0.27759197324414714
0 0.552384675527756 0.5139353400222966 0.25879593432369036 0.33221850613154963
0 0.6677091477716967 0.7787068004459309 0.2767787333854574 0.2686733556298774
0 0.8663017982799062 0.6878483835005574 0.2580140734949179 0.32552954292084724
0 0.8776387802971071 0.4994425863991081 0.2322126661454261 0.17614269788182832
0 0.2959343236903831 0.5150501672240803 0.24784988272087569 0.3188405797101449
0 0.5547302580140735 0.30267558528428096 0.1305707584050039 0.13935340022296544
0 0.22869429241594996 0.3600891861761427 0.14464425332290853 0.23411371237458192
0 0.7998436278342455 0.4069119286510591 0.24237685691946834 0.26755852842809363
0 0.1075058639562158 0.6131549609810479 0.1884284597341673 0.22742474916387959
