0 0.8550000000000001 0.47016706443914086 0.030000000000000002 0.042959427207637235
0 0.32833333333333337 0.31861575178997614 0.030000000000000002 0.04534606205250597
0 0.32 0.04534606205250597 0.05333333333333334 0.08591885441527447
0 0.9016666666666667 0.3162291169451074 0.03333333333333333 0.0405727923627685
0 0.05 0.16706443914081145 0.060000000000000005 0.07159904534606205
0 0.54 0.162291169451074 0.030000000000000002 0.05250596658711217
0 0.2841666666666667 0.10620525059665871 0.04833333333333334 0.08353221957040573
0 0.8383333333333334 0.3651551312649165 0.023333333333333334 0.03341288782816229
0 0.505 0.3639618138424821 0.030000000000000002 0.04534606205250597
0 0.5825 0.24463007159904535 0.028333333333333335 0.0405727923627685
0 0.7466666666666667 0.4451073985680191 0.03333333333333333 0.0405727923627685
0 0.5950000000000001 0.42601431980906923 0.043333333333333335 0.05966587112171838
0 0.6608333333333334 0.6742243436754177 0.045000000000000005 0.05966587112171838
0 0.4941666666666667 0.2935560859188544 0.03166666666666667 0.05250596658711217
0 0.7533333333333334 0.23508353221957043 0.043333333333333335 0.05966587112171838
0 0.4608333333333334 0.266109785202864 0.028333333333333335 0.050119331742243436
0 0.39666666666666667 0.09307875894988067 0.05333333333333334 0.07637231503579953
0 0.7208333333333333 0.4116945107398568 0.028333333333333335 0.03579952267303103
0 0.4191666666666667 0.6742243436754177 0.04833333333333334 0.06921241050119332
0 0.4316666666666667 0.4200477326968974 0.04 0.06205250596658712
0 0.49500000000000005 0.5095465393794749 0.043333333333333335 0.05966587112171838
0 0.635 0.4236276849642005 0.03666666666666667 0.05489260143198091
0 0.3375 0.1921241050119332 0.04833333333333334 0.06921241050119332
0 0.7883333333333333 0.2649164677804296 0.030000000000000002 0.042959427207637235
0 0.505 0.25178997613365156 0.023333333333333334 0.03102625298329356
0 0.8341666666666667 0.3042959427207637 0.025 0.04534606205250597
0 0.5825 0.18257756563245825 0.03166666666666667 0.04534606205250597
0 0.22666666666666668 0.06443914081145585 0.060000000000000005 0.07159904534606205
