0 0.1225 0.11428571428571428 0.06 0.07857142857142857
0 0.35000000000000003 0.23214285714285712 0.04 0.05714285714285714
0 0.44375000000000003 0.049999999999999996 0.0525 0.07142857142857142
0 0.2975 0.06428571428571428 0.05 0.07857142857142857
0 0.32 0.1839285714285714 0.045 0.06785714285714285
0 0.16875 0.16785714285714284 0.0275 0.049999999999999996
0 0.085 0.1392857142857143 0.045 0.06428571428571428
0 0.165 0.39285714285714285 0.05 0.05714285714285714
0 0.2475 0.4375 0.03 0.04642857142857143
0 0.12375 0.44107142857142856 0.0375 0.05357142857142857
0 0.20375000000000001 0.4464285714285714 0.0475 0.06428571428571428
0 0.28750000000000003 0.4232142857142857 0.03 0.039285714285714285
