0 0.07857142857142857 0.2075268817204301 0.025714285714285714 0.04086021505376344
0 0.3092857142857143 0.7064516129032258 0.03571428571428571 0.04086021505376344
0 0.15071428571428572 0.2989247311827957 0.024285714285714285 0.034408602150537634
0 0.08571428571428572 0.25268817204301075 0.02857142857142857 0.04086021505376344
0 0.019285714285714285 0.12258064516129032 0.03571428571428571 0.07311827956989247
0 0.2621428571428571 0.632258064516129 0.03 0.047311827956989246
0 0.115 0.26344086021505375 0.027142857142857142 0.04086021505376344
0 0.17 0.7225806451612903 0.025714285714285714 0.043010752688172046
0 0.19785714285714287 0.26666666666666666 0.041428571428571426 0.06021505376344086
0 0.016428571428571428 0.26559139784946234 0.03 0.07096774193548387
