0 0.08733333333333333 0.6392405063291139 0.07333333333333333 0.10307414104882459
0 0.45066666666666666 0.4511754068716094 0.04 0.0379746835443038
0 0.30866666666666664 0.5678119349005425 0.044 0.05786618444846293
0 0.41866666666666663 0.34538878842676307 0.042666666666666665 0.05786618444846293
0 0.2846666666666667 0.6374321880650995 0.028 0.034358047016274866
0 0.14533333333333334 0.488245931283906 0.056 0.07233273056057866
0 0.582 0.6392405063291139 0.04133333333333333 0.05605786618444846
0 0.4393333333333333 0.5976491862567812 0.04133333333333333 0.06329113924050633
0 0.514 0.6573236889692585 0.03866666666666667 0.045207956600361664
0 0.21266666666666667 0.6012658227848101 0.076 0.09945750452079566
0 0.32666666666666666 0.620253164556962 0.04 0.06148282097649186
