0 0.75 0.2164705882352941 0.05272727272727273 0.07529411764705882
0 0.8745454545454545 0.12470588235294117 0.06545454545454546 0.07529411764705882
0 0.6909090909090909 0.40470588235294114 0.05090909090909091 0.06117647058823529
0 0.7254545454545455 0.1176470588235294 0.05818181818181818 0.06588235294117646
0 0.6218181818181818 0.42117647058823526 0.05090909090909091 0.06117647058823529
0 0.6990909090909091 0.30470588235294116 0.06 0.06823529411764705
0 0.3290909090909091 0.21294117647058822 0.03636363636363636 0.039999999999999994
0 0.47545454545454546 0.5411764705882353 0.03090909090909091 0.042352941176470586
0 0.44 0.4376470588235294 0.05090909090909091 0.06117647058823529
0 0.3690909090909091 0.18352941176470586 0.03272727272727273 0.03764705882352941
0 0.6481818181818182 0.18588235294117644 0.07090909090909091 0.09411764705882353
0 0.5263636363636364 0.3988235294117647 0.06 0.06823529411764705
0 0.8018181818181818 0.3458823529411764 0.05090909090909091 0.06117647058823529
0 0.8736363636363637 0.7999999999999999 0.03090909090909091 0.051764705882352935
0 0.35454545454545455 0.48470588235294115 0.03272727272727273 0.042352941176470586
