0 0.38819444444444445 0.6240740740740741 0.03194444444444445 0.040740740740740744
0 0.4729166666666667 0.537962962962963 0.029166666666666667 0.03888888888888889
0 0.31527777777777777 0.20555555555555557 0.10555555555555556 0.11851851851851852
0 0.4534722222222222 0.12407407407407407 0.10972222222222222 0.15185185185185185
0 0.3236111111111111 0.7592592592592593 0.03333333333333333 0.05185185185185186
0 0.4756944444444445 0.4935185185185185 0.029166666666666667 0.03888888888888889
0 0.36180555555555555 0.06759259259259259 0.10972222222222222 0.13148148148148148
0 0.4902777777777778 0.45092592592592595 0.030555555555555558 0.03518518518518519
0 0.20555555555555557 0.30462962962962964 0.11666666666666667 0.1537037037037037
0 0.40625 0.5675925925925926 0.029166666666666667 0.04259259259259259
0 0.14791666666666667 0.10648148148148148 0.10972222222222222 0.1574074074074074
0 0.27361111111111114 0.05092592592592593 0.07777777777777778 0.09814814814814815
0 0.04583333333333334 0.10648148148148148 0.08888888888888889 0.17592592592592593
0 0.4444444444444445 0.26944444444444443 0.09444444444444444 0.1462962962962963
