0 0.7330729166666666 0.7835648148148149 0.034375 0.04583333333333334
0 0.7131510416666667 0.8212962962962963 0.02005208333333333 0.03888888888888889
0 0.16692708333333334 0.5740740740740741 0.041666666666666664 0.08240740740740742
0 0.3546875 0.6412037037037037 0.041666666666666664 0.06851851851851852
0 0.24440104166666665 0.4164351851851852 0.07786458333333333 0.11342592592592593
0 0.23828125 0.41921296296296295 0.05 0.08750000000000001
0 0.27760416666666665 0.7641203703703704 0.034895833333333334 0.05694444444444444
0 0.4927083333333333 0.8701388888888889 0.025 0.04212962962962963
0 0.3091145833333333 0.5895833333333333 0.03958333333333333 0.0699074074074074
0 0.3859375 0.24375000000000002 0.065625 0.12175925925925926
0 0.7584635416666666 0.5351851851851852 0.04244791666666667 0.07592592592592592
0 0.6904947916666666 0.8282407407407407 0.03203125 0.05185185185185186
0 0.6403645833333333 0.638888888888889 0.0328125 0.062037037037037036
0 0.8180989583333333 0.9837962962962963 0.05026041666666667 0.032407407407407406
0 0.7372395833333333 0.41203703703703703 0.046875 0.07037037037037037
0 0.798828125 0.12268518518518519 0.046614583333333334 0.0962962962962963
0 0.884375 0.20949074074074076 0.06666666666666667 0.09861111111111112
0 0.155078125 0.9097222222222222 0.024739583333333332 0.0462962962962963
0 0.5252604166666667 0.2847222222222222 0.06822916666666666 0.13611111111111113
0 0.4458333333333333 0.8546296296296296 0.03125 0.05
0 0.4419270833333333 0.28078703703703706 0.04791666666666666 0.0912037037037037
0 0.46783854166666666 0.6178240740740741 0.04088541666666667 0.06157407407407408
0 0.7799479166666666 0.8490740740740741 0.034895833333333334 0.06481481481481481
0 0.36028645833333334 0.938425925925926 0.029427083333333333 0.05092592592592593
0 0.3983072916666667 0.587037037037037 0.03515625 0.062037037037037036
