0 0.3346883468834688 0.2575452716297787 0.24119241192411925 0.18511066398390344
0 0.4898373983739837 0.18913480885311873 0.26151761517615174 0.19517102615694168
0 0.33604336043360433 0.5568410462776661 0.28184281842818426 0.19416498993963785
0 0.6632791327913279 0.3324949698189135 0.2696476964769648 0.20824949698189135
0 0.35365853658536583 0.7525150905432596 0.1897018970189702 0.12273641851106641
0 0.14566395663956638 0.43561368209255535 0.13143631436314362 0.06639839034205232
0 0.2032520325203252 0.5306841046277666 0.1002710027100271 0.12977867203219318
0 0.8638211382113821 0.25150905432595577 0.24796747967479674 0.21327967806841047
0 0.6449864498644986 0.05935613682092556 0.13279132791327913 0.11670020120724348
0 0.6334688346883469 0.9215291750503019 0.2073170731707317 0.13682092555331993
0 0.6585365853658537 0.5960764587525151 0.2872628726287263 0.19014084507042256
0 0.5101626016260162 0.8199195171026158 0.18834688346883469 0.14688128772635817
0 0.4268292682926829 0.4285714285714286 0.27371273712737126 0.2012072434607646
0 0.7073170731707317 0.7696177062374246 0.1842818428184282 0.17706237424547286
