0 0.9130434782608695 0.2951219512195122 0.027459954233409613 0.046341463414634146
0 0.6015446224256293 0.2780487804878049 0.03718535469107551 0.07560975609756097
0 0.5912471395881007 0.22134146341463415 0.036041189931350116 0.06463414634146342
0 0.6009725400457666 0.4695121951219512 0.036041189931350116 0.07804878048780488
0 0.6767734553775744 0.3439024390243902 0.04805491990846682 0.1024390243902439
0 0.8375286041189931 0.042682926829268296 0.021739130434782608 0.04878048780487805
0 0.49971395881006864 0.16951219512195123 0.03032036613272311 0.058536585365853655
0 0.9090389016018307 0.3310975609756098 0.027459954233409613 0.0475609756097561
0 0.5769450800915332 0.47804878048780486 0.02574370709382151 0.07317073170731707
0 0.881578947368421 0.1420731707317073 0.028604118993135013 0.0524390243902439
0 0.5143020594965675 0.2603658536585366 0.03318077803203661 0.06707317073170732
0 0.6621853546910755 0.25 0.044050343249427915 0.09024390243902439
0 0.6172768878718535 0.2329268292682927 0.02402745995423341 0.06585365853658537
