0 0.6175 0.44125000000000003 0.03833333333333334 0.0575
0 0.6866666666666668 0.0825 0.030000000000000002 0.05
0 0.7683333333333334 0.40625 0.02666666666666667 0.0425
0 0.8466666666666667 0.71125 0.03333333333333333 0.0525
0 0.7200000000000001 0.0825 0.030000000000000002 0.04
0 0.8150000000000001 0.72875 0.03333333333333333 0.0525
0 0.5858333333333333 0.6687500000000001 0.03833333333333334 0.0625
0 0.5583333333333333 0.77375 0.03333333333333333 0.0525
0 0.5725 0.43875000000000003 0.03833333333333334 0.0575
0 0.7258333333333333 0.38125000000000003 0.03833333333333334 0.0575
