0 0.2974137931034483 0.9504310344827586 0.11896551724137931 0.09913793103448276
0 0.7413793103448276 0.5398706896551724 0.16551724137931034 0.17456896551724138
0 0.8043103448275862 0.41810344827586204 0.16034482758620688 0.2025862068965517
0 0.12931034482758622 0.8491379310344828 0.13448275862068965 0.1724137931034483
0 0.30603448275862066 0.7586206896551724 0.1396551724137931 0.17672413793103448
0 0.18620689655172412 0.6982758620689655 0.14482758620689656 0.1810344827586207
0 0.6396551724137931 0.5150862068965517 0.09310344827586206 0.1724137931034483
0 0.40948275862068967 0.8717672413793104 0.10517241379310345 0.1314655172413793
0 0.4508620689655172 0.9730603448275862 0.10517241379310345 0.05387931034482758
0 0.19741379310344828 0.2952586206896552 0.12931034482758622 0.17672413793103448
0 0.5344827586206896 0.5129310344827586 0.12068965517241378 0.125
0 0.7155172413793104 0.677801724137931 0.13103448275862067 0.15732758620689655
0 0.19051724137931034 0.1411637931034483 0.13620689655172413 0.17025862068965517
0 0.33448275862068966 0.39655172413793105 0.1413793103448276 0.16810344827586207
0 0.6258620689655172 0.8987068965517241 0.07586206896551724 0.09482758620689655
