0 0.8717171717171717 0.10699865410497982 0.09090909090909091 0.12516823687752354
0 0.026262626262626262 0.22005383580080753 0.050505050505050504 0.063257065948856
0 0.5141414141414141 0.9582772543741588 0.03838383838383838 0.05114401076716016
0 0.7873737373737374 0.7139973082099597 0.15656565656565657 0.18707940780619112
0 0.5085858585858586 0.5915208613728129 0.045454545454545456 0.06594885598923284
0 0.7005050505050505 0.058546433378196504 0.10202020202020202 0.11440107671601615
0 0.4126262626262626 0.8351278600269179 0.09191919191919191 0.16823687752355315
0 0.65 0.3781965006729475 0.1101010101010101 0.18304172274562586
0 0.447979797979798 0.12382234185733512 0.0797979797979798 0.15612382234185734
0 0.38484848484848483 0.5740242261103634 0.10303030303030303 0.15477792732166892
0 0.5303030303030303 0.09286675639300135 0.13333333333333333 0.18304172274562586
0 0.5196969696969697 0.265814266487214 0.13636363636363635 0.19784656796769853
0 0.31363636363636366 0.8398384925975774 0.13232323232323231 0.16689098250336473
0 0.695959595959596 0.5040376850605652 0.15555555555555556 0.18438761776581428
0 0.7777777777777778 0.3714670255720054 0.1494949494949495 0.23149394347240915
0 0.48282828282828283 0.3755047106325707 0.10707070707070707 0.13458950201884254
0 0.2797979797979798 0.7240915208613729 0.13737373737373737 0.180349932705249
0 0.19393939393939394 0.5471063257065949 0.10505050505050505 0.13055181695827725
0 0.5545454545454546 0.6029609690444145 0.048484848484848485 0.06729475100942127
