0 0.46728515625 0.255859375 0.0458984375 0.05598958333333333
0 0.54541015625 0.27018229166666663 0.0439453125 0.05598958333333333
0 0.3193359375 0.6282552083333333 0.0390625 0.05078125
0 0.48095703125 0.572265625 0.0517578125 0.05598958333333333
0 0.08837890625 0.5416666666666666 0.0478515625 0.06510416666666666
0 0.50341796875 0.47135416666666663 0.0537109375 0.06510416666666666
0 0.4599609375 0.7194010416666666 0.05078125 0.05859375
0 0.46630859375 0.37174479166666663 0.0498046875 0.06640625
0 0.12060546875 0.73046875 0.0498046875 0.06510416666666666
0 0.697265625 0.408203125 0.056640625 0.06640625
0 0.5205078125 0.712890625 0.05078125 0.05598958333333333
0 0.189453125 0.40104166666666663 0.05859375 0.07291666666666666
0 0.59375 0.4915364583333333 0.048828125 0.06640625
0 0.73974609375 0.41861979166666663 0.0322265625 0.045572916666666664
0 0.42626953125 0.3763020833333333 0.0380859375 0.057291666666666664
0 0.77490234375 0.39713541666666663 0.0400390625 0.0625
0 0.46826171875 0.20833333333333331 0.0361328125 0.041666666666666664
0 0.3232421875 0.8391927083333333 0.04296875 0.053385416666666664
0 0.58935546875 0.1171875 0.0419921875 0.057291666666666664
0 0.40478515625 0.21484375 0.0380859375 0.0625
0 0.55712890625 0.46354166666666663 0.0400390625 0.0546875
0 0.18310546875 0.6529947916666666 0.0478515625 0.05598958333333333
0 0.40673828125 0.5364583333333333 0.0498046875 0.05989583333333333
0 0.52685546875 0.6256510416666666 0.0322265625 0.05078125
0 0.50732421875 0.24869791666666666 0.0380859375 0.06770833333333333
0 0.4189453125 0.599609375 0.05859375 0.06380208333333333
