0 0.4817351598173516 0.5833333333333334 0.1232876712328767 0.08
0 0.44063926940639264 0.22166666666666668 0.1141552511415525 0.07666666666666667
0 0.6324200913242009 0.6866666666666668 0.1232876712328767 0.08
0 0.6780821917808219 0.7666666666666667 0.1232876712328767 0.08
0 0.639269406392694 0.9450000000000001 0.1278538812785388 0.08333333333333334
0 0.5365296803652968 0.25833333333333336 0.1141552511415525 0.07666666666666667
0 0.5593607305936072 0.15166666666666667 0.1141552511415525 0.07666666666666667
0 0.5981735159817352 0.8483333333333334 0.1095890410958904 0.07666666666666667
0 0.5319634703196346 0.52 0.1232876712328767 0.08
0 0.4726027397260274 0.8700000000000001 0.1232876712328767 0.08
0 0.5410958904109588 0.4366666666666667 0.1232876712328767 0.08
0 0.4726027397260274 0.7783333333333334 0.1050228310502283 0.07666666666666667
0 0.4611872146118721 0.6983333333333334 0.1095890410958904 0.08333333333333334
0 0.5639269406392694 0.3416666666666667 0.1141552511415525 0.07666666666666667
