0 0.83 0.4980694980694981 0.11846153846153847 0.14285714285714285
0 0.7092307692307692 0.6167953667953668 0.13230769230769232 0.14864864864864866
0 0.07461538461538461 0.6486486486486487 0.12153846153846154 0.14671814671814673
0 0.7592307692307693 0.8146718146718147 0.12153846153846154 0.15830115830115832
0 0.3223076923076923 0.49613899613899615 0.12153846153846154 0.16216216216216217
0 0.19 0.09652509652509653 0.1123076923076923 0.138996138996139
0 0.09384615384615384 0.46814671814671815 0.12307692307692308 0.13706563706563707
0 0.5392307692307692 0.23745173745173745 0.1123076923076923 0.1274131274131274
0 0.057692307692307696 0.888030888030888 0.1123076923076923 0.16216216216216217
0 0.6915384615384615 0.07046332046332046 0.1123076923076923 0.09845559845559845
0 0.6215384615384615 0.47876447876447875 0.13538461538461538 0.1776061776061776
0 0.5223076923076924 0.38996138996138996 0.09076923076923077 0.1312741312741313
0 0.6153846153846154 0.9517374517374517 0.11692307692307692 0.09266409266409267
0 0.43153846153846154 0.584942084942085 0.1276923076923077 0.16602316602316602
