0 0.945 0.8992592592592592 0.09666666666666666 0.1274074074074074
0 0.4961111111111111 0.6118518518518519 0.027777777777777776 0.03259259259259259
0 0.9516666666666667 0.10074074074074074 0.043333333333333335 0.047407407407407405
0 0.7522222222222222 0.6422222222222221 0.044444444444444446 0.06962962962962962
0 0.4116666666666667 0.24 0.09 0.14222222222222222
0 0.7816666666666666 0.6125925925925926 0.043333333333333335 0.04296296296296296
0 0.5938888888888889 0.3607407407407407 0.10111111111111111 0.12296296296296295
0 0.4438888888888889 0.4414814814814815 0.07222222222222222 0.07111111111111111
0 0.5055555555555555 0.30296296296296293 0.10222222222222223 0.14666666666666667
0 0.4211111111111111 0.5888888888888889 0.06444444444444444 0.06962962962962962
0 0.7961111111111111 0.5437037037037037 0.08777777777777777 0.11259259259259259
0 0.5666666666666667 0.5637037037037037 0.035555555555555556 0.05481481481481481
0 0.39111111111111113 0.6703703703703703 0.06222222222222222 0.08148148148148147
0 0.7444444444444445 0.8259259259259258 0.051111111111111114 0.06962962962962962
0 0.6694444444444444 0.5192592592592592 0.052222222222222225 0.0637037037037037
0 0.7305555555555555 0.11481481481481481 0.17 0.20592592592592593
0 0.07333333333333333 0.46074074074074073 0.08222222222222222 0.09185185185185185
0 0.26055555555555554 0.711111111111111 0.06555555555555556 0.08592592592592592
0 0.3333333333333333 0.5237037037037037 0.06222222222222222 0.08148148148148147
0 0.5283333333333333 0.5725925925925925 0.043333333333333335 0.06074074074074074
0 0.27666666666666667 0.5874074074074074 0.05333333333333333 0.07851851851851852
0 0.8361111111111111 0.731111111111111 0.04555555555555556 0.057777777777777775
0 0.33555555555555555 0.591111111111111 0.06666666666666667 0.06222222222222222
0 0.05555555555555555 0.34148148148148144 0.10888888888888888 0.11703703703703704
0 0.20722222222222222 0.42148148148148146 0.07666666666666666 0.09333333333333332
0 0.2311111111111111 0.5348148148148147 0.06222222222222222 0.07407407407407407
0 0.39444444444444443 0.5414814814814815 0.06222222222222222 0.08148148148148147
0 0.3461111111111111 0.05851851851851852 0.05 0.07259259259259258
0 0.7011111111111111 0.6022222222222222 0.057777777777777775 0.07555555555555556
0 0.6394444444444445 0.2525925925925926 0.10555555555555556 0.1496296296296296
0 0.8677777777777778 0.4148148148148148 0.14 0.18074074074074073
0 0.5983333333333334 0.4829629629629629 0.08333333333333333 0.10666666666666666
0 0.7361111111111112 0.7466666666666666 0.058888888888888886 0.06814814814814814
