0 0.8905555555555555 0.4657762938230384 0.11 0.1636060100166945
0 0.78 0.41819699499165275 0.11333333333333333 0.18196994991652754
0 0.8272222222222222 0.1994991652754591 0.11666666666666667 0.18196994991652754
0 0.81 0.9031719532554258 0.07777777777777778 0.12020033388981637
0 0.6455555555555555 0.34307178631051755 0.09555555555555556 0.15191986644407346
0 0.085 0.6268781302170284 0.08777777777777777 0.11185308848080133
0 0.3711111111111111 0.8096828046744574 0.09333333333333334 0.12687813021702837
0 0.5488888888888889 0.3589315525876461 0.1111111111111111 0.17696160267111855
0 0.43277777777777776 0.4298831385642738 0.11222222222222222 0.15859766277128548
0 0.8405555555555555 0.7704507512520868 0.10555555555555556 0.15191986644407346
0 0.27 0.40901502504173626 0.09333333333333334 0.14023372287145242
0 0.4711111111111111 0.9390651085141903 0.08666666666666667 0.11519198664440734
0 0.5255555555555556 0.6552587646076795 0.10444444444444445 0.14524207011686144
0 0.40055555555555555 0.5601001669449082 0.10555555555555556 0.14524207011686144
0 0.48277777777777775 0.2871452420701169 0.09444444444444444 0.14023372287145242
