0 0.18153846153846154 0.4190476190476191 0.09538461538461539 0.13333333333333336
0 0.2723076923076923 0.5583333333333333 0.16923076923076924 0.29761904761904767
0 0.8469230769230769 0.0642857142857143 0.07846153846153846 0.12380952380952381
0 0.44461538461538463 0.7047619047619048 0.19076923076923077 0.2666666666666667
0 0.1076923076923077 0.3285714285714286 0.09538461538461539 0.1523809523809524
0 0.4576923076923077 0.2547619047619048 0.1676923076923077 0.3190476190476191
0 0.2023076923076923 0.7642857142857143 0.22923076923076924 0.34761904761904766
0 0.8461538461538461 0.3869047619047619 0.13538461538461538 0.2023809523809524
0 0.6515384615384615 0.2273809523809524 0.18923076923076923 0.2833333333333334
0 0.6776923076923077 0.5773809523809524 0.09076923076923077 0.15000000000000002
0 0.6238461538461538 0.41190476190476194 0.17692307692307693 0.20952380952380956
0 0.9607692307692308 0.2654761904761905 0.07846153846153846 0.1642857142857143
0 0.22615384615384615 0.2 0.06769230769230769 0.10476190476190478
