0 0.5972222222222222 0.5792988313856428 0.034444444444444444 0.05676126878130217
0 0.7588888888888888 0.5217028380634391 0.03111111111111111 0.05843071786310518
0 0.6655555555555556 0.38647746243739567 0.04 0.05843071786310518
0 0.8033333333333333 0.6135225375626043 0.03777777777777778 0.0651085141903172
0 0.5533333333333333 0.21285475792988315 0.04666666666666667 0.06176961602671119
0 0.04055555555555555 0.2621035058430718 0.04111111111111111 0.05008347245409015
0 0.3983333333333333 0.654424040066778 0.027777777777777776 0.04006677796327212
0 0.6155555555555555 0.31218697829716197 0.042222222222222223 0.07011686143572621
0 0.08444444444444445 0.02003338898163606 0.035555555555555556 0.03672787979966611
0 0.4727777777777778 0.36894824707846413 0.04777777777777778 0.05342237061769616
0 0.295 0.7353923205342238 0.027777777777777776 0.041736227045075125
0 0.84 0.43489148580968284 0.04888888888888889 0.0651085141903172
0 0.9227777777777778 0.44156928213689484 0.05 0.06176961602671119
0 0.5822222222222222 0.16026711185308848 0.035555555555555556 0.04674457429048414
0 0.35944444444444446 0.5475792988313857 0.034444444444444444 0.04674457429048414
0 0.9327777777777778 0.5459098497495827 0.04555555555555556 0.06010016694490818
0 0.10611111111111111 0.5283806343906511 0.03888888888888889 0.048414023372287146
0 0.42444444444444446 0.4574290484140234 0.06 0.08681135225375626
0 0.46055555555555555 0.29465776293823037 0.058888888888888886 0.08514190317195326
0 0.7238888888888889 0.5317195325542571 0.034444444444444444 0.048414023372287146
0 0.4672222222222222 0.43823038397328884 0.023333333333333334 0.038397328881469114
0 0.3472222222222222 0.3080133555926544 0.03666666666666667 0.05843071786310518
0 0.6722222222222223 0.5609348914858097 0.035555555555555556 0.05676126878130217
