0 0.34 0.28750000000000003 0.12666666666666668 0.17
0 0.6000000000000001 0.1375 0.18000000000000002 0.26
0 0.2516666666666667 0.16875 0.2066666666666667 0.2775
0 0.6025 0.61875 0.14833333333333334 0.23750000000000002
0 0.4708333333333334 0.25375000000000003 0.11833333333333335 0.1775
0 0.22583333333333336 0.9137500000000001 0.125 0.1675
0 0.47750000000000004 0.56 0.10166666666666667 0.12
0 0.8058333333333334 0.81625 0.14500000000000002 0.2175
0 0.35833333333333334 0.76375 0.11333333333333334 0.1775
0 0.7316666666666667 0.57375 0.13333333333333333 0.1875
0 0.745 0.305 0.11666666666666667 0.19
