0 0.6933333333333334 0.6378896882494004 0.09000000000000001 0.11031175059952038
0 0.1575 0.11870503597122302 0.07833333333333334 0.11270983213429256
0 0.8358333333333334 0.8393285371702637 0.07833333333333334 0.10551558752997602
0 0.18250000000000002 0.22781774580335729 0.08833333333333333 0.11510791366906474
0 0.16333333333333333 0.3213429256594724 0.09000000000000001 0.11510791366906474
0 0.6208333333333333 0.5035971223021583 0.07166666666666667 0.13908872901678657
0 0.4675 0.3405275779376499 0.095 0.12949640287769784
0 0.3466666666666667 0.8549160671462829 0.06666666666666667 0.0935251798561151
0 0.6866666666666668 0.4832134292565947 0.08333333333333334 0.12709832134292565
0 0.4591666666666667 0.4952038369304556 0.085 0.12230215827338128
0 0.21750000000000003 0.0671462829736211 0.09166666666666667 0.1199040767386091
0 0.3275 0.672661870503597 0.085 0.12230215827338128
0 0.9266666666666667 0.6438848920863309 0.09000000000000001 0.11750599520383692
0 0.2541666666666667 0.4100719424460431 0.095 0.1199040767386091
0 0.4291666666666667 0.8081534772182254 0.07500000000000001 0.10551558752997602
0 0.5641666666666667 0.5431654676258992 0.085 0.13189448441247
