0 0.7341666666666667 0.058750000000000004 0.07500000000000001 0.1125
0 0.19833333333333333 0.96875 0.060000000000000005 0.0575
0 0.42833333333333334 0.58375 0.09333333333333334 0.1475
0 0.4025 0.7837500000000001 0.07833333333333334 0.1125
0 0.5666666666666667 0.505 0.09666666666666668 0.14
0 0.3191666666666667 0.6225 0.08833333333333333 0.14
0 0.12833333333333335 0.335 0.10333333333333335 0.16
0 0.1375 0.4925 0.10166666666666667 0.155
0 0.5916666666666667 0.72 0.09666666666666668 0.145
0 0.21833333333333335 0.7025 0.09333333333333334 0.125
0 0.3075 0.905 0.055 0.075
0 0.8966666666666667 0.22875 0.09000000000000001 0.1225
