0 0.31375000000000003 0.5318949343339587 0.0375 0.05065666041275797
0 0.658125 0.29924953095684803 0.02625 0.039399624765478425
0 0.311875 0.7701688555347092 0.04125 0.058161350844277676
0 0.4375 0.6557223264540337 0.0275 0.043151969981238276
0 0.834375 0.15853658536585366 0.02875 0.04690431519699812
0 0.586875 0.5046904315196998 0.03625 0.05628517823639775
0 0.969375 0.175422138836773 0.02375 0.03564727954971857
0 0.794375 0.1472795497185741 0.03125 0.043151969981238276
0 0.8718750000000001 0.7917448405253283 0.03625 0.052532833020637895
0 0.35000000000000003 0.5938086303939962 0.0375 0.054409005628517824
0 0.9575 0.7157598499061913 0.0275 0.04690431519699812
0 0.153125 0.46904315196998125 0.03625 0.05628517823639775
