0 0.45989583333333334 0.47968750000000004 0.051041666666666666 0.0390625
0 0.578125 0.4705078125 0.058333333333333334 0.044921875
0 0.8052083333333333 0.4021484375 0.041666666666666664 0.039453125000000006
0 0.228125 0.39960937500000004 0.04895833333333333 0.039843750000000004
0 0.3106770833333333 0.49628906250000004 0.0609375 0.049609375000000004
0 0.35260416666666666 0.409765625 0.05416666666666667 0.040625
0 0.2734375 0.5150390625 0.057291666666666664 0.051171875000000006
0 0.5200520833333333 0.5662109375000001 0.049479166666666664 0.044921875
0 0.453125 0.6076171875 0.04895833333333333 0.037890625000000004
0 0.3333333333333333 0.5255859375 0.052083333333333336 0.040234375
0 0.43255208333333334 0.5750000000000001 0.043229166666666666 0.03359375
0 0.60234375 0.4029296875 0.04739583333333333 0.036328125
0 0.30859375 0.4322265625 0.06302083333333333 0.048046875
0 0.8510416666666667 0.40644531250000004 0.052083333333333336 0.036328125
0 0.1921875 0.37226562500000004 0.05 0.041406250000000006
