0 0.2776923076923077 0.6738461538461539 0.06923076923076923 0.08
0 0.24 0.33 0.09230769230769231 0.10923076923076923
0 0.7576923076923077 0.3415384615384615 0.09076923076923077 0.10153846153846154
0 0.7015384615384616 0.4084615384615385 0.08615384615384615 0.10307692307692308
0 0.4307692307692308 0.5561538461538461 0.06769230769230769 0.08153846153846153
0 0.9123076923076923 0.22153846153846155 0.11076923076923077 0.1076923076923077
0 0.19538461538461538 0.44153846153846155 0.07076923076923076 0.08615384615384615
0 0.8753846153846154 0.3292307692307692 0.09230769230769231 0.09230769230769231
0 0.7976923076923077 0.21307692307692308 0.11846153846153847 0.1276923076923077
0 0.47923076923076924 0.5153846153846153 0.0876923076923077 0.09230769230769231
0 0.33153846153846156 0.5069230769230769 0.07846153846153846 0.08461538461538462
0 0.5969230769230769 0.48538461538461536 0.08 0.09384615384615384
0 0.3930769230769231 0.6330769230769231 0.07846153846153846 0.08461538461538462
0 0.5592307692307692 0.26461538461538464 0.10923076923076923 0.10461538461538461
0 0.37384615384615383 0.3476923076923077 0.08923076923076922 0.10153846153846154
0 0.13153846153846155 0.38076923076923075 0.10307692307692308 0.11846153846153847
0 0.1123076923076923 0.48307692307692307 0.09230769230769231 0.08615384615384615
