0 0.4609375 0.7884892086330936 0.033203125 0.04316546762589928
0 0.61572265625 0.360431654676259 0.0361328125 0.04460431654676259
0 0.48876953125 0.7431654676258993 0.0341796875 0.04460431654676259
0 0.8095703125 0.5863309352517986 0.03125 0.05611510791366907
0 0.61474609375 0.7517985611510791 0.0302734375 0.04460431654676259
0 0.5498046875 0.1 0.025390625 0.03884892086330936
0 0.2578125 0.3661870503597122 0.0234375 0.030215827338129497
0 0.63671875 0.21007194244604316 0.03125 0.0460431654676259
0 0.35595703125 0.4784172661870504 0.0185546875 0.030215827338129497
0 0.771484375 0.9194244604316547 0.02734375 0.04316546762589928
0 0.43408203125 0.35467625899280575 0.0341796875 0.04460431654676259
0 0.44677734375 0.11151079136690648 0.0302734375 0.04460431654676259
0 0.7529296875 0.5676258992805755 0.03125 0.053237410071942444
0 0.8388671875 0.4611510791366907 0.021484375 0.03884892086330936
0 0.2626953125 0.4273381294964029 0.025390625 0.025899280575539568
0 0.38525390625 0.6661870503597123 0.0341796875 0.0460431654676259
0 0.478515625 0.685611510791367 0.03515625 0.050359712230215826
0 0.5244140625 0.07050359712230216 0.025390625 0.040287769784172665
0 0.68408203125 0.33309352517985613 0.0341796875 0.050359712230215826
0 0.33544921875 0.48633093525179855 0.0224609375 0.040287769784172665
0 0.4443359375 0.1446043165467626 0.03125 0.03597122302158273
0 0.4794921875 0.06690647482014389 0.03125 0.04748201438848921
0 0.2578125 0.39928057553956836 0.02734375 0.033093525179856115
0 0.7763671875 0.6071942446043166 0.03515625 0.051798561151079135
0 0.81298828125 0.4510791366906475 0.0283203125 0.04460431654676259
0 0.75439453125 0.9841726618705037 0.0283203125 0.031654676258992806
0 0.5927734375 0.7726618705035971 0.02734375 0.04316546762589928
0 0.78515625 0.5539568345323741 0.03515625 0.051798561151079135
0 0.8125 0.4028776978417266 0.04296875 0.05467625899280576
0 0.5068359375 0.40143884892086334 0.029296875 0.0460431654676259
0 0.501953125 0.04316546762589928 0.025390625 0.04316546762589928
0 0.48828125 0.11654676258992806 0.02734375 0.04316546762589928
0 0.86767578125 0.5805755395683453 0.0361328125 0.058992805755395686
0 0.52001953125 0.2863309352517986 0.0302734375 0.0460431654676259
