0 0.1259765625 0.9033674963396779 0.07421875 0.09663250366032211
0 0.84716796875 0.40775988286969256 0.0341796875 0.0424597364568082
0 0.5869140625 0.6976573938506588 0.021484375 0.0424597364568082
0 0.50048828125 0.5497803806734993 0.0771484375 0.13323572474377746
0 0.87451171875 0.15446559297218154 0.0537109375 0.08052708638360176
0 0.6025390625 0.1595900439238653 0.0390625 0.06149341142020498
0 0.0966796875 0.36749633967789164 0.046875 0.0527086383601757
0 0.171875 0.6756954612005857 0.0625 0.07759882869692533
0 0.96923828125 0.20497803806734993 0.0576171875 0.07906295754026355
0 0.3291015625 0.7298682284040996 0.044921875 0.06588579795021962
0 0.3359375 0.33821376281112736 0.04296875 0.06442166910688141
0 0.609375 0.6910688140556369 0.0234375 0.04685212298682284
0 0.255859375 0.21010248901903367 0.068359375 0.08638360175695461
0 0.5556640625 0.20863836017569548 0.041015625 0.0746705710102489
0 0.88134765625 0.39092240117130306 0.0400390625 0.05856515373352855
0 0.39794921875 0.2686676427525622 0.0537109375 0.08931185944363104
0 0.79248046875 0.29502196193265007 0.0478515625 0.060029282576866766
0 0.556640625 0.2518301610541728 0.037109375 0.0527086383601757
0 0.423828125 0.048316251830161056 0.060546875 0.09370424597364568
0 0.884765625 0.6837481698389458 0.03515625 0.04685212298682284
0 0.02587890625 0.3689604685212299 0.0498046875 0.06149341142020498
0 0.548828125 0.32210834553440704 0.03515625 0.0527086383601757
0 0.8974609375 0.31112737920937045 0.044921875 0.05417276720351391
0 0.53857421875 0.1471449487554905 0.0439453125 0.0629575402635432
0 0.59375 0.22108345534407028 0.037109375 0.06149341142020498
0 0.58447265625 0.2759882869692533 0.0361328125 0.0629575402635432
0 0.69384765625 0.5768667642752563 0.0478515625 0.07027818448023426
0 0.9306640625 0.4062957540263543 0.056640625 0.0629575402635432
0 0.3662109375 0.24084919472913618 0.044921875 0.0629575402635432
0 0.41650390625 0.15153733528550511 0.0322265625 0.060029282576866766
