0 0.334 0.2848575712143928 0.096 0.14692653673163417
0 0.1935 0.43928035982008995 0.095 0.14692653673163417
0 0.385 0.507496251874063 0.092 0.12143928035982009
0 0.2425 0.5674662668665666 0.107 0.15442278860569714
0 0.3745 0.38830584707646176 0.095 0.10794602698650674
0 0.2185 0.308095952023988 0.099 0.1454272863568216
0 0.5665 0.5652173913043478 0.077 0.095952023988006
0 0.604 0.848575712143928 0.078 0.1199400299850075
0 0.1275 0.4512743628185907 0.077 0.15592203898050974
0 0.5085000000000001 0.6521739130434783 0.135 0.191904047976012
0 0.7215 0.3703148425787106 0.095 0.1649175412293853
0 0.2885 0.4977511244377811 0.08700000000000001 0.14392803598200898
0 0.6325000000000001 0.35907046476761617 0.115 0.17841079460269865
0 0.1705 0.6814092953523239 0.069 0.10344827586206896
0 0.4175 0.308095952023988 0.08700000000000001 0.15442278860569714
0 0.6445 0.7916041979010494 0.081 0.12893553223388304
