0 0.1190909090909091 0.6924083769633508 0.10363636363636364 0.1544502617801047
0 0.3418181818181818 0.3298429319371728 0.10909090909090909 0.14136125654450263
0 0.35545454545454547 0.05366492146596859 0.14363636363636365 0.10209424083769635
0 0.8154545454545454 0.7513089005235603 0.15454545454545454 0.2041884816753927
0 0.4527272727272727 0.3573298429319372 0.11272727272727273 0.14397905759162305
0 0.7709090909090909 0.2787958115183246 0.11272727272727273 0.17015706806282724
0 0.8454545454545455 0.17408376963350786 0.12727272727272726 0.18062827225130892
0 0.4527272727272727 0.7028795811518325 0.09090909090909091 0.13350785340314136
0 0.31636363636363635 0.8390052356020943 0.13818181818181818 0.19633507853403143
0 0.6463636363636364 0.33246073298429324 0.10727272727272727 0.14136125654450263
0 0.5554545454545454 0.8887434554973822 0.11454545454545455 0.15968586387434555
