0 0.30875 0.5300187617260788 0.045 0.05065666041275797
0 0.634375 0.24390243902439024 0.02375 0.0375234521575985
0 0.891875 0.19136960600375236 0.02625 0.0375234521575985
0 0.958125 0.7166979362101313 0.03125 0.052532833020637895
0 0.045625 0.8367729831144465 0.02625 0.04878048780487805
0 0.910625 0.8133208255159474 0.02875 0.04690431519699812
0 0.5437500000000001 0.42964352720450283 0.03 0.052532833020637895
0 0.5725 0.3949343339587242 0.035 0.054409005628517824
0 0.150625 0.4699812382739212 0.04125 0.06191369606003752
0 0.318125 0.016885553470919325 0.02375 0.0300187617260788
0 0.3125 0.7720450281425891 0.0375 0.054409005628517824
0 0.870625 0.7908067542213884 0.03625 0.054409005628517824
0 0.588125 0.5065666041275797 0.03625 0.06378986866791744
0 0.24625 0.7560975609756098 0.025 0.04127579737335835
