0 0.6258351893095768 0.4869158878504673 0.10022271714922049 0.15887850467289721
0 0.08908685968819599 0.4457943925233645 0.10913140311804008 0.18130841121495328
0 0.5116926503340757 0.7429906542056075 0.11024498886414254 0.17757009345794394
0 0.49443207126948774 0.5411214953271029 0.12249443207126948 0.18878504672897198
0 0.02951002227171492 0.6130841121495327 0.05679287305122494 0.14205607476635515
0 0.3084632516703786 0.44205607476635517 0.09799554565701558 0.1177570093457944
0 0.5094654788418708 0.18785046728971963 0.11469933184855233 0.18878504672897198
0 0.839086859688196 0.5102803738317757 0.12138084632516703 0.205607476635514
0 0.7388641425389755 0.2560747663551402 0.11692650334075723 0.19065420560747665
0 0.40757238307349664 0.17850467289719626 0.09576837416481068 0.17757009345794394
0 0.5634743875278396 0.8990654205607477 0.11358574610244988 0.19813084112149534
0 0.24888641425389754 0.8214953271028038 0.11692650334075723 0.18130841121495328
0 0.1430957683741648 0.6626168224299066 0.11469933184855233 0.18130841121495328
0 0.7628062360801782 0.8803738317757009 0.11581291759465479 0.18317757009345795
0 0.32349665924276166 0.5504672897196262 0.11247216035634744 0.18504672897196262
