0 0.4625 0.435 0.155 0.23
0 0.43583333333333335 0.07125000000000001 0.13166666666666668 0.1375
0 0.05333333333333334 0.09 0.10333333333333335 0.17
0 0.12083333333333333 0.785 0.20833333333333334 0.295
0 0.5225000000000001 0.64625 0.17500000000000002 0.2475
0 0.7075 0.59875 0.17833333333333334 0.2575
0 0.3166666666666667 0.2025 0.15000000000000002 0.24
0 0.29500000000000004 0.84 0.17333333333333334 0.19
0 0.9275000000000001 0.75875 0.14166666666666666 0.2575
0 0.12583333333333335 0.07875 0.08833333333333333 0.1475
0 0.34500000000000003 0.61125 0.19333333333333336 0.28250000000000003
0 0.9525 0.405 0.09166666666666667 0.245
0 0.5816666666666667 0.5125 0.10666666666666667 0.20500000000000002
0 0.8808333333333334 0.28 0.17500000000000002 0.245
0 0.4625 0.89125 0.21833333333333335 0.2175
0 0.49583333333333335 0.23625000000000002 0.14500000000000002 0.2175
0 0.1125 0.50125 0.19833333333333333 0.2625
0 0.6425000000000001 0.78 0.18833333333333335 0.295
0 0.8408333333333334 0.6325000000000001 0.13166666666666668 0.245
0 0.78 0.42125 0.11666666666666667 0.20750000000000002
0 0.7675000000000001 0.1225 0.16833333333333333 0.225
0 0.5591666666666667 0.13375 0.12833333333333335 0.2025
0 0.9508333333333334 0.185 0.09833333333333334 0.19
0 0.2758333333333334 0.41875 0.15166666666666667 0.20750000000000002
0 0.6575000000000001 0.36875 0.17500000000000002 0.2675
0 0.7725000000000001 0.8825000000000001 0.18166666666666667 0.23500000000000001
0 0.08916666666666667 0.245 0.165 0.245
