0 0.7375 0.435 0.125 0.17500000000000002
0 0.135 0.66125 0.11666666666666667 0.1875
0 0.11166666666666668 0.1 0.13333333333333333 0.195
0 0.9591666666666667 0.42875 0.08166666666666667 0.2175
0 0.9158333333333334 0.9450000000000001 0.14500000000000002 0.11
0 0.05333333333333334 0.2725 0.10333333333333335 0.20500000000000002
0 0.4516666666666667 0.36625 0.14666666666666667 0.1925
0 0.7666666666666667 0.17 0.13333333333333333 0.21
0 0.0575 0.65 0.11166666666666668 0.25
0 0.42000000000000004 0.10375000000000001 0.13 0.2025
0 0.42583333333333334 0.67875 0.14833333333333334 0.1875
0 0.7308333333333333 0.7425 0.1716666666666667 0.25
0 0.29250000000000004 0.42 0.10166666666666667 0.20500000000000002
0 0.5900000000000001 0.8125 0.1366666666666667 0.18
0 0.2541666666666667 0.8025 0.11833333333333335 0.185
0 0.16666666666666669 0.8625 0.14 0.22
0 0.30083333333333334 0.625 0.13833333333333334 0.20500000000000002
0 0.2783333333333334 0.17125 0.15333333333333335 0.2225
0 0.9516666666666668 0.68125 0.09666666666666668 0.2125
0 0.060000000000000005 0.87375 0.11666666666666667 0.2325
0 0.1925 0.505 0.14833333333333334 0.215
0 0.4425 0.82875 0.16166666666666668 0.1925
0 0.6008333333333333 0.42125 0.14166666666666666 0.2275
0 0.9391666666666667 0.13625 0.11833333333333335 0.2175
0 0.6416666666666667 0.29875 0.13 0.1625
0 0.19166666666666668 0.34500000000000003 0.15000000000000002 0.17500000000000002
0 0.5266666666666667 0.1925 0.12666666666666668 0.19
