0 0.16015625 0.5768072289156627 0.0546875 0.05120481927710844
0 0.6726562500000001 0.5933734939759037 0.0734375 0.12650602409638556
0 0.7562500000000001 0.8524096385542169 0.084375 0.16265060240963855
0 0.5984375000000001 0.8132530120481928 0.096875 0.1746987951807229
0 0.5554687500000001 0.5135542168674699 0.0703125 0.12349397590361447
0 0.3328125 0.9337349397590362 0.09062500000000001 0.13253012048192772
0 0.25234375000000003 0.536144578313253 0.0703125 0.10240963855421688
0 0.06015625 0.9518072289156627 0.09531250000000001 0.0963855421686747
0 0.6125 0.42168674698795183 0.053125000000000006 0.10843373493975904
0 0.68359375 0.7349397590361446 0.0859375 0.1566265060240964
0 0.8296875 0.8313253012048193 0.078125 0.16265060240963855
0 0.23984375000000002 0.3704819277108434 0.051562500000000004 0.0963855421686747
0 0.453125 0.7620481927710844 0.078125 0.13253012048192772
0 0.43828125 0.46385542168674704 0.0671875 0.11445783132530121
0 0.37109375 0.5768072289156627 0.0703125 0.09337349397590362
0 0.909375 0.4246987951807229 0.0625 0.10240963855421688
0 0.553125 0.4096385542168675 0.065625 0.11445783132530121
0 0.8601562500000001 0.6340361445783133 0.0734375 0.12349397590361447
0 0.88984375 0.7575301204819278 0.07968750000000001 0.14156626506024098
0 0.20234375000000002 0.42018072289156627 0.0578125 0.08734939759036145
0 0.0546875 0.6114457831325302 0.05625 0.10240963855421688
0 0.026562500000000003 0.38403614457831325 0.05 0.06927710843373494
0 0.6117187500000001 0.9518072289156627 0.0890625 0.0963855421686747
0 0.3015625 0.4668674698795181 0.0625 0.12048192771084337
0 0.07500000000000001 0.838855421686747 0.0625 0.13554216867469882
0 0.88984375 0.5015060240963856 0.0671875 0.11746987951807229
0 0.6023437500000001 0.658132530120482 0.0765625 0.14759036144578314
0 0.04453125 0.710843373493976 0.0578125 0.0963855421686747
0 0.18046875 0.6325301204819277 0.0734375 0.10240963855421688
0 0.96875 0.7665662650602411 0.0625 0.14759036144578314
0 0.053125000000000006 0.3042168674698795 0.037500000000000006 0.07228915662650603
0 0.71875 0.9231927710843374 0.10625000000000001 0.1536144578313253
0 0.44453125000000004 0.5647590361445783 0.060937500000000006 0.09939759036144578
0 0.74765625 0.5135542168674699 0.07968750000000001 0.14759036144578314
0 0.11640625 0.5542168674698795 0.051562500000000004 0.09036144578313253
0 0.5171875 0.7078313253012049 0.065625 0.12650602409638556
0 0.022656250000000003 0.46987951807228917 0.0421875 0.0783132530120482
0 0.06171875 0.4954819277108434 0.045312500000000006 0.057228915662650606
0 0.40703125 0.8569277108433735 0.09843750000000001 0.177710843373494
0 0.325 0.7710843373493976 0.07500000000000001 0.16265060240963855
0 0.45156250000000003 0.3358433734939759 0.0625 0.12951807228915663
0 0.25078125 0.6340361445783133 0.0734375 0.11144578313253013
0 0.14296875 0.7454819277108434 0.0734375 0.13554216867469882
0 0.93515625 0.6475903614457832 0.0734375 0.1566265060240964
0 0.13203125000000002 0.875 0.07968750000000001 0.12951807228915663
0 0.86875 0.944277108433735 0.08125 0.11144578313253013
0 0.26171875 0.8599397590361446 0.0890625 0.12349397590361447
0 0.9554687500000001 0.48343373493975905 0.0703125 0.08734939759036145
0 0.940625 0.8885542168674699 0.078125 0.16265060240963855
0 0.09375 0.31626506024096385 0.043750000000000004 0.07228915662650603
0 0.765625 0.7078313253012049 0.08125 0.14457831325301207
0 0.25625000000000003 0.960843373493976 0.07500000000000001 0.0783132530120482
0 0.5015625 0.4728915662650603 0.0625 0.10240963855421688
0 0.83984375 0.4292168674698795 0.0765625 0.13554216867469882
0 0.2015625 0.8418674698795181 0.06875 0.14759036144578314
0 0.15937500000000002 0.3373493975903615 0.046875 0.08433734939759037
0 0.5171875 0.8704819277108434 0.07500000000000001 0.14457831325301207
0 0.4421875 0.658132530120482 0.08125 0.11144578313253013
0 0.75 0.3870481927710844 0.07187500000000001 0.11746987951807229
