0 0.553125 0.9309859154929577 0.34125 0.13615023474178403
0 0.5475 0.3539906103286385 0.2725 0.215962441314554
0 0.380625 0.42629107981220654 0.19625 0.15774647887323942
0 0.87125 0.9070422535211268 0.255 0.1784037558685446
0 0.708125 0.523943661971831 0.27375 0.2140845070422535
0 0.910625 0.5178403755868545 0.17875 0.1755868544600939
0 0.81625 0.23145539906103285 0.195 0.14366197183098592
0 0.370625 0.252112676056338 0.23125 0.1868544600938967
0 0.2325 0.2755868544600939 0.19 0.1624413145539906
0 0.9187500000000001 0.6920187793427229 0.16 0.2140845070422535
0 0.2625 0.5629107981220657 0.21 0.16431924882629106
0 0.0975 0.1028169014084507 0.19 0.19812206572769953
0 0.473125 0.5577464788732395 0.26375 0.19906103286384977
0 0.72 0.7807511737089202 0.305 0.2356807511737089
0 0.5725 0.1699530516431925 0.23 0.17652582159624414
0 0.164375 0.43615023474178405 0.23875000000000002 0.17934272300469484
0 0.41125 0.6849765258215962 0.2125 0.14741784037558686
0 0.32 0.7708920187793427 0.21 0.16338028169014085
0 0.79125 0.3643192488262911 0.2225 0.14460093896713613
0 0.7987500000000001 0.07276995305164319 0.21 0.14366197183098592
0 0.40375 0.036619718309859155 0.2025 0.07136150234741784
