0 0.8281758957654723 0.47702702702702704 0.1677524429967427 0.26216216216216215
0 0.3802931596091205 0.43243243243243246 0.1710097719869707 0.23783783783783785
0 0.06026058631921825 0.7662162162162163 0.11726384364820848 0.26216216216216215
0 0.1262214983713355 0.0972972972972973 0.1449511400651466 0.1891891891891892
0 0.6441368078175896 0.5283783783783784 0.1742671009771987 0.26216216216216215
0 0.3558631921824104 0.6716216216216216 0.1742671009771987 0.28918918918918923
0 0.20521172638436483 0.2364864864864865 0.11074918566775245 0.23513513513513515
0 0.13192182410423453 0.4513513513513514 0.14006514657980457 0.24864864864864866
0 0.8843648208469056 0.7351351351351352 0.1758957654723127 0.2594594594594595
0 0.5985342019543974 0.2364864864864865 0.15146579804560262 0.22972972972972974
0 0.06270358306188925 0.30945945945945946 0.12214983713355049 0.21891891891891893
0 0.15228013029315962 0.8635135135135136 0.1710097719869707 0.26216216216216215
0 0.9576547231270359 0.6067567567567568 0.08143322475570033 0.24594594594594596
0 0.45358306188925085 0.21351351351351353 0.1449511400651466 0.1945945945945946
0 0.5268729641693811 0.09324324324324325 0.14169381107491857 0.17567567567567569
0 0.5846905537459284 0.8027027027027027 0.1465798045602606 0.2594594594594595
0 0.7630293159609121 0.24189189189189192 0.18403908794788273 0.24594594594594596
0 0.20521172638436483 0.6391891891891892 0.16612377850162868 0.24594594594594596
0 0.7117263843648208 0.7905405405405406 0.18892508143322476 0.2945945945945946
0 0.3184039087947883 0.9 0.1742671009771987 0.2
0 0.30700325732899025 0.24864864864864866 0.15472312703583063 0.25405405405405407
0 0.497557003257329 0.5986486486486486 0.15472312703583063 0.22972972972972974
0 0.5211726384364821 0.3648648648648649 0.15635179153094464 0.24864864864864866
