0 0.5765550239234449 0.36500000000000005 0.3492822966507177 0.27666666666666667
0 0.11004784688995214 0.07 0.21052631578947367 0.13333333333333333
0 0.4688995215311005 0.6016666666666667 0.354066985645933 0.26333333333333336
0 0.7392344497607655 0.7516666666666667 0.21531100478468898 0.19666666666666668
0 0.3157894736842105 0.3566666666666667 0.2679425837320574 0.23333333333333334
0 0.07177033492822966 0.655 0.1339712918660287 0.17666666666666667
0 0.6507177033492823 0.11833333333333335 0.3827751196172249 0.23
0 0.6746411483253588 0.9616666666666668 0.2200956937799043 0.07666666666666667
0 0.7822966507177033 0.5066666666666667 0.30143540669856456 0.23333333333333334
0 0.5263157894736842 0.8083333333333333 0.2966507177033493 0.19
