0 0.598 0.651 0.184 0.182
0 0.329 0.095 0.146 0.15
0 0.435 0.717 0.15 0.11800000000000001
0 0.164 0.22 0.16 0.14
0 0.256 0.178 0.108 0.112
0 0.648 0.456 0.176 0.148
0 0.342 0.609 0.124 0.14200000000000002
0 0.12 0.665 0.212 0.182
0 0.526 0.227 0.116 0.11
0 0.7030000000000001 0.735 0.242 0.186
0 0.41600000000000004 0.229 0.12 0.13
0 0.387 0.88 0.218 0.216
0 0.835 0.352 0.146 0.136
0 0.649 0.185 0.13 0.106
0 0.47100000000000003 0.577 0.162 0.146
0 0.463 0.124 0.126 0.124
0 0.725 0.07200000000000001 0.126 0.12
0 0.5650000000000001 0.094 0.11800000000000001 0.12
