0 0.8683333333333334 0.26948775055679286 0.12000000000000001 0.16035634743875277
0 0.41250000000000003 0.3129175946547884 0.155 0.19821826280623608
0 0.060000000000000005 0.15812917594654788 0.11666666666666667 0.19599109131403117
0 0.08833333333333333 0.6492204899777283 0.17333333333333334 0.27394209354120264
0 0.9275000000000001 0.6625835189309577 0.14500000000000002 0.20712694877505566
0 0.4658333333333334 0.9387527839643652 0.17833333333333334 0.12249443207126948
0 0.7083333333333334 0.9031180400890868 0.23333333333333334 0.19376391982182628
0 0.1925 0.11135857461024498 0.14166666666666666 0.13363028953229397
0 0.9433333333333334 0.16926503340757237 0.11 0.19599109131403117
0 0.10083333333333334 0.8841870824053452 0.19833333333333333 0.21826280623608016
0 0.2066666666666667 0.44097995545657015 0.19 0.25389755011135856
0 0.7616666666666667 0.4354120267260579 0.19666666666666668 0.22939866369710465
0 0.3066666666666667 0.16926503340757237 0.16666666666666669 0.21380846325167036
0 0.7616666666666667 0.08797327394209353 0.12333333333333334 0.14922048997772827
0 0.3016666666666667 0.8685968819599109 0.21000000000000002 0.24944320712694876
0 0.5591666666666667 0.7338530066815144 0.18166666666666667 0.23830734966592426
0 0.6191666666666668 0.09131403118040089 0.16166666666666668 0.17817371937639198
0 0.4691666666666667 0.14142538975501112 0.16166666666666668 0.20712694877505566
0 0.21916666666666668 0.6870824053452116 0.20833333333333334 0.26948775055679286
0 0.7383333333333334 0.23830734966592426 0.18333333333333335 0.21826280623608016
0 0.375 0.45434298440979953 0.16333333333333333 0.18262806236080179
0 0.7258333333333333 0.6391982182628062 0.19166666666666668 0.25389755011135856
0 0.14666666666666667 0.25389755011135856 0.19 0.22717149220489977
0 0.41583333333333333 0.6314031180400891 0.19166666666666668 0.25167037861915365
0 0.8116666666666668 0.8374164810690423 0.18333333333333335 0.26280623608017817
0 0.035833333333333335 0.3585746102449888 0.06833333333333334 0.24053452115812918
0 0.5266666666666667 0.5267260579064588 0.16 0.18930957683741648
0 0.8875000000000001 0.45434298440979953 0.14166666666666666 0.22717149220489977
0 0.5725 0.3195991091314031 0.16166666666666668 0.23830734966592426
