0 0.33461538461538465 0.42115384615384616 0.18846153846153846 0.1423076923076923
0 0.5538461538461539 0.38846153846153847 0.19615384615384618 0.14615384615384616
0 0.7326923076923078 0.864423076923077 0.29615384615384616 0.1826923076923077
0 0.6048076923076924 0.6442307692307693 0.2326923076923077 0.1576923076923077
0 0.4009615384615385 0.5807692307692308 0.225 0.2
0 0.4865384615384616 0.47884615384615387 0.19230769230769232 0.1423076923076923
0 0.2451923076923077 0.5403846153846155 0.17115384615384616 0.21923076923076923
0 0.5211538461538462 0.7884615384615385 0.21923076923076923 0.21923076923076923
0 0.8259615384615385 0.7230769230769232 0.22884615384615387 0.20384615384615384
0 0.6759615384615385 0.5269230769230769 0.2326923076923077 0.1653846153846154
0 0.32403846153846155 0.7307692307692308 0.225 0.19615384615384618
0 0.43173076923076925 0.9125000000000001 0.2826923076923077 0.17500000000000002
