0 0.32752613240418116 0.16740088105726875 0.08362369337979095 0.0881057268722467
0 0.7473867595818815 0.17400881057268724 0.07317073170731707 0.0748898678414097
0 0.8327526132404182 0.7797356828193833 0.11149825783972125 0.11453744493392072
0 0.4337979094076655 0.41850220264317184 0.09407665505226481 0.10572687224669605
0 0.9198606271777003 0.762114537444934 0.10452961672473868 0.12334801762114539
0 0.08013937282229965 0.7577092511013217 0.13240418118466898 0.15859030837004406
0 0.8693379790940766 0.86784140969163 0.10801393728222997 0.09691629955947137
0 0.18292682926829268 0.6343612334801763 0.10104529616724739 0.11453744493392072
0 0.6097560975609756 0.20925110132158592 0.08362369337979095 0.0748898678414097
0 0.5679442508710801 0.8171806167400881 0.13937282229965156 0.14537444933920707
0 0.5818815331010453 0.5440528634361234 0.0975609756097561 0.10132158590308371
0 0.6358885017421603 0.2995594713656388 0.07317073170731707 0.0881057268722467
0 0.9494773519163763 0.8458149779735684 0.10104529616724739 0.11453744493392072
0 0.7839721254355401 0.5308370044052864 0.11149825783972125 0.11013215859030838
0 0.17247386759581881 0.3612334801762115 0.08710801393728224 0.10572687224669605
0 0.5853658536585366 0.6343612334801763 0.11149825783972125 0.13215859030837004
0 0.4529616724738676 0.2444933920704846 0.07665505226480836 0.0748898678414097
0 0.08188153310104529 0.5506607929515419 0.12195121951219512 0.10572687224669605
0 0.3641114982578397 0.5881057268722467 0.11498257839721254 0.11894273127753305
0 0.7578397212543554 0.8854625550660794 0.11498257839721254 0.13215859030837004
0 0.6689895470383276 0.6894273127753304 0.1254355400696864 0.14537444933920707
0 0.37282229965156793 0.828193832599119 0.13240418118466898 0.1497797356828194
0 0.6550522648083623 0.9559471365638768 0.13937282229965156 0.0881057268722467
0 0.7003484320557491 0.4889867841409692 0.09059233449477352 0.12334801762114539
0 0.19686411149825783 0.8017621145374451 0.12195121951219512 0.13215859030837004
0 0.28397212543554007 0.6938325991189428 0.1289198606271777 0.14537444933920707
0 0.4738675958188153 0.6189427312775331 0.11846689895470383 0.13656387665198239
0 0.08362369337979095 0.37004405286343617 0.10452961672473868 0.11453744493392072
0 0.09059233449477352 0.6497797356828194 0.11846689895470383 0.11013215859030838
0 0.343205574912892 0.4779735682819384 0.09407665505226481 0.11894273127753305
0 0.36585365853658536 0.39207048458149785 0.08362369337979095 0.07929515418502203
0 0.7299651567944251 0.2995594713656388 0.09407665505226481 0.09691629955947137
0 0.1951219512195122 0.5066079295154186 0.11846689895470383 0.14096916299559473
