0 0.9430000000000001 0.13 0.114 0.16285714285714287
0 0.907 0.7885714285714286 0.186 0.4228571428571429
0 0.051000000000000004 0.24428571428571427 0.098 0.2714285714285714
0 0.613 0.4957142857142857 0.182 0.2885714285714286
0 0.232 0.2785714285714286 0.2 0.16857142857142857
0 0.47800000000000004 0.35 0.184 0.2885714285714286
0 0.904 0.38571428571428573 0.188 0.3485714285714286
0 0.201 0.5042857142857143 0.314 0.3742857142857143
0 0.186 0.06142857142857143 0.128 0.11714285714285715
0 0.616 0.84 0.20800000000000002 0.32
0 0.755 0.29428571428571426 0.20600000000000002 0.2742857142857143
0 0.376 0.16 0.17200000000000001 0.22857142857142856
0 0.361 0.7314285714285714 0.34600000000000003 0.45714285714285713
0 0.089 0.7985714285714286 0.17400000000000002 0.3914285714285714
0 0.429 0.07714285714285714 0.13 0.14285714285714285
0 0.714 0.6371428571428571 0.252 0.38285714285714284
