0 0.4563291139240506 0.4901639344262295 0.089873417721519 0.12786885245901639
0 0.6664556962025316 0.13114754098360656 0.07721518987341772 0.10163934426229508
0 0.2645569620253165 0.4385245901639344 0.08860759493670886 0.10983606557377049
0 0.23354430379746835 0.27459016393442626 0.08734177215189874 0.10655737704918032
0 0.8943037974683544 0.4098360655737705 0.06962025316455696 0.08524590163934426
0 0.36265822784810126 0.5204918032786885 0.09240506329113925 0.10983606557377049
0 0.43860759493670887 0.2959016393442623 0.08227848101265824 0.11311475409836065
0 0.6050632911392405 0.5721311475409836 0.09873417721518987 0.11475409836065574
0 0.6525316455696203 0.8295081967213115 0.08734177215189874 0.11475409836065574
0 0.28734177215189877 0.8967213114754098 0.07848101265822785 0.10819672131147541
0 0.9613924050632912 0.6024590163934426 0.07721518987341772 0.09344262295081968
0 0.03354430379746835 0.32131147540983607 0.06455696202531645 0.1180327868852459
0 0.640506329113924 0.46229508196721314 0.08860759493670886 0.10491803278688525
0 0.44746835443037974 0.6885245901639344 0.06962025316455696 0.09508196721311475
0 0.5025316455696203 0.8508196721311475 0.09367088607594937 0.12131147540983607
0 0.1860759493670886 0.22868852459016392 0.07848101265822785 0.1
0 0.5278481012658228 0.6204918032786885 0.08354430379746836 0.10655737704918032
0 0.9746835443037974 0.20491803278688525 0.05063291139240506 0.07540983606557378
0 0.6354430379746836 0.36475409836065575 0.08354430379746836 0.10327868852459017
0 0.9537974683544304 0.07540983606557378 0.08734177215189874 0.11147540983606558
0 0.6506329113924051 0.9647540983606557 0.06835443037974684 0.07049180327868852
0 0.44746835443037974 0.1737704918032787 0.10253164556962026 0.13442622950819672
0 0.10569620253164558 0.27377049180327867 0.089873417721519 0.11475409836065574
0 0.8208860759493671 0.17704918032786884 0.09240506329113925 0.12131147540983607
0 0.37658227848101267 0.3860655737704918 0.08227848101265824 0.10983606557377049
0 0.9411392405063291 0.5131147540983606 0.07215189873417721 0.09180327868852459
0 0.10822784810126583 0.3770491803278688 0.07215189873417721 0.08852459016393442
0 0.39936708860759496 0.6172131147540983 0.09746835443037975 0.11311475409836065
0 0.31708860759493673 0.31721311475409836 0.08481012658227849 0.12295081967213115
0 0.7145569620253165 0.6991803278688524 0.08227848101265824 0.09344262295081968
0 0.3348101265822785 0.8401639344262295 0.0949367088607595 0.11967213114754098
0 0.9354430379746835 0.3680327868852459 0.08354430379746836 0.10655737704918032
