0 0.6744791666666666 0.48984375 0.18229166666666666 0.1078125
0 0.5583333333333333 0.34882812500000004 0.14791666666666667 0.11171875
0 0.6526041666666667 0.41445312500000003 0.14895833333333333 0.08203125
0 0.4661458333333333 0.784765625 0.2739583333333333 0.19140625
0 0.3151041666666667 0.696484375 0.21979166666666666 0.14453125
0 0.69375 0.6062500000000001 0.22291666666666665 0.15781250000000002
0 0.6916666666666667 0.779296875 0.24166666666666667 0.18203125
0 0.3411458333333333 0.55 0.22604166666666667 0.15625
0 0.2677083333333333 0.413671875 0.14166666666666666 0.05859375
0 0.5260416666666666 0.57421875 0.18333333333333332 0.15156250000000002
0 0.1203125 0.798828125 0.23854166666666665 0.16484375
0 0.26197916666666665 0.478125 0.171875 0.1171875
0 0.4536458333333333 0.44570312500000003 0.17604166666666665 0.13046875
