0 0.8923611111111112 0.7561576354679803 0.1375 0.4433497536945813
0 0.6736111111111112 0.33866995073891626 0.058333333333333334 0.20935960591133004
0 0.6159722222222223 0.18842364532019704 0.09861111111111112 0.19458128078817735
0 0.09861111111111112 0.854679802955665 0.061111111111111116 0.19704433497536947
0 0.4375 0.7339901477832512 0.12222222222222223 0.3251231527093596
0 0.7423611111111111 0.7438423645320197 0.2986111111111111 0.46798029556650245
0 0.4666666666666667 0.29679802955665024 0.07222222222222223 0.23891625615763548
0 0.2625 0.22783251231527094 0.38333333333333336 0.3620689655172414
0 0.05277777777777778 0.7068965517241379 0.08611111111111111 0.19211822660098524
0 0.7944444444444445 0.3066502463054187 0.20833333333333334 0.20935960591133004
0 0.075 0.43226600985221675 0.14722222222222223 0.14039408866995073
0 0.10277777777777779 0.6490147783251231 0.19722222222222224 0.1896551724137931
0 0.3902777777777778 0.44950738916256155 0.16111111111111112 0.10591133004926108
0 0.16319444444444445 0.75 0.10138888888888889 0.2044334975369458
0 0.6513888888888889 0.12807881773399016 0.20833333333333334 0.19211822660098524
0 0.3458333333333333 0.7192118226600985 0.18888888888888888 0.24630541871921183
0 0.5798611111111112 0.3275862068965517 0.1625 0.18719211822660098
0 0.22777777777777777 0.45320197044334976 0.1527777777777778 0.08866995073891626
0 0.22013888888888888 0.7758620689655172 0.14583333333333334 0.2315270935960591
