0 0.4169675090252708 0.6295585412667946 0.12996389891696752 0.1381957773512476
0 0.04151624548736462 0.772552783109405 0.07581227436823106 0.12859884836852206
0 0.6886281588447654 0.5652591170825336 0.12815884476534298 0.13243761996161227
0 0.5523465703971119 0.07293666026871401 0.13357400722021662 0.1420345489443378
0 0.9467509025270758 0.2523992322456814 0.10288808664259928 0.1401151631477927
0 0.4927797833935018 0.263915547024952 0.1407942238267148 0.15547024952015354
0 0.4196750902527076 0.5 0.14259927797833935 0.13243761996161227
0 0.6958483754512635 0.2380038387715931 0.12454873646209387 0.1381957773512476
0 0.2292418772563177 0.77447216890595 0.12274368231046932 0.13243761996161227
0 0.8357400722021661 0.2821497120921305 0.1444043321299639 0.12667946257197696
0 0.7382671480144405 0.3598848368522073 0.12274368231046932 0.13243761996161227
0 0.8131768953068592 0.20057581573896352 0.12815884476534298 0.1401151631477927
0 0.30415162454873645 0.918426103646833 0.12454873646209387 0.13243761996161227
0 0.06588447653429604 0.564299424184261 0.12454873646209387 0.13435700575815737
0 0.4205776173285199 0.10364683301343569 0.1407942238267148 0.15738963531669864
0 0.8637184115523466 0.7140115163147792 0.12454873646209387 0.1420345489443378
0 0.24548736462093865 0.336852207293666 0.1516245487364621 0.15930902111324374
0 0.40252707581227437 0.9030710172744721 0.11552346570397112 0.14779270633397312
0 0.13267148014440433 0.5095969289827255 0.14259927797833935 0.14779270633397312
0 0.6173285198555957 0.33397312859884837 0.13357400722021662 0.1381957773512476
0 0.759927797833935 0.682341650671785 0.1263537906137184 0.1401151631477927
0 0.3140794223826715 0.5614203454894433 0.11913357400722022 0.12859884836852206
0 0.2084837545126354 0.5374280230326295 0.09927797833935019 0.1420345489443378
0 0.44314079422382674 0.3934740882917466 0.14620938628158844 0.15738963531669864
0 0.3772563176895307 0.2092130518234165 0.1263537906137184 0.14587332053742802
0 0.5595667870036102 0.5499040307101727 0.12996389891696752 0.12859884836852206
