0 0.072 0.3041666666666667 0.14133333333333334 0.21833333333333335
0 0.836 0.5483333333333333 0.32 0.4166666666666667
0 0.256 0.645 0.328 0.4366666666666667
0 0.6246666666666666 0.5733333333333334 0.20933333333333332 0.30333333333333334
0 0.08466666666666667 0.9133333333333334 0.16666666666666666 0.17333333333333334
0 0.6846666666666666 0.9308333333333334 0.12133333333333333 0.13833333333333334
0 0.06466666666666666 0.5091666666666667 0.12666666666666665 0.19166666666666668
0 0.12533333333333332 0.04833333333333334 0.248 0.09000000000000001
0 0.5273333333333333 0.25916666666666666 0.2653333333333333 0.32833333333333337
0 0.2553333333333333 0.21500000000000002 0.23066666666666666 0.24666666666666667
0 0.33599999999999997 0.43000000000000005 0.22666666666666666 0.27
