0 0.07492113564668769 0.5159763313609468 0.14826498422712933 0.31005917159763313
0 0.3864353312302839 0.9751479289940829 0.05993690851735015 0.04970414201183432
0 0.32847003154574134 0.1544378698224852 0.13958990536277602 0.22366863905325443
0 0.8722397476340694 0.5254437869822485 0.04258675078864353 0.0591715976331361
0 0.8880126182965299 0.16331360946745563 0.05993690851735015 0.08757396449704143
0 0.5922712933753943 0.178698224852071 0.08675078864353312 0.15857988165680473
0 0.2196372239747634 0.8443786982248521 0.1585173501577287 0.2828402366863905
0 0.903391167192429 0.7526627218934911 0.14905362776025236 0.20355029585798817
0 0.5201104100946372 0.9621301775147929 0.08753943217665615 0.0757396449704142
0 0.1309148264984227 0.10236686390532544 0.13249211356466878 0.20236686390532543
0 0.805993690851735 0.8887573964497042 0.11198738170347003 0.1562130177514793
0 0.8706624605678234 0.9449704142011834 0.19085173501577288 0.11005917159763313
0 0.487776025236593 0.721301775147929 0.17429022082018927 0.2757396449704142
0 0.6884858044164037 0.593491124260355 0.14195583596214512 0.2165680473372781
0 0.32886435331230285 0.6035502958579881 0.16246056782334384 0.22011834319526627
