0 0.5027829313543599 0.44889162561576357 0.21150278293135436 0.1145320197044335
0 0.4582560296846011 0.3811576354679803 0.18181818181818182 0.10714285714285715
0 0.8209647495361782 0.7733990147783252 0.05009276437847866 0.029556650246305417
0 0.4582560296846011 0.2789408866995074 0.14842300556586271 0.08497536945812809
0 0.19944341372912802 0.7881773399014779 0.03896103896103896 0.024630541871921183
0 0.16975881261595546 0.7998768472906405 0.0463821892393321 0.02832512315270936
0 0.6363636363636364 0.39901477832512317 0.1855287569573284 0.1206896551724138
0 0.5918367346938775 0.312192118226601 0.14471243042671614 0.08497536945812809
0 0.3617810760667904 0.3263546798029557 0.12987012987012989 0.07881773399014778
0 0.8562152133580705 0.7586206896551724 0.04267161410018553 0.029556650246305417
