0 0.2694736842105263 0.19962335216572505 0.09263157894736843 0.15065913370998116
0 0.17526315789473684 0.2523540489642184 0.0831578947368421 0.15065913370998116
0 0.27052631578947367 0.7325800376647834 0.0968421052631579 0.17702448210922786
0 0.6331578947368421 0.628060263653484 0.1231578947368421 0.2015065913370998
0 0.2557894736842105 0.3860640301318267 0.09052631578947368 0.13935969868173256
0 0.8521052631578947 0.487758945386064 0.10421052631578948 0.17702448210922786
0 0.5247368421052632 0.0630885122410546 0.09578947368421052 0.1224105461393597
0 0.7168421052631578 0.9086629001883239 0.0968421052631579 0.160075329566855
0 0.061052631578947365 0.6073446327683616 0.11578947368421053 0.17890772128060262
0 0.18052631578947367 0.1544256120527307 0.09578947368421052 0.14689265536723164
0 0.6973684210526315 0.11016949152542373 0.09578947368421052 0.1751412429378531
0 0.0863157894736842 0.20527306967984935 0.10105263157894737 0.17325800376647835
0 0.533157894736842 0.27306967984934083 0.09999999999999999 0.1694915254237288
0 0.9415789473684211 0.751412429378531 0.11473684210526315 0.2485875706214689
0 0.9 0.9265536723163842 0.12842105263157894 0.14689265536723164
0 0.8189473684210526 0.8286252354048964 0.1094736842105263 0.19962335216572505
0 0.3136842105263158 0.5725047080979284 0.10736842105263157 0.18832391713747645
0 0.7863157894736842 0.5564971751412429 0.11578947368421053 0.2015065913370998
0 0.8389473684210527 0.09604519774011298 0.10105263157894737 0.1845574387947269
0 0.8663157894736842 0.6610169491525424 0.1094736842105263 0.1807909604519774
0 0.16789473684210526 0.4453860640301318 0.09999999999999999 0.17137476459510356
0 0.6047368421052631 0.14030131826741996 0.11263157894736842 0.1902071563088512
0 0.29368421052631577 0.31544256120527303 0.1031578947368421 0.17890772128060262
0 0.5710526315789474 0.4595103578154425 0.11684210526315789 0.1958568738229755
0 0.06157894736842105 0.3766478342749529 0.09157894736842105 0.16195856873822975
0 0.12 0.7928436911487758 0.11368421052631579 0.1845574387947269
0 0.9384210526315789 0.3785310734463277 0.12105263157894737 0.2184557438794727
0 0.5178947368421053 0.731638418079096 0.12 0.2278719397363465
0 0.6236842105263157 0.847457627118644 0.14210526315789473 0.24105461393596986
0 0.6789473684210526 0.4981167608286252 0.1031578947368421 0.22033898305084745
0 0.7589473684210526 0.3436911487758945 0.11368421052631579 0.20903954802259886
0 0.9121052631578948 0.2589453860640301 0.10421052631578948 0.160075329566855
0 0.3468421052631579 0.4284369114877589 0.08736842105263158 0.1638418079096045
0 0.21157894736842106 0.724105461393597 0.06947368421052631 0.160075329566855
0 0.9315789473684211 0.5602636534839924 0.08842105263157894 0.14500941619585686
0 0.6473684210526316 0.3135593220338983 0.11368421052631579 0.19774011299435026
0 0.7310526315789474 0.7372881355932203 0.1231578947368421 0.23540489642184556
0 0.1731578947368421 0.603578154425612 0.10842105263157895 0.1902071563088512
0 0.771578947368421 0.19868173258003766 0.10105263157894737 0.14500941619585686
0 0.958421052631579 0.10357815442561205 0.08105263157894736 0.16195856873822975
0 0.38421052631578945 0.6045197740112994 0.08421052631578947 0.1845574387947269
0 0.21526315789473685 0.8973634651600753 0.11684210526315789 0.20527306967984935
0 0.04052631578947368 0.9001883239171374 0.07263157894736842 0.16572504708097927
0 0.3505263157894737 0.24764595103578155 0.07157894736842105 0.1261770244821092
0 0.09210526315789473 0.9284369114877589 0.10842105263157895 0.1431261770244821
0 0.25789473684210523 0.5404896421845574 0.09473684210526316 0.1845574387947269
0 0.3636842105263158 0.7627118644067796 0.10421052631578948 0.1807909604519774
0 0.04421052631578947 0.7589453860640301 0.0863157894736842 0.16572504708097927
0 0.3157894736842105 0.8954802259887005 0.11157894736842106 0.1902071563088512
0 0.1368421052631579 0.34180790960451973 0.08421052631578947 0.15254237288135591
