0 0.40897435897435896 0.3493975903614458 0.08974358974358974 0.20481927710843376
0 0.18333333333333332 0.4668674698795181 0.08461538461538462 0.12650602409638556
0 0.11153846153846154 0.4096385542168675 0.07948717948717948 0.18072289156626506
0 0.35512820512820514 0.45180722891566266 0.07435897435897436 0.13253012048192772
0 0.17435897435897435 0.29819277108433734 0.08717948717948718 0.18674698795180725
0 0.308974358974359 0.8704819277108434 0.10512820512820513 0.24698795180722893
0 0.0782051282051282 0.3674698795180723 0.05384615384615385 0.14457831325301207
0 0.2987179487179487 0.3283132530120482 0.08461538461538462 0.19879518072289157
0 0.27307692307692305 0.46385542168674704 0.08974358974358974 0.14457831325301207
0 0.21666666666666667 0.8795180722891567 0.07948717948717948 0.18072289156626506
