0 0.8858333333333334 0.20875 0.04166666666666667 0.0575
0 0.9358333333333334 0.19125 0.05166666666666667 0.0425
0 0.5883333333333334 0.8325 0.08333333333333334 0.12
0 0.6541666666666667 0.075 0.04166666666666667 0.06
0 0.8391666666666667 0.1475 0.045000000000000005 0.06
0 0.44333333333333336 0.34625 0.04 0.0525
0 0.5933333333333334 0.5125 0.06333333333333334 0.075
0 0.34750000000000003 0.52 0.05166666666666667 0.075
0 0.6491666666666667 0.505 0.055 0.08
0 0.4058333333333334 0.9325 0.09166666666666667 0.13
0 0.6183333333333334 0.385 0.05333333333333334 0.06
0 0.7358333333333333 0.90375 0.09166666666666667 0.1225
0 0.030000000000000002 0.4575 0.05666666666666667 0.065
0 0.19166666666666668 0.24625 0.043333333333333335 0.0425
0 0.3766666666666667 0.77375 0.09333333333333334 0.1275
0 0.27416666666666667 0.48375 0.07833333333333334 0.0925
0 0.8625 0.69625 0.07500000000000001 0.10250000000000001
0 0.4758333333333334 0.0775 0.03833333333333334 0.055
0 0.12083333333333333 0.25375000000000003 0.04166666666666667 0.0475
0 0.17083333333333334 0.39875 0.058333333333333334 0.08750000000000001
0 0.6616666666666667 0.8775000000000001 0.08666666666666667 0.13
0 0.14833333333333334 0.125 0.04 0.05
0 0.7291666666666667 0.51 0.058333333333333334 0.075
0 0.2575 0.33625 0.03833333333333334 0.0475
0 0.7325 0.8025 0.095 0.105
0 0.5558333333333334 0.07125000000000001 0.03833333333333334 0.0425
0 0.7675000000000001 0.22 0.04833333333333334 0.06
0 0.7733333333333334 0.4875 0.05666666666666667 0.085
0 0.08 0.86 0.10333333333333335 0.125
0 0.8916666666666667 0.59375 0.07333333333333333 0.1125
0 0.36500000000000005 0.89375 0.08666666666666667 0.1375
0 0.64 0.76625 0.08 0.1125
0 0.6050000000000001 0.7075 0.08666666666666667 0.115
0 0.058333333333333334 0.38625 0.07 0.0925
0 0.5108333333333334 0.55875 0.06166666666666667 0.0775
0 0.3916666666666667 0.56125 0.06333333333333334 0.0575
0 0.5341666666666667 0.905 0.07166666666666667 0.105
0 0.8283333333333334 0.45125 0.05333333333333334 0.0725
0 0.055 0.1675 0.03333333333333333 0.045
0 0.6916666666666668 0.36875 0.05333333333333334 0.0725
0 0.2566666666666667 0.125 0.043333333333333335 0.055
0 0.09916666666666667 0.135 0.03833333333333334 0.05
0 0.29250000000000004 0.57375 0.07833333333333334 0.1075
0 0.12000000000000001 0.3875 0.05666666666666667 0.085
0 0.6166666666666667 0.28750000000000003 0.04666666666666667 0.07
0 0.7675000000000001 0.4 0.06166666666666667 0.05
0 0.09416666666666668 0.67375 0.07166666666666667 0.10250000000000001
0 0.48333333333333334 0.47625 0.060000000000000005 0.0575
0 0.04666666666666667 0.73375 0.08666666666666667 0.1325
0 0.4683333333333334 0.78625 0.09000000000000001 0.08750000000000001
0 0.6883333333333334 0.095 0.03666666666666667 0.045
0 0.5016666666666667 0.6725 0.06333333333333334 0.07
0 0.5175000000000001 0.0975 0.03166666666666667 0.035
0 0.6166666666666667 0.46125 0.060000000000000005 0.0525
0 0.9625 0.6900000000000001 0.07500000000000001 0.105
0 0.42333333333333334 0.505 0.06333333333333334 0.09
0 0.6833333333333333 0.745 0.08 0.125
0 0.1325 0.765 0.08833333333333333 0.14
0 0.33666666666666667 0.65 0.06333333333333334 0.06
0 0.48833333333333334 0.3575 0.05 0.035
0 0.38583333333333336 0.09 0.035 0.04
0 0.5325000000000001 0.75375 0.08166666666666667 0.1325
0 0.62 0.935 0.09666666666666668 0.11
0 0.05583333333333334 0.31625000000000003 0.058333333333333334 0.0675
0 0.9625 0.76875 0.07166666666666667 0.0825
