0 0.7513888888888889 0.16666666666666669 0.11388888888888889 0.15555555555555556
0 0.6263888888888889 0.912962962962963 0.2138888888888889 0.17407407407407408
0 0.47361111111111115 0.5 0.09722222222222222 0.16296296296296298
0 0.23055555555555557 0.6666666666666667 0.15555555555555556 0.17037037037037037
0 0.5847222222222223 0.7222222222222222 0.1527777777777778 0.21481481481481482
0 0.7541666666666667 0.4425925925925926 0.13055555555555556 0.16666666666666669
0 0.4013888888888889 0.5222222222222223 0.14166666666666666 0.1925925925925926
0 0.5847222222222223 0.5444444444444445 0.11944444444444445 0.14074074074074075
0 0.30833333333333335 0.7166666666666667 0.1 0.16666666666666669
0 0.675 0.6518518518518519 0.1 0.14074074074074075
