0 0.168 0.7066666666666667 0.19 0.23466666666666666
0 0.046 0.19466666666666665 0.088 0.2853333333333333
0 0.084 0.5553333333333333 0.158 0.24933333333333332
0 0.4235 0.9226666666666666 0.20700000000000002 0.15466666666666667
0 0.588 0.5706666666666667 0.214 0.2613333333333333
0 0.8245 0.8873333333333333 0.209 0.20666666666666667
0 0.9440000000000001 0.9346666666666666 0.112 0.13066666666666665
0 0.3935 0.3293333333333333 0.20700000000000002 0.25866666666666666
0 0.797 0.6766666666666666 0.214 0.26
0 0.23850000000000002 0.834 0.23700000000000002 0.30266666666666664
0 0.584 0.8446666666666667 0.23600000000000002 0.29733333333333334
0 0.9275 0.6213333333333333 0.145 0.25866666666666666
0 0.723 0.438 0.196 0.26
0 0.93 0.8093333333333333 0.13 0.15733333333333333
0 0.907 0.40399999999999997 0.186 0.2533333333333333
0 0.8985 0.12133333333333333 0.129 0.14666666666666667
0 0.289 0.092 0.16 0.18133333333333332
0 0.64 0.09533333333333333 0.126 0.172
0 0.76 0.12733333333333333 0.166 0.14266666666666666
0 0.4615 0.17266666666666666 0.159 0.204
0 0.0855 0.9119999999999999 0.147 0.16799999999999998
0 0.9105 0.22733333333333333 0.145 0.172
0 0.1095 0.051333333333333335 0.147 0.09466666666666666
0 0.762 0.26266666666666666 0.176 0.21333333333333332
0 0.4905 0.494 0.149 0.22
0 0.276 0.4613333333333333 0.20600000000000002 0.256
0 0.592 0.2653333333333333 0.186 0.27199999999999996
0 0.376 0.6553333333333333 0.20600000000000002 0.2813333333333333
0 0.1935 0.5499999999999999 0.11900000000000001 0.164
0 0.1625 0.27199999999999996 0.193 0.27199999999999996
