0 0.8430353430353431 0.9078125 0.060291060291060294 0.053125000000000006
0 0.02390852390852391 0.5109375 0.04365904365904366 0.06875
0 0.060291060291060294 0.47968750000000004 0.079002079002079 0.05625
0 0.20062370062370063 0.040625 0.08523908523908524 0.06875
0 0.7941787941787942 0.66171875 0.05405405405405406 0.0390625
0 0.2661122661122661 0.7039062500000001 0.05405405405405406 0.0421875
0 0.3503118503118503 0.80625 0.05197505197505198 0.043750000000000004
0 0.3066528066528067 0.7468750000000001 0.04781704781704782 0.037500000000000006
0 0.2692307692307693 0.48359375000000004 0.060291060291060294 0.0390625
0 0.2869022869022869 0.2171875 0.058212058212058215 0.046875
0 0.2577962577962578 0.6531250000000001 0.058212058212058215 0.046875
