0 0.48281250000000003 0.24083769633507854 0.043750000000000004 0.07853403141361257
0 0.83359375 0.4476439790575916 0.0703125 0.11518324607329844
0 0.36875 0.4947643979057592 0.040625 0.07329842931937174
0 0.1390625 0.27356020942408377 0.046875 0.07591623036649216
0 0.71875 0.46335078534031415 0.078125 0.13089005235602094
0 0.675 0.20026178010471204 0.05 0.0968586387434555
0 0.28125 0.2683246073298429 0.046875 0.08115183246073299
0 0.8992187500000001 0.40314136125654454 0.0765625 0.1099476439790576
0 0.19843750000000002 0.5510471204188482 0.043750000000000004 0.07591623036649216
0 0.7640625000000001 0.6884816753926702 0.08750000000000001 0.15706806282722513
0 0.33515625000000004 0.2591623036649215 0.045312500000000006 0.07853403141361257
0 0.75 0.2342931937172775 0.09062500000000001 0.11780104712041886
0 0.7421875 0.3468586387434555 0.09062500000000001 0.13350785340314136
