0 0.17450000000000002 0.8185053380782917 0.063 0.0889679715302491
0 0.8 0.648576512455516 0.078 0.14768683274021352
0 0.5585 0.7233096085409252 0.067 0.1298932384341637
0 0.874 0.6770462633451957 0.08 0.14056939501779359
0 0.6245 0.6530249110320284 0.067 0.12811387900355872
0 0.9495 0.7419928825622776 0.093 0.11032028469750889
0 0.5085000000000001 0.6672597864768683 0.067 0.13167259786476868
0 0.9275 0.9306049822064056 0.057 0.09252669039145907
0 0.1895 0.7144128113879004 0.099 0.10854092526690391
0 0.3295 0.6966192170818505 0.093 0.15480427046263345
0 0.9520000000000001 0.6379003558718861 0.096 0.1583629893238434
0 0.7415 0.8745551601423487 0.045 0.09074733096085409
0 0.874 0.7766903914590747 0.076 0.08362989323843416
0 0.23550000000000001 0.5782918149466192 0.097 0.199288256227758
0 0.808 0.7749110320284697 0.052000000000000005 0.08718861209964412
0 0.6205 0.5293594306049821 0.091 0.11565836298932383
0 0.0965 0.8176156583629893 0.065 0.11209964412811388
0 0.708 0.7339857651245552 0.07200000000000001 0.10854092526690391
0 0.2515 0.7784697508896796 0.083 0.14768683274021352
0 0.4605 0.5622775800711743 0.043000000000000003 0.07117437722419928
0 0.1645 0.5204626334519573 0.185 0.27580071174377224
0 0.7125 0.5258007117437722 0.069 0.11565836298932383
0 0.6155 0.4270462633451957 0.097 0.18149466192170818
