0 0.8274449564772145 0.11895321173671689 0.051203277009728626 0.06978588421887391
0 0.6973886328725039 0.9020618556701031 0.155657962109575 0.19270420301348137
0 0.716589861751152 0.5610626486915147 0.1039426523297491 0.1578112609040444
0 0.4959037378392217 0.23354480570975417 0.05069124423963134 0.06423473433782712
0 0.6523297491039427 0.7192704203013481 0.12186379928315412 0.19032513877874702
0 0.5504352278545827 0.6316415543219667 0.10343061955965181 0.16574147501982553
0 0.7107014848950333 0.1423473433782712 0.05325140809011777 0.0689928628072958
0 0.5133128520225294 0.4107850911974623 0.09267793138760881 0.14274385408406026
0 0.8870967741935484 0.35130848532910386 0.07731694828469023 0.07295796986518636
0 0.543778801843318 0.18715305313243458 0.06554019457245264 0.09516256938937351
0 0.7580645161290323 0.0816812053925456 0.05683563748079877 0.07613005551149882
0 0.09242191500256017 0.024187153053132435 0.05888376856118792 0.046788263283108644
0 0.4621095750128008 0.7823156225218081 0.09984639016897082 0.15939730372720062
0 0.35432667690732206 0.43616177636796194 0.05427547363031234 0.13322759714512292
0 0.8504864311315924 0.06026962727993656 0.05017921146953405 0.08723235527359238
0 0.06810035842293907 0.507137192704203 0.09011776753712238 0.13402061855670103
0 0.3087557603686636 0.19627279936558287 0.07270865335381464 0.09278350515463918
0 0.04864311315924219 0.168913560666138 0.07578084997439836 0.10467882632831087
0 0.31618023553507424 0.1288659793814433 0.055811571940604196 0.04361617763679619
0 0.053763440860215055 0.922283901665345 0.10547875064004096 0.15543219666931007
0 0.13287250384024576 0.18199841395717684 0.0742447516641065 0.07850911974623315
0 0.6113671274961597 0.4920697858842189 0.10343061955965181 0.168913560666138
0 0.27112135176651303 0.3885804916732752 0.10599078341013825 0.13639968279143536
0 0.23553507424475167 0.9666931007137193 0.09421402969790066 0.06661379857256146
0 0.9587813620071685 0.43180015860428234 0.07936507936507936 0.11657414750198256
0 0.8059395801331285 0.6701030927835051 0.12391193036354327 0.1586042823156225
0 0.5791090629800307 0.26288659793814434 0.07680491551459294 0.11498810467882632
0 0.33691756272401435 0.31601903251387786 0.07680491551459294 0.10547184773988898
0 0.14004096262160778 0.8513084853291039 0.11213517665130568 0.14036478984932593
0 0.8599590373783922 0.8695479777954005 0.17972350230414746 0.2577319587628866
0 0.9175627240143369 0.6348136399682791 0.11879160266257041 0.15305313243457574
0 0.15488991295442908 0.5344964314036479 0.1039426523297491 0.11895321173671689
0 0.41141833077316947 0.42942109436954795 0.09575012800819252 0.14829500396510706
0 0.06554019457245264 0.34337827121332276 0.09114183307731695 0.12846946867565423
0 0.11725550435227855 0.9563838223632039 0.11674347158218126 0.08723235527359238
0 0.6149513568868408 0.13560666137985725 0.06349206349206349 0.09040444091990484
0 0.38274449564772145 0.2541633624107851 0.07219662058371736 0.09754163362410785
0 0.7457757296466974 0.19072164948453607 0.05888376856118792 0.0880253766851705
0 0.5552995391705069 0.03013481363996828 0.04249871991807476 0.05868358445678033
0 0.45186891961085507 0.07494052339413164 0.051715309779825906 0.08485329103885805
0 0.18151561699948796 0.27478191911181604 0.09267793138760881 0.12450436161776368
0 0.5916538658474142 0.05075337034099921 0.05069124423963134 0.063441712926249
0 0.8776241679467486 0.422680412371134 0.08806963645673323 0.08564631245043616
0 0.7634408602150538 0.02656621728786677 0.05632360471070148 0.05154639175257732
0 0.9336917562724014 0.7835051546391752 0.13261648745519714 0.22839016653449642
0 0.18125960061443933 0.02458366375892149 0.06144393241167435 0.047581284694686754
0 0.21172555043522787 0.9052339413164155 0.09267793138760881 0.12767644726407612
0 0.8589349718381977 0.3021411578112609 0.07219662058371736 0.08564631245043616
0 0.5660522273425499 0.9468675654242664 0.10701484895033282 0.10626486915146709
0 0.7329749103942652 0.7668517049960349 0.11930363543266768 0.17129262490087233
0 0.9306195596518178 0.13679619349722444 0.0629800307219662 0.08643933386201427
0 0.24321556579621095 0.5130848532910388 0.11059907834101382 0.15543219666931007
0 0.9080901177675371 0.06740681998413957 0.05683563748079877 0.09516256938937351
0 0.44367639528929853 0.3061062648691515 0.07117255504352278 0.10785091197462332
0 0.7339989759344598 0.2589214908802538 0.07936507936507936 0.1070578905630452
0 0.4685099846390169 0.5154639175257733 0.10547875064004096 0.1570182394924663
0 0.819252432155658 0.5182394924662966 0.11981566820276497 0.1625693893735131
0 0.12980030721966207 0.41712926249008725 0.1080389144905274 0.1506740681998414
0 0.4073220686123912 0.10745440126883427 0.05888376856118792 0.07375099127676447
0 0.134152585765489 0.02775574940523394 0.039938556067588324 0.04282315622521808
0 0.018689196108550948 0.05908009516256939 0.03635432667690732 0.0816812053925456
0 0.6574500768049155 0.17525773195876287 0.06349206349206349 0.10309278350515463
0 0.2416794674859191 0.23790642347343377 0.08704557091653865 0.12053925455987312
0 0.5458269329237071 0.781919111816019 0.08806963645673323 0.13005551149881048
0 0.7153097798259088 0.32117367168913563 0.05222734254992319 0.041237113402061855
0 0.630568356374808 0.22799365582870737 0.0670762928827445 0.09119746233148295
0 0.9672299027137736 0.091593973037272 0.05427547363031234 0.07850911974623315
0 0.6474654377880185 0.30055511498810467 0.08038914490527393 0.07613005551149882
0 0.45468509984639016 0.6482950039651071 0.09728622631848438 0.12450436161776368
0 0.6822836661546339 0.4191118160190325 0.10291858678955453 0.1260904044409199
