0 0.065 0.18500000000000003 0.12333333333333334 0.1366666666666667
0 0.25333333333333335 0.8866666666666667 0.24666666666666667 0.22
0 0.06833333333333334 0.4216666666666667 0.13 0.12333333333333334
0 0.115 0.6183333333333334 0.21666666666666667 0.14333333333333334
0 0.32333333333333336 0.24000000000000002 0.13333333333333333 0.12666666666666668
0 0.4633333333333334 0.8183333333333334 0.22 0.19666666666666668
0 0.5800000000000001 0.3116666666666667 0.19333333333333336 0.20333333333333334
0 0.645 0.8066666666666668 0.17666666666666667 0.12000000000000001
0 0.43500000000000005 0.39666666666666667 0.18333333333333335 0.15333333333333335
0 0.6616666666666667 0.6716666666666667 0.21000000000000002 0.23
0 0.10166666666666667 0.07166666666666667 0.11666666666666667 0.13
0 0.15666666666666668 0.11333333333333334 0.14666666666666667 0.14666666666666667
0 0.8150000000000001 0.6883333333333334 0.1366666666666667 0.14333333333333334
0 0.6833333333333333 0.20500000000000002 0.17333333333333334 0.14333333333333334
0 0.16833333333333333 0.3166666666666667 0.14333333333333334 0.14
0 0.4666666666666667 0.14333333333333334 0.13333333333333333 0.13333333333333333
0 0.45 0.05 0.14666666666666667 0.09333333333333334
0 0.28833333333333333 0.08166666666666667 0.1366666666666667 0.13
0 0.8583333333333334 0.32 0.17 0.13333333333333333
0 0.24333333333333335 0.4733333333333334 0.2 0.2
0 0.91 0.06666666666666667 0.17333333333333334 0.12666666666666668
0 0.29833333333333334 0.7066666666666667 0.14333333333333334 0.19333333333333336
0 0.04166666666666667 0.305 0.07666666666666667 0.14333333333333334
0 0.7250000000000001 0.42500000000000004 0.3166666666666667 0.30333333333333334
0 0.13166666666666668 0.7483333333333334 0.22333333333333336 0.21666666666666667
0 0.4316666666666667 0.6616666666666667 0.2366666666666667 0.2366666666666667
