0 0.3385899814471243 0.8355911330049262 0.20222634508348794 0.13669950738916256
0 0.3784786641929499 0.1853448275862069 0.1410018552875696 0.1416256157635468
0 0.862708719851577 0.17426108374384236 0.0816326530612245 0.0874384236453202
0 0.6122448979591837 0.18472906403940886 0.1038961038961039 0.09852216748768473
0 0.7439703153988868 0.18719211822660098 0.21150278293135436 0.13793103448275862
0 0.8432282003710575 0.8552955665024631 0.1725417439703154 0.12192118226600986
0 0.6697588126159555 0.5141625615763546 0.23747680890538034 0.16625615763546797
0 0.25139146567717996 0.7721674876847291 0.17996289424860853 0.08374384236453201
0 0.23191094619666047 0.1939655172413793 0.24489795918367346 0.16379310344827586
0 0.839517625231911 0.48460591133004927 0.18738404452690166 0.1416256157635468
0 0.18274582560296845 0.5049261083743842 0.2430426716141002 0.16009852216748768
0 0.7690166975881262 0.7998768472906405 0.13172541743970315 0.05541871921182266
0 0.3534322820037106 0.5024630541871922 0.18738404452690166 0.14532019704433496
0 0.6966604823747681 0.8577586206896551 0.14656771799628943 0.09975369458128079
