0 0.5383333333333333 0.405 0.25 0.26333333333333336
0 0.4166666666666667 0.9 0.2866666666666667 0.2
0 0.2566666666666667 0.6016666666666667 0.26 0.2833333333333333
0 0.48000000000000004 0.6716666666666667 0.26 0.29000000000000004
0 0.5750000000000001 0.15166666666666667 0.24333333333333335 0.24333333333333335
0 0.125 0.3166666666666667 0.2366666666666667 0.26666666666666666
0 0.33333333333333337 0.3516666666666667 0.24000000000000002 0.26333333333333336
0 0.8116666666666668 0.17500000000000002 0.2366666666666667 0.27
0 0.2066666666666667 0.8650000000000001 0.25333333333333335 0.27
0 0.6950000000000001 0.915 0.27 0.17
0 0.08 0.5683333333333334 0.15333333333333335 0.29000000000000004
0 0.7300000000000001 0.6916666666666668 0.26 0.2833333333333333
0 0.7583333333333334 0.43333333333333335 0.25 0.25333333333333335
0 0.15333333333333335 0.1 0.22666666666666668 0.19333333333333336
0 0.36333333333333334 0.11833333333333335 0.22666666666666668 0.23
