0 0.316 0.07572868428221194 0.4613333333333333 0.02669572323617543
0 0.42466666666666664 0.24673113593026424 0.31866666666666665 0.03445927540179788
0 0.16266666666666665 0.09874693543993462 0.32266666666666666 0.032961046036502316
0 0.4613333333333333 0.7254154181421956 0.3893333333333333 0.038953963497684554
0 0.6166666666666667 0.7010351402887497 0.348 0.028330155271043312
0 0.6366666666666666 0.40200217924271314 0.33466666666666667 0.031462816671206754
0 0.816 0.7162898392808499 0.368 0.03677472078452738
0 0.7313333333333333 0.74325796785617 0.31066666666666665 0.022337237809861073
0 0.37066666666666664 0.39934622718605284 0.2773333333333333 0.031871424679923724
0 0.2806666666666667 0.6186325251974939 0.428 0.048760555706891855
0 0.504 0.48610732770362297 0.35466666666666663 0.02560610187959684
0 0.5466666666666666 0.5390901661672569 0.448 0.02669572323617543
0 0.696 0.09350313266140016 0.4613333333333333 0.03445927540179788
0 0.24 0.7282075728684282 0.22133333333333333 0.025469899210024516
0 0.8086666666666666 0.2399891037864342 0.372 0.03650231544538273
0 0.5033333333333333 0.824502860256061 0.5666666666666667 0.053527649141923185
0 0.718 0.6202669572323618 0.564 0.06319803868155816
0 0.9239999999999999 0.7374693543993462 0.152 0.03418687006265323
0 0.782 0.8132661400163443 0.4333333333333333 0.05230182511577227
0 0.5426666666666666 0.12128847725415419 0.45599999999999996 0.026559520566603104
0 0.13666666666666666 0.2604876055570689 0.2573333333333333 0.021111413783710162
0 0.2513333333333333 0.5131435576137292 0.4413333333333333 0.04290384091528194
0 0.8213333333333334 0.07423045491691638 0.35733333333333334 0.03650231544538273
0 0.54 0.21928629801144103 0.36533333333333334 0.031054208662489785
0 0.27666666666666667 0.8112230999727594 0.49466666666666664 0.05012258240261509
0 0.6893333333333334 0.508853173522201 0.3813333333333333 0.040043584854263146
0 0.5553333333333333 0.9269953691092345 0.876 0.07818033233451376
