0 0.15759408602150538 0.1754032258064516 0.1821236559139785 0.13608870967741934
0 0.9054099462365592 0.7780997983870968 0.18581989247311828 0.1484375
0 0.9361559139784947 0.3733618951612903 0.12768817204301075 0.10609879032258064
0 0.10383064516129033 0.481476814516129 0.20228494623655915 0.14339717741935484
0 0.8328293010752689 0.536164314516129 0.20463709677419356 0.11819556451612903
0 0.46320564516129037 0.29989919354838707 0.1636424731182796 0.11945564516129031
0 0.06334005376344086 0.36189516129032256 0.12600806451612903 0.1376008064516129
0 0.8203965053763441 0.22605846774193547 0.15625 0.10080645161290322
0 0.08047715053763442 0.8840725806451613 0.16028225806451615 0.1502016129032258
0 0.8116599462365592 0.4271673387096774 0.16498655913978497 0.09979838709677419
0 0.43918010752688175 0.13230846774193547 0.14448924731182797 0.11290322580645161
0 0.08988575268817205 0.7360131048387096 0.1790994623655914 0.16305443548387097
0 0.8664314516129032 0.6496975806451613 0.19791666666666669 0.13558467741935484
0 0.2698252688172043 0.36063508064516125 0.1948924731182796 0.12046370967741934
0 0.6502016129032259 0.40524193548387094 0.16935483870967744 0.10181451612903225
0 0.2804099462365592 0.7253024193548386 0.19791666666666669 0.1461693548387097
0 0.2790658602150538 0.8605090725806451 0.19858870967741937 0.14692540322580644
0 0.6517137096774194 0.4998739919354839 0.17237903225806453 0.10509072580645161
0 0.7073252688172044 0.7219002016129032 0.1948924731182796 0.1297883064516129
0 0.794858870967742 0.3235887096774194 0.16633064516129034 0.11391129032258064
0 0.11155913978494625 0.06842237903225806 0.15255376344086022 0.09047379032258064
0 0.9346438172043011 0.9472026209677419 0.13071236559139787 0.10559475806451613
0 0.9361559139784947 0.2786038306451613 0.12768817204301075 0.0985383064516129
0 0.2615927419354839 0.042464717741935484 0.1401209677419355 0.07132056451612903
0 0.5502352150537635 0.0846774193548387 0.13877688172043012 0.08568548387096774
0 0.4566532258064516 0.39478326612903225 0.15927419354838712 0.09400201612903225
0 0.47496639784946243 0.4879032258064516 0.18716397849462368 0.10534274193548387
0 0.290994623655914 0.9579133064516129 0.24798387096774197 0.08417338709677419
0 0.7251344086021506 0.8528225806451613 0.23521505376344087 0.1532258064516129
0 0.08770161290322581 0.6024445564516129 0.16666666666666669 0.1237399193548387
0 0.6750672043010754 0.22933467741935484 0.15793010752688175 0.10534274193548387
0 0.5433467741935484 0.9465725806451613 0.23790322580645162 0.09879032258064516
0 0.9470766129032259 0.4809727822580645 0.10584677419354839 0.1171875
0 0.47479838709677424 0.2162298387096774 0.1431451612903226 0.08971774193548387
0 0.6560819892473119 0.6055947580645161 0.16969086021505378 0.11945564516129031
0 0.4756384408602151 0.8451360887096774 0.19993279569892475 0.1358366935483871
0 0.2914986559139785 0.46610383064516125 0.1797715053763441 0.12273185483870967
0 0.7679771505376345 0.9610635080645161 0.22681451612903228 0.07182459677419355
0 0.6392809139784946 0.3092237903225806 0.15625 0.10080645161290322
0 0.13155241935483872 0.29448084677419356 0.17237903225806453 0.11517137096774194
0 0.5791330645161291 0.16078629032258063 0.15221774193548387 0.12399193548387097
0 0.2746975806451613 0.5882056451612903 0.2073252688172043 0.13911290322580644
0 0.2923387096774194 0.2678931451612903 0.16935483870967744 0.10735887096774194
0 0.4719422043010753 0.5975302419354839 0.19590053763440862 0.13356854838709678
0 0.5124327956989247 0.7225302419354839 0.19825268817204303 0.13961693548387097
0 0.31518817204301075 0.1693548387096774 0.16129032258064518 0.11391129032258064
