0 0.6625000000000001 0.5355769230769231 0.2519230769230769 0.24423076923076925
0 0.19423076923076923 0.7980769230769231 0.27692307692307694 0.2730769230769231
0 0.7471153846153846 0.42115384615384616 0.2173076923076923 0.2
0 0.9 0.5951923076923077 0.2 0.21346153846153848
0 0.4913461538461539 0.8701923076923077 0.30192307692307696 0.2326923076923077
0 0.4240384615384616 0.4951923076923077 0.22884615384615387 0.1980769230769231
0 0.5971153846153846 0.7028846153846154 0.22884615384615387 0.2519230769230769
0 0.11538461538461539 0.5740384615384616 0.22692307692307695 0.225
0 0.11826923076923078 0.15192307692307694 0.12884615384615386 0.11538461538461539
0 0.8355769230769231 0.7471153846153846 0.30192307692307696 0.22884615384615387
0 0.3423076923076923 0.6163461538461539 0.24230769230769234 0.1980769230769231
0 0.9298076923076923 0.45096153846153847 0.14038461538461539 0.15192307692307694
