0 0.268125 0.23 0.10875 0.10250000000000001
0 0.3975 0.886875 0.11 0.11125
0 0.299375 0.8612500000000001 0.12125 0.1075
0 0.244375 0.125 0.11125 0.095
0 0.620625 0.88125 0.16875 0.1675
0 0.52875 0.97375 0.125 0.0525
0 0.795625 0.7312500000000001 0.12625 0.11750000000000001
0 0.610625 0.5875 0.11625 0.1325
0 0.353125 0.968125 0.10875 0.06375
0 0.056875 0.23 0.10625 0.1075
0 0.6475 0.3375 0.105 0.10250000000000001
0 0.91125 0.195625 0.08 0.10125
0 0.80125 0.623125 0.13 0.12375
0 0.745625 0.53 0.12375 0.115
0 0.64375 0.226875 0.11750000000000001 0.12125
0 0.67125 0.685 0.1275 0.125
0 0.309375 0.93875 0.09375 0.0625
0 0.5225 0.62375 0.105 0.105
0 0.4575 0.719375 0.0925 0.11375
0 0.201875 0.45 0.12375 0.11750000000000001
0 0.7325 0.246875 0.10250000000000001 0.12375
0 0.0675 0.16875 0.1075 0.09
0 0.45 0.618125 0.0675 0.09375
0 0.138125 0.135 0.10125 0.105
0 0.528125 0.53625 0.09375 0.0925
0 0.699375 0.800625 0.11875000000000001 0.11125
0 0.35375 0.295625 0.0975 0.12375
0 0.170625 0.270625 0.11875000000000001 0.11625
0 0.449375 0.038125 0.06625 0.06125
0 0.618125 0.49 0.10875 0.09
0 0.051875000000000004 0.336875 0.10125 0.11875000000000001
0 0.819375 0.30625 0.12625 0.10250000000000001
0 0.8325 0.204375 0.115 0.11375
0 0.5543750000000001 0.74 0.13375 0.155
0 0.04625 0.076875 0.09 0.10875
0 0.14250000000000002 0.38375000000000004 0.1325 0.12
0 0.769375 0.388125 0.12375 0.10125
0 0.703125 0.144375 0.09875 0.10125
0 0.246875 0.33375 0.11375 0.11
0 0.544375 0.059375000000000004 0.12375 0.11625
0 0.923125 0.295625 0.09875 0.10625
0 0.293125 0.433125 0.10375000000000001 0.11375
