0 0.19083333333333335 0.6066666666666667 0.055 0.057777777777777775
0 0.025 0.63 0.04666666666666667 0.07777777777777778
0 0.14250000000000002 0.5911111111111111 0.055 0.04888888888888889
0 0.645 0.68 0.07666666666666667 0.10222222222222223
0 0.48833333333333334 0.8255555555555556 0.10666666666666667 0.12222222222222222
0 0.13333333333333333 0.52 0.05333333333333334 0.04888888888888889
0 0.5291666666666667 0.9288888888888889 0.135 0.13333333333333333
0 0.8275 0.7055555555555556 0.07500000000000001 0.10444444444444445
0 0.47500000000000003 0.7111111111111111 0.1 0.09777777777777778
0 0.6950000000000001 0.7277777777777777 0.10666666666666667 0.13111111111111112
0 0.8166666666666668 0.4088888888888889 0.10333333333333335 0.12
0 0.09000000000000001 0.5977777777777777 0.05333333333333334 0.057777777777777775
0 0.5716666666666667 0.6566666666666666 0.08333333333333334 0.10444444444444445
0 0.5466666666666667 0.7144444444444444 0.07666666666666667 0.1
0 0.6308333333333334 0.8255555555555556 0.12166666666666667 0.1622222222222222
0 0.7566666666666667 0.8444444444444444 0.13 0.14666666666666667
0 0.7766666666666667 0.9322222222222222 0.1366666666666667 0.13555555555555557
0 0.7925000000000001 0.7566666666666667 0.10166666666666667 0.13111111111111112
0 0.39333333333333337 0.7477777777777778 0.08333333333333334 0.06444444444444444
0 0.5700000000000001 0.3977777777777778 0.09000000000000001 0.11555555555555555
0 0.1975 0.9088888888888889 0.11833333333333335 0.10222222222222223
0 0.37583333333333335 0.8366666666666667 0.11166666666666668 0.12666666666666668
0 0.043333333333333335 0.8544444444444445 0.08333333333333334 0.13111111111111112
0 0.13583333333333333 0.8377777777777777 0.125 0.13333333333333333
0 0.8675 0.8333333333333334 0.115 0.14666666666666667
