0 0.5765625 0.7430769230769231 0.11875000000000001 0.24923076923076923
0 0.2390625 0.3523076923076923 0.1375 0.2676923076923077
0 0.0859375 0.7230769230769231 0.125 0.24
0 0.7507812500000001 0.78 0.1171875 0.23692307692307693
0 0.57265625 0.34 0.1234375 0.2553846153846154
0 0.74140625 0.3569230769230769 0.1328125 0.2523076923076923
0 0.91171875 0.7753846153846153 0.11406250000000001 0.27076923076923076
0 0.08125 0.3446153846153846 0.12812500000000002 0.24615384615384617
0 0.24531250000000002 0.7307692307692307 0.125 0.24923076923076923
0 0.4078125 0.34923076923076923 0.13125 0.24307692307692308
0 0.9085937500000001 0.34307692307692306 0.1296875 0.26153846153846155
0 0.421875 0.7630769230769231 0.125 0.2523076923076923
