0 0.6402777777777778 0.15565031982942432 0.09537037037037037 0.24733475479744135
0 0.7518518518518519 0.1673773987206823 0.09444444444444444 0.21108742004264391
0 0.39537037037037037 0.8368869936034115 0.08333333333333334 0.15991471215351813
0 0.6407407407407407 0.8294243070362474 0.0925925925925926 0.17484008528784648
0 0.4087962962962963 0.16098081023454158 0.10648148148148148 0.21961620469083154
0 0.27361111111111114 0.8017057569296375 0.11018518518518519 0.2302771855010661
0 0.513888888888889 0.814498933901919 0.1 0.2046908315565032
0 0.7620370370370371 0.8230277185501066 0.09814814814814815 0.18763326226012794
0 0.6435185185185185 0.46588486140724944 0.11666666666666667 0.2878464818763326
0 0.38287037037037036 0.47867803837953093 0.11203703703703705 0.2835820895522388
0 0.28240740740740744 0.1300639658848614 0.10555555555555556 0.2515991471215352
0 0.5148148148148148 0.4840085287846482 0.11296296296296297 0.2601279317697228
0 0.5277777777777778 0.15991471215351813 0.09074074074074075 0.21321961620469082
0 0.25324074074074077 0.47974413646055436 0.10462962962962963 0.26439232409381663
0 0.7666666666666667 0.509594882729211 0.09814814814814815 0.22174840085287845
