0 0.9542857142857143 0.314 0.09142857142857143 0.296
0 0.8628571428571429 0.135 0.20285714285714285 0.258
0 0.435 0.301 0.21857142857142858 0.28600000000000003
0 0.06785714285714285 0.877 0.13285714285714287 0.246
0 0.5914285714285714 0.876 0.22857142857142856 0.248
0 0.2957142857142857 0.123 0.21428571428571427 0.242
0 0.29714285714285715 0.873 0.22 0.254
0 0.5928571428571429 0.505 0.2257142857142857 0.278
0 0.8842857142857142 0.505 0.20857142857142857 0.302
0 0.8778571428571429 0.873 0.21285714285714286 0.254
0 0.5907142857142857 0.129 0.20714285714285716 0.254
0 0.29428571428571426 0.871 0.22 0.246
0 0.9564285714285714 0.714 0.08714285714285715 0.292
0 0.155 0.312 0.2042857142857143 0.292
0 0.06285714285714286 0.138 0.12285714285714286 0.264
0 0.7428571428571429 0.6880000000000001 0.20857142857142857 0.304
0 0.7357142857142858 0.307 0.20857142857142857 0.29
0 0.15642857142857142 0.6900000000000001 0.20714285714285716 0.3
0 0.44142857142857145 0.683 0.2057142857142857 0.294
0 0.06 0.485 0.11714285714285715 0.302
0 0.29714285714285715 0.505 0.21142857142857144 0.29
