0 0.5161290322580645 0.5370967741935484 0.2129032258064516 0.17096774193548386
0 0.5032258064516129 0.44516129032258067 0.21935483870967742 0.12258064516129032
0 0.6725806451612903 0.8064516129032258 0.22258064516129034 0.21935483870967742
0 0.22580645161290322 0.6161290322580645 0.08387096774193549 0.07741935483870968
0 0.38387096774193546 0.19193548387096773 0.2129032258064516 0.19032258064516128
0 0.4870967741935484 0.6741935483870968 0.22580645161290322 0.12903225806451613
0 0.7451612903225806 0.5774193548387097 0.1935483870967742 0.17419354838709677
0 0.7725806451612903 0.31290322580645163 0.22258064516129034 0.2064516129032258
0 0.5758064516129032 0.2870967741935484 0.24193548387096775 0.21935483870967742
0 0.4467741935483871 0.7661290322580645 0.24193548387096775 0.17096774193548386
