0 0.0484375 0.3126463700234192 0.0625 0.09601873536299765
0 0.6671875 0.6814988290398126 0.13125 0.20608899297423888
0 0.42031250000000003 0.29859484777517564 0.08125 0.1053864168618267
0 0.11171875 0.594847775175644 0.1046875 0.11241217798594848
0 0.6890625 0.45550351288056207 0.1 0.14754098360655737
0 0.7125 0.22833723653395785 0.065625 0.07728337236533958
0 0.9304687500000001 0.3091334894613583 0.09531250000000001 0.13114754098360656
0 0.178125 0.4098360655737705 0.10312500000000001 0.1451990632318501
0 0.57421875 0.5550351288056206 0.1171875 0.19672131147540983
0 0.259375 0.5960187353629977 0.10312500000000001 0.16627634660421545
0 0.8109375000000001 0.7189695550351288 0.125 0.1920374707259953
0 0.2421875 0.7681498829039812 0.115625 0.15456674473067916
0 0.0734375 0.4016393442622951 0.096875 0.12412177985948478
0 0.5296875 0.3091334894613583 0.084375 0.11241217798594848
0 0.45703125 0.6990632318501171 0.15156250000000002 0.21311475409836064
0 0.74140625 0.8173302107728337 0.1296875 0.16393442622950818
0 0.4375 0.9016393442622951 0.153125 0.19672131147540983
0 0.41484375 0.4133489461358314 0.1078125 0.1522248243559719
0 0.33984375 0.563231850117096 0.1015625 0.16627634660421545
0 0.30234375 0.40749414519906324 0.09843750000000001 0.11241217798594848
0 0.8250000000000001 0.2611241217798595 0.08750000000000001 0.11475409836065574
0 0.29375 0.29859484777517564 0.1 0.1288056206088993
0 0.6781250000000001 0.9004683840749415 0.146875 0.19437939110070257
0 0.48515625 0.2388758782201405 0.07968750000000001 0.117096018735363
0 0.23984375000000002 0.48360655737704916 0.09843750000000001 0.1288056206088993
0 0.8703125 0.40398126463700235 0.07500000000000001 0.11943793911007025
0 0.16796875 0.6756440281030445 0.09843750000000001 0.13817330210772832
0 0.596875 0.3430913348946136 0.09375 0.11943793911007025
0 0.9343750000000001 0.4765807962529274 0.10312500000000001 0.1288056206088993
0 0.45 0.5210772833723654 0.13125 0.18501170960187355
0 0.6937500000000001 0.32435597189695553 0.08750000000000001 0.13348946135831383
0 0.57421875 0.8208430913348946 0.1453125 0.21779859484777517
0 0.7671875 0.5655737704918032 0.11875000000000001 0.17096018735362997
