0 0.47733333333333333 0.696 0.19999999999999998 0.13333333333333333
0 0.27266666666666667 0.39399999999999996 0.16133333333333333 0.12933333333333333
0 0.25066666666666665 0.522 0.13333333333333333 0.13466666666666666
0 0.7846666666666666 0.29866666666666664 0.19866666666666666 0.16266666666666665
0 0.7566666666666666 0.06 0.18533333333333332 0.11733333333333333
0 0.36466666666666664 0.5619999999999999 0.23333333333333334 0.16666666666666666
0 0.6206666666666667 0.19866666666666666 0.19066666666666665 0.16266666666666665
0 0.5539999999999999 0.064 0.21466666666666667 0.12533333333333332
0 0.6253333333333333 0.6173333333333333 0.22666666666666666 0.17066666666666666
0 0.23666666666666666 0.6986666666666667 0.236 0.16
0 0.39199999999999996 0.436 0.19999999999999998 0.13333333333333333
0 0.328 0.11466666666666667 0.18933333333333333 0.16533333333333333
0 0.698 0.4933333333333333 0.22533333333333333 0.152
0 0.2553333333333333 0.2693333333333333 0.156 0.128
0 0.39599999999999996 0.306 0.18933333333333333 0.13466666666666666
0 0.576 0.36666666666666664 0.208 0.13866666666666666
0 0.84 0.6826666666666666 0.248 0.15466666666666667
0 0.48866666666666664 0.22266666666666665 0.15066666666666667 0.13866666666666666
