0 0.17 0.8842213114754098 0.07230769230769231 0.09631147540983608
0 0.47923076923076924 0.8831967213114754 0.07846153846153846 0.10245901639344263
0 0.13230769230769232 0.951844262295082 0.05846153846153846 0.08811475409836066
0 0.25384615384615383 0.9067622950819673 0.06461538461538462 0.08401639344262296
0 0.5192307692307693 0.7305327868852459 0.06615384615384616 0.07581967213114754
0 0.5253846153846153 0.9549180327868853 0.07846153846153846 0.0860655737704918
0 0.44384615384615383 0.9620901639344263 0.07538461538461538 0.07581967213114754
0 0.5507692307692308 0.9047131147540984 0.06769230769230769 0.08401639344262296
0 0.36538461538461536 0.8165983606557378 0.07538461538461538 0.09631147540983608
0 0.21 0.9456967213114754 0.07230769230769231 0.08401639344262296
0 0.29 0.8258196721311476 0.08461538461538462 0.09836065573770492
0 0.32153846153846155 0.9077868852459017 0.07692307692307693 0.09426229508196722
0 0.46076923076923076 0.7879098360655739 0.07846153846153846 0.09631147540983608
0 0.3984615384615385 0.8872950819672132 0.07692307692307693 0.09836065573770492
0 0.3515384615384615 0.9651639344262296 0.07538461538461538 0.06967213114754099
