0 0.30833333333333335 0.44583333333333336 0.27666666666666667 0.275
0 0.6658333333333334 0.09083333333333334 0.17500000000000002 0.16833333333333333
0 0.5891666666666667 0.47500000000000003 0.2783333333333334 0.25333333333333335
0 0.6341666666666667 0.7275 0.31833333333333336 0.30833333333333335
0 0.3241666666666667 0.7125 0.3116666666666667 0.3016666666666667
0 0.3491666666666667 0.08166666666666667 0.18166666666666667 0.14
0 0.8683333333333334 0.29583333333333334 0.2566666666666667 0.21833333333333335
0 0.085 0.6716666666666667 0.16666666666666669 0.25333333333333335
0 0.885 0.8325 0.22333333333333336 0.3216666666666667
0 0.8650000000000001 0.10500000000000001 0.23333333333333334 0.20333333333333334
0 0.8625 0.5375000000000001 0.275 0.3116666666666667
