0 0.42983870967741933 0.4955257270693512 0.0467741935483871 0.07829977628635347
0 0.3741935483870968 0.4988814317673378 0.06129032258064516 0.08948545861297538
0 0.5524193548387096 0.17002237136465323 0.08870967741935484 0.1297539149888143
0 0.2782258064516129 0.1487695749440716 0.08870967741935484 0.12751677852348994
0 0.4806451612903226 0.48769574944071586 0.06774193548387097 0.08501118568232661
0 0.08629032258064516 0.9530201342281879 0.06612903225806452 0.08501118568232661
0 0.7741935483870968 0.3187919463087248 0.1032258064516129 0.1319910514541387
0 0.17338709677419356 0.49105145413870244 0.13709677419354838 0.14541387024608501
0 0.08790322580645162 0.6230425055928411 0.16612903225806452 0.2348993288590604
0 0.9193548387096774 0.7192393736017897 0.12580645161290321 0.1588366890380313
0 0.2903225806451613 0.24384787472035793 0.054838709677419356 0.053691275167785234
0 0.6080645161290322 0.6051454138702461 0.09032258064516129 0.10961968680089486
0 0.4475806451612903 0.6017897091722595 0.056451612903225805 0.07606263982102908
0 0.625 0.4832214765100671 0.06612903225806452 0.07606263982102908
0 0.6241935483870967 0.22818791946308725 0.08387096774193549 0.11185682326621924
0 0.22016129032258064 0.1901565995525727 0.05967741935483871 0.06263982102908278
0 0.3814516129032258 0.31096196868008946 0.11129032258064517 0.13870246085011184
0 0.8733870967741936 0.1319910514541387 0.07903225806451612 0.1029082774049217
0 0.2161290322580645 0.8668903803131991 0.05806451612903226 0.07829977628635347
0 0.40080645161290324 0.1890380313199105 0.09516129032258064 0.12304250559284116
0 0.5443548387096774 0.2639821029082774 0.06935483870967742 0.08948545861297538
0 0.8209677419354838 0.6174496644295302 0.06129032258064516 0.09395973154362416
0 0.20967741935483872 0.24161073825503354 0.05806451612903226 0.053691275167785234
0 0.7419354838709677 0.5033557046979865 0.05806451612903226 0.06711409395973154
0 0.6919354838709677 0.62751677852349 0.04838709677419355 0.060402684563758385
0 0.23387096774193547 0.6431767337807606 0.12580645161290321 0.18120805369127516
0 0.9548387096774194 0.2919463087248322 0.09032258064516129 0.12304250559284116
0 0.6959677419354838 0.22706935123042504 0.06612903225806452 0.087248322147651
0 0.3903225806451613 0.6263982102908278 0.054838709677419356 0.08053691275167785
0 0.4782258064516129 0.035794183445190156 0.06290322580645161 0.06711409395973154
0 0.7701612903225806 0.21700223713646533 0.09838709677419355 0.09843400447427293
