0 0.5209090909090909 0.5679611650485437 0.19454545454545455 0.2378640776699029
0 0.7890909090909091 0.5097087378640777 0.09454545454545454 0.11650485436893203
0 0.6518181818181819 0.4344660194174757 0.13272727272727272 0.16019417475728154
0 0.36272727272727273 0.44296116504854366 0.19090909090909092 0.23058252427184464
0 0.5754545454545454 0.7803398058252426 0.10727272727272727 0.17718446601941745
0 0.6554545454545454 0.5898058252427184 0.1 0.16019417475728154
0 0.5281818181818182 0.3810679611650485 0.1690909090909091 0.18932038834951453
0 0.48545454545454547 0.8228155339805825 0.16727272727272727 0.22815533980582522
0 0.3409090909090909 0.7245145631067961 0.1690909090909091 0.24514563106796114
0 0.5581818181818182 0.2257281553398058 0.18181818181818182 0.24757281553398056
0 0.47 0.1711165048543689 0.15818181818181817 0.23058252427184464
