0 0.93375 0.6308333333333334 0.1275 0.16166666666666668
0 0.915625 0.8008333333333334 0.15375 0.195
0 0.833125 0.3891666666666667 0.08625000000000001 0.08833333333333333
0 0.15375 0.5175000000000001 0.15 0.20833333333333334
0 0.2125 0.3116666666666667 0.10250000000000001 0.08666666666666667
0 0.753125 0.7475 0.18625 0.24500000000000002
0 0.19125 0.9333333333333333 0.185 0.13333333333333333
0 0.36625 0.37083333333333335 0.0925 0.10500000000000001
0 0.623125 0.29083333333333333 0.04875 0.045000000000000005
0 0.365 0.6333333333333334 0.1375 0.17666666666666667
0 0.2175 0.6766666666666667 0.14250000000000002 0.15333333333333335
0 0.868125 0.9258333333333334 0.18625 0.14833333333333334
0 0.279375 0.45333333333333337 0.11875000000000001 0.11
0 0.61 0.8450000000000001 0.1775 0.21000000000000002
0 0.45875 0.9091666666666667 0.17 0.18166666666666667
0 0.761875 0.43000000000000005 0.10375000000000001 0.12666666666666668
0 0.2625 0.3766666666666667 0.10250000000000001 0.09333333333333334
0 0.48375 0.3716666666666667 0.1125 0.13333333333333333
0 0.464375 0.4991666666666667 0.14125000000000001 0.1716666666666667
0 0.693125 0.5933333333333334 0.15625 0.16
0 0.07187500000000001 0.3416666666666667 0.11375 0.13
0 0.305 0.8183333333333334 0.195 0.26333333333333336
0 0.048125 0.8650000000000001 0.09125 0.25333333333333335
0 0.879375 0.48833333333333334 0.13125 0.17
0 0.56125 0.44833333333333336 0.0775 0.10666666666666667
0 0.67125 0.4525 0.10250000000000001 0.13166666666666668
0 0.618125 0.3516666666666667 0.06625 0.07333333333333333
0 0.13125 0.7683333333333334 0.1925 0.25
0 0.476875 0.7541666666666668 0.15125 0.195
