0 0.67890625 0.04806565064478312 0.1421875 0.09378663540445487
0 0.35000000000000003 0.20164126611957794 0.11875000000000001 0.11019929660023446
0 0.58125 0.8446658851113715 0.21875 0.13716295427901523
0 0.059375000000000004 0.19929660023446658 0.115625 0.11723329425556857
0 0.78828125 0.20867526377491205 0.1328125 0.10316529894490034
0 0.59921875 0.123094958968347 0.11093750000000001 0.10316529894490034
0 0.6101562500000001 0.3927315357561547 0.1453125 0.11019929660023446
0 0.68671875 0.5246189917936693 0.17343750000000002 0.14185228604923797
0 0.384375 0.1148886283704572 0.11875000000000001 0.08909730363423211
0 0.16015625 0.08733880422039858 0.1421875 0.10199296600234466
0 0.0390625 0.29484173505275496 0.07500000000000001 0.11371629542790151
0 0.534375 0.44255568581477134 0.17500000000000002 0.13012895662368112
0 0.890625 0.742086752637749 0.215625 0.1547479484173505
0 0.10312500000000001 0.3546307151230949 0.178125 0.11137162954279015
0 0.4921875 0.585580304806565 0.153125 0.1254396248534584
0 0.21484375 0.6776084407971864 0.17343750000000002 0.1406799531066823
0 0.6828125 0.7004689331770222 0.2 0.15123094958968347
0 0.6625000000000001 0.3130128956623681 0.15625 0.11019929660023446
0 0.5 0.27725674091441965 0.14375000000000002 0.11371629542790151
0 0.09843750000000001 0.45486518171160606 0.15000000000000002 0.08440797186400938
0 0.6703125000000001 0.16236811254396247 0.1375 0.09261430246189917
0 0.87890625 0.5216881594372802 0.1921875 0.13833528722157093
0 0.3609375 0.7708089097303634 0.20625000000000002 0.14888628370457208
0 0.93359375 0.2174677608440797 0.1328125 0.14419695193434934
0 0.7835937500000001 0.09554513481828839 0.16718750000000002 0.11840562719812425
0 0.36640625000000004 0.30128956623681125 0.1609375 0.08909730363423211
0 0.11640625 0.5691676436107854 0.1953125 0.14185228604923797
0 0.34921875 0.6494724501758499 0.1609375 0.10550996483001171
0 0.47265625 0.07033997655334115 0.1328125 0.0984759671746776
0 0.30312500000000003 0.5357561547479484 0.19062500000000002 0.1313012895662368
0 0.7875000000000001 0.6418522860492379 0.16875 0.12778429073856976
0 0.2859375 0.05803048065650644 0.140625 0.09964830011723329
0 0.37109375 0.37924970691676435 0.1609375 0.123094958968347
0 0.52109375 0.719812426729191 0.1921875 0.1406799531066823
0 0.88046875 0.39742086752637745 0.17343750000000002 0.10550996483001171
0 0.56796875 0.2245017584994138 0.1203125 0.09495896834701055
0 0.27187500000000003 0.23329425556858147 0.14375000000000002 0.11254396248534583
0 0.27421875 0.14830011723329425 0.1171875 0.08558030480656506
0 0.26484375 0.42203985932004684 0.1703125 0.10316529894490034
0 0.16953125000000002 0.2737397420867526 0.1703125 0.1254396248534584
0 0.45703125 0.18405627198124266 0.1296875 0.10550996483001171
0 0.9296875 0.07033997655334115 0.140625 0.11019929660023446
0 0.1484375 0.16529894490035169 0.15625 0.10316529894490034
0 0.94453125 0.6406799531066822 0.11093750000000001 0.09495896834701055
0 0.828125 0.30656506447831183 0.1625 0.11137162954279015
0 0.6734375 0.24091441969519342 0.134375 0.062133645955451344
0 0.73828125 0.4554513481828839 0.1609375 0.09495896834701055
