0 0.34687500000000004 0.30620608899297425 0.265625 0.18384074941451992
0 0.6843750000000001 0.6065573770491803 0.35000000000000003 0.27400468384074944
0 0.48750000000000004 0.1358313817330211 0.284375 0.20374707259953162
0 0.1453125 0.5216627634660421 0.28750000000000003 0.24004683840749413
0 0.3921875 0.6738875878220141 0.33125000000000004 0.25175644028103045
0 0.15703125 0.1955503512880562 0.2390625 0.20843091334894615
0 0.6453125000000001 0.8852459016393442 0.375 0.2224824355971897
0 0.2015625 0.07259953161592506 0.25 0.14285714285714285
0 0.46171875 0.430327868852459 0.3359375 0.24707259953161592
0 0.10859375 0.800351288056206 0.21406250000000002 0.2611241217798595
0 0.13593750000000002 0.36826697892271665 0.25625000000000003 0.13466042154566746
0 0.87265625 0.75 0.2546875 0.24941451990632318
0 0.31015625 0.882903981264637 0.3171875 0.21779859484777517
0 0.875 0.5187353629976581 0.25 0.2224824355971897
0 0.7796875000000001 0.3044496487119438 0.31875000000000003 0.22950819672131148
0 0.6046875 0.7464871194379391 0.18125000000000002 0.09484777517564402
0 0.7507812500000001 0.11358313817330211 0.3015625 0.22482435597189696
