0 0.15599455040871935 0.8595505617977528 0.21117166212534058 0.14402451481103168
0 0.1416893732970027 0.17926455566905006 0.20708446866485014 0.16853932584269662
0 0.4816076294277929 0.3237997957099081 0.21662125340599453 0.1634320735444331
0 0.3044959128065395 0.7558733401430031 0.2302452316076294 0.17160367722165476
0 0.664850136239782 0.17722165474974463 0.20163487738419617 0.16649642492339123
0 0.7050408719346049 0.8993871297242084 0.1893732970027248 0.17262512768130747
0 0.5149863760217983 0.7834525025536262 0.22615803814713895 0.16547497446373852
0 0.8085831062670299 0.10980592441266598 0.20027247956403268 0.16649642492339123
0 0.8446866485013623 0.6787538304392238 0.24250681198910082 0.16853932584269662
0 0.9455040871934605 0.08273748723186926 0.10626702997275204 0.1634320735444331
0 0.555858310626703 0.4698672114402452 0.2316076294277929 0.17160367722165476
0 0.18528610354223432 0.6113381001021451 0.22343324250681199 0.16853932584269662
0 0.29155313351498635 0.13023493360572014 0.19618528610354222 0.15832482124616956
0 0.10694822888283378 0.7277834525025536 0.19754768392370572 0.15015321756894792
0 0.036103542234332424 0.7911133810010215 0.06948228882833787 0.11338100102145046
0 0.47411444141689374 0.9274770173646578 0.3433242506811989 0.14504596527068436
0 0.3017711171662125 0.4545454545454546 0.28201634877384196 0.1940755873340143
0 0.8821525885558583 0.3345250255362615 0.13487738419618528 0.15219611848825332
0 0.5088555858310626 0.12819203268641471 0.15667574931880107 0.14198161389172625
0 0.832425068119891 0.8079673135852912 0.21798365122615804 0.14096016343207354
0 0.9584468664850135 0.8677221654749745 0.08310626702997274 0.12768130745658837
0 0.26294277929155313 0.32431052093973445 0.2316076294277929 0.15015321756894792
0 0.4019073569482289 0.6312563840653729 0.24523160762942778 0.18386108273748725
0 0.0776566757493188 0.41981613891726255 0.15258855585831063 0.17160367722165476
0 0.40463215258855584 0.05464759959141982 0.1989100817438692 0.10725229826353422
0 0.8140326975476839 0.5321756894790602 0.24659400544959126 0.1797752808988764
0 0.967983651226158 0.31613891726251275 0.061307901907356945 0.1481103166496425
0 0.9359673024523161 0.21859039836567928 0.12261580381471389 0.12257405515832483
0 0.7220708446866485 0.36006128702757917 0.2615803814713896 0.19101123595505617
0 0.6505449591280654 0.05056179775280899 0.19754768392370572 0.09908069458631256
0 0.624659400544959 0.6230847803881512 0.21389645776566757 0.16547497446373852
