0 0.628 0.335 0.136 0.146
0 0.879 0.431 0.114 0.11800000000000001
0 0.8290000000000001 0.311 0.13 0.14200000000000002
0 0.506 0.28200000000000003 0.132 0.148
0 0.547 0.562 0.146 0.132
0 0.542 0.685 0.132 0.13
0 0.328 0.598 0.1 0.14
0 0.752 0.405 0.124 0.138
0 0.5720000000000001 0.462 0.152 0.156
0 0.901 0.734 0.13 0.148
0 0.9430000000000001 0.27 0.114 0.14
0 0.427 0.9470000000000001 0.126 0.10200000000000001
0 0.681 0.153 0.138 0.138
0 0.581 0.052000000000000005 0.13 0.1
0 0.179 0.626 0.13 0.132
0 0.53 0.9430000000000001 0.108 0.114
0 0.6940000000000001 0.606 0.132 0.108
0 0.366 0.401 0.148 0.154
0 0.8270000000000001 0.628 0.13 0.132
0 0.967 0.765 0.062 0.138
0 0.545 0.18 0.14200000000000002 0.14400000000000002
0 0.437 0.624 0.122 0.132
0 0.252 0.5750000000000001 0.14400000000000002 0.158
0 0.051000000000000004 0.871 0.098 0.146
0 0.464 0.033 0.112 0.062
0 0.125 0.8200000000000001 0.14200000000000002 0.132
0 0.353 0.8310000000000001 0.13 0.134
