0 0.8159722222222222 0.41041666666666665 0.1125 0.1875
0 0.5875 0.81875 0.1638888888888889 0.275
0 0.38472222222222224 0.5385416666666667 0.10555555555555556 0.13541666666666666
0 0.7076388888888889 0.75625 0.10416666666666667 0.15833333333333333
0 0.8256944444444445 0.66875 0.13472222222222222 0.1375
0 0.6451388888888889 0.6010416666666667 0.10972222222222222 0.16041666666666665
0 0.30208333333333337 0.8135416666666666 0.1486111111111111 0.20208333333333334
0 0.5166666666666667 0.7572916666666667 0.13055555555555556 0.20625
0 0.22916666666666669 0.7645833333333333 0.11944444444444445 0.2
0 0.36319444444444443 0.8864583333333333 0.13472222222222222 0.20208333333333334
0 0.7277777777777779 0.653125 0.10833333333333334 0.16458333333333333
0 0.9243055555555556 0.44375 0.14583333333333334 0.175
0 0.43680555555555556 0.7197916666666666 0.12916666666666668 0.21041666666666667
0 0.44236111111111115 0.9052083333333333 0.1763888888888889 0.17708333333333334
0 0.1701388888888889 0.703125 0.11527777777777778 0.18958333333333333
0 0.4701388888888889 0.5770833333333333 0.12361111111111112 0.16666666666666666
