0 0.1828358208955224 0.2549800796812749 0.12388059701492538 0.17928286852589642
0 0.7529850746268657 0.3695219123505976 0.08507462686567165 0.1852589641434263
0 0.6022388059701492 0.6364541832669323 0.14776119402985075 0.19322709163346613
0 0.06044776119402985 0.28486055776892427 0.11492537313432837 0.1553784860557769
0 0.2537313432835821 0.448207171314741 0.14626865671641792 0.20318725099601592
0 0.8641791044776119 0.6862549800796812 0.17313432835820897 0.2250996015936255
0 0.3955223880597015 0.49800796812749004 0.16716417910447762 0.23505976095617528
0 0.14850746268656717 0.12450199203187251 0.12388059701492538 0.11354581673306773
0 0.6955223880597015 0.7539840637450199 0.16716417910447762 0.20517928286852588
0 0.08656716417910448 0.5199203187250996 0.1701492537313433 0.22310756972111553
0 0.5656716417910448 0.8794820717131474 0.11044776119402985 0.1454183266932271
0 0.8761194029850746 0.3286852589641434 0.18507462686567164 0.20717131474103584
0 0.46044776119402986 0.31175298804780877 0.1208955223880597 0.1454183266932271
