0 0.586875 0.22875 0.02125 0.0375
0 0.29 0.86 0.065 0.135
0 0.31125 0.57375 0.055 0.08750000000000001
0 0.185625 0.06625 0.05625 0.1075
0 0.411875 0.5750000000000001 0.051250000000000004 0.09
0 0.29875 0.74125 0.065 0.10250000000000001
0 0.93625 0.425 0.0475 0.085
0 0.35375 0.8562500000000001 0.0675 0.1275
0 0.39625 0.9450000000000001 0.0725 0.1
0 0.95375 0.67375 0.0925 0.1275
0 0.439375 0.2925 0.02875 0.055
0 0.46625 0.94375 0.07 0.10250000000000001
0 0.080625 0.65 0.01875 0.045
0 0.545625 0.37875000000000003 0.05375 0.11750000000000001
0 0.855 0.55 0.055 0.105
0 0.3275 0.28625 0.0325 0.0575
0 0.5825 0.2625 0.0225 0.035
0 0.420625 0.74 0.06375 0.1
0 0.26687500000000003 0.5775 0.03125 0.08
0 0.690625 0.21625 0.02875 0.0575
0 0.534375 0.265 0.02625 0.035
0 0.895625 0.405 0.03875 0.055
0 0.229375 0.07125000000000001 0.03875 0.0825
0 0.35875 0.6587500000000001 0.0575 0.0925
0 0.301875 0.6575 0.05625 0.1
0 0.47125 0.64875 0.0575 0.1075
0 0.565625 0.2325 0.02125 0.05
0 0.72875 0.275 0.0325 0.045
0 0.9500000000000001 0.8175 0.1 0.195
0 0.8200000000000001 0.68875 0.075 0.11750000000000001
0 0.08750000000000001 0.69125 0.0225 0.0425
0 0.114375 0.16125 0.06625 0.1075
0 0.909375 0.6062500000000001 0.07375 0.1275
0 0.86 0.8775000000000001 0.15 0.23500000000000001
0 0.18625 0.17 0.065 0.1
0 0.036875 0.16375 0.06375 0.0925
0 0.043750000000000004 0.08125 0.055 0.0975
0 0.414375 0.65375 0.058750000000000004 0.08750000000000001
0 0.460625 0.5725 0.051250000000000004 0.09
0 0.421875 0.8425 0.07125000000000001 0.125
0 0.108125 0.39125 0.06125 0.1325
0 0.5543750000000001 0.1775 0.02375 0.035
0 0.361875 0.75 0.06125 0.105
0 0.32375 0.33125 0.04 0.0575
0 0.36062500000000003 0.58375 0.05375 0.08750000000000001
0 0.320625 0.9525 0.08125 0.09
0 0.47750000000000004 0.745 0.05 0.105
0 0.69625 0.265 0.025 0.04
0 0.555625 0.14875 0.02125 0.0375
0 0.5437500000000001 0.23500000000000001 0.0225 0.045
0 0.573125 0.1975 0.02375 0.04
0 0.548125 0.2025 0.02125 0.035
0 0.369375 0.42 0.03625 0.05
