0 0.6232638888888888 0.638454861111111 0.2384259259259259 0.1736111111111111
0 0.7019675925925926 0.515625 0.19907407407407407 0.13975694444444445
0 0.3611111111111111 0.3337673611111111 0.2175925925925926 0.17100694444444445
0 0.5758101851851851 0.21918402777777776 0.19212962962962962 0.1501736111111111
0 0.5086805555555556 0.784939236111111 0.19328703703703703 0.16623263888888887
0 0.31452546296296297 0.8001302083333333 0.25983796296296297 0.20182291666666666
0 0.3602430555555555 0.22287326388888887 0.16956018518518517 0.10546875
0 0.7601273148148148 0.21223958333333331 0.18229166666666666 0.14496527777777776
0 0.6461226851851851 0.31705729166666663 0.203125 0.1558159722222222
0 0.841724537037037 0.642361111111111 0.22511574074074073 0.17795138888888887
0 0.6880787037037037 0.8031684027777777 0.2488425925925926 0.18619791666666666
0 0.5425347222222222 0.435546875 0.21585648148148148 0.1558159722222222
0 0.7931134259259259 0.4016927083333333 0.22858796296296294 0.16015625
0 0.3654513888888889 0.6124131944444444 0.22858796296296294 0.1597222222222222
0 0.3394097222222222 0.47677951388888884 0.20775462962962962 0.13671875
0 0.4913194444444444 0.2825520833333333 0.10648148148148148 0.12760416666666666
