0 0.7139303482587064 0.7025117739403454 0.04477611940298507 0.06750392464678179
0 0.9686567164179104 0.5839874411302983 0.04079601990049751 0.0565149136577708
0 0.2716417910447761 0.6718995290423863 0.03781094527363184 0.05337519623233909
0 0.03880597014925373 0.14364207221350078 0.045771144278606964 0.0706436420722135
0 0.33034825870646767 0.07456828885400314 0.031840796019900496 0.05494505494505495
0 0.76318407960199 0.358712715855573 0.051741293532338306 0.08006279434850865
0 0.8164179104477611 0.6899529042386185 0.03482587064676617 0.05180533751962324
0 0.15124378109452735 0.7252747252747254 0.035820895522388055 0.0565149136577708
0 0.4308457711442786 0.45839874411302983 0.055721393034825865 0.09419152276295134
0 0.6278606965174129 0.37912087912087916 0.051741293532338306 0.08320251177394035
0 0.3144278606965174 0.3673469387755102 0.0417910447761194 0.06593406593406594
0 0.19751243781094527 0.5580847723704867 0.03283582089552239 0.05180533751962324
0 0.5233830845771144 0.7252747252747254 0.04776119402985074 0.07535321821036108
0 0.5194029850746268 0.8799058084772371 0.051741293532338306 0.08320251177394035
0 0.40199004975124375 0.38304552590266877 0.05373134328358209 0.0847723704866562
0 0.6238805970149254 0.1326530612244898 0.06766169154228856 0.11459968602825746
0 0.1288557213930348 0.7739403453689169 0.036815920398009946 0.0565149136577708
0 0.6920398009950248 0.22998430141287285 0.05671641791044776 0.0706436420722135
0 0.26865671641791045 0.49136577708006285 0.035820895522388055 0.05023547880690738
0 0.24776119402985072 0.4372056514913658 0.035820895522388055 0.05808477237048666
0 0.5796019900497512 0.7582417582417583 0.04875621890547263 0.0816326530612245
0 0.56318407960199 0.13108320251177394 0.06169154228855721 0.09262166405023549
0 0.18457711442786068 0.9081632653061225 0.030845771144278604 0.04866562009419152
0 0.4761194029850746 0.14756671899529042 0.06467661691542288 0.10361067503924648
0 0.3472636815920398 0.7150706436420723 0.04378109452736318 0.06750392464678179
0 0.23482587064676616 0.6452119309262166 0.03781094527363184 0.06279434850863423
0 0.19154228855721392 0.7496075353218211 0.030845771144278604 0.05494505494505495
0 0.34029850746268653 0.7888540031397174 0.0417910447761194 0.06122448979591837
0 0.5537313432835821 0.27708006279434855 0.0527363184079602 0.08006279434850865
0 0.6791044776119403 0.6381475667189953 0.050746268656716415 0.06750392464678179
0 0.3164179104477612 0.8830455259026688 0.03781094527363184 0.06750392464678179
0 0.291044776119403 0.5996860282574569 0.036815920398009946 0.059654631083202514
0 0.8258706467661691 0.09890109890109891 0.045771144278606964 0.06907378335949765
0 0.06417910447761194 0.08869701726844585 0.04278606965174129 0.06750392464678179
