0 0.5788888888888889 0.6345833333333334 0.15333333333333332 0.10916666666666668
0 0.26055555555555554 0.43333333333333335 0.12333333333333334 0.125
0 0.6788888888888889 0.37875000000000003 0.15333333333333332 0.12416666666666668
0 0.5683333333333334 0.43625 0.15888888888888889 0.12250000000000001
0 0.3638888888888889 0.09125000000000001 0.15 0.11750000000000001
0 0.2683333333333333 0.6429166666666667 0.11666666666666667 0.08416666666666667
0 0.3605555555555556 0.3466666666666667 0.1411111111111111 0.115
0 0.835 0.59875 0.15888888888888889 0.10916666666666668
0 0.3522222222222222 0.7004166666666667 0.13333333333333333 0.10416666666666667
0 0.5972222222222222 0.29500000000000004 0.15222222222222223 0.11
0 0.3927777777777778 0.6045833333333334 0.15888888888888889 0.11583333333333334
