0 0.5319148936170213 0.7544802867383512 0.19946808510638298 0.25089605734767023
0 0.9195478723404256 0.7598566308243727 0.16090425531914893 0.24372759856630824
0 0.12367021276595744 0.503584229390681 0.18351063829787234 0.23655913978494625
0 0.6908244680851063 0.25268817204301075 0.18484042553191488 0.23297491039426524
0 0.8690159574468085 0.257168458781362 0.17420212765957446 0.22043010752688172
0 0.331781914893617 0.775089605734767 0.19547872340425532 0.24551971326164876
0 0.8962765957446809 0.4829749103942652 0.18351063829787234 0.24551971326164876
0 0.7167553191489362 0.48476702508960573 0.1702127659574468 0.20967741935483872
0 0.7373670212765957 0.735663082437276 0.18484042553191488 0.27060931899641577
0 0.3264627659574468 0.4982078853046595 0.18218085106382978 0.23655913978494625
0 0.5126329787234043 0.257168458781362 0.16090425531914893 0.2132616487455197
0 0.13297872340425532 0.25268817204301075 0.18882978723404256 0.1971326164874552
0 0.5259308510638298 0.48476702508960573 0.1901595744680851 0.22043010752688172
0 0.32779255319148937 0.2446236559139785 0.18484042553191488 0.24551971326164876
0 0.11502659574468085 0.7894265232974911 0.20611702127659573 0.26344086021505375
