0 0.028125 0.30724299065420557 0.053125000000000006 0.10046728971962617
0 0.753125 0.8235981308411214 0.08750000000000001 0.11915887850467288
0 0.75703125 0.6296728971962616 0.0765625 0.10514018691588785
0 0.83125 0.7161214953271028 0.078125 0.10046728971962617
0 0.51328125 0.5186915887850467 0.0703125 0.102803738317757
0 0.3203125 0.5887850467289719 0.08125 0.10747663551401869
0 0.59921875 0.6296728971962616 0.08281250000000001 0.10981308411214953
0 0.3671875 0.6775700934579438 0.084375 0.1261682242990654
0 0.6742187500000001 0.7184579439252335 0.0859375 0.12383177570093457
0 0.65390625 0.5338785046728971 0.0546875 0.08177570093457943
0 0.19453125000000002 0.8014018691588785 0.11406250000000001 0.14018691588785046
0 0.884375 0.764018691588785 0.08750000000000001 0.102803738317757
0 0.8078125 0.8901869158878504 0.1 0.14953271028037382
0 0.16640625 0.7429906542056074 0.1046875 0.11682242990654204
0 0.7195312500000001 0.5911214953271028 0.06406250000000001 0.08878504672897196
0 0.47500000000000003 0.8516355140186915 0.1 0.12383177570093457
0 0.5046875000000001 0.9170560747663551 0.10625000000000001 0.10514018691588785
0 0.11171875 0.6063084112149533 0.0765625 0.10514018691588785
0 0.37812500000000004 0.3516355140186916 0.0625 0.07710280373831775
0 0.7093750000000001 0.7733644859813084 0.084375 0.102803738317757
0 0.06953125 0.47780373831775697 0.0765625 0.10981308411214953
0 0.09843750000000001 0.5455607476635513 0.08750000000000001 0.0911214953271028
0 0.15000000000000002 0.6822429906542056 0.096875 0.10747663551401869
0 0.54921875 0.9544392523364486 0.11406250000000001 0.0911214953271028
0 0.225 0.8831775700934579 0.1125 0.16822429906542055
