0 0.10733333333333334 0.9155 0.16933333333333334 0.137
0 0.9633333333333333 0.264 0.07333333333333333 0.05
0 0.8033333333333333 0.325 0.06799999999999999 0.052000000000000005
0 0.374 0.3045 0.04133333333333333 0.039
0 0.30866666666666664 0.5615 0.08933333333333333 0.075
0 0.688 0.811 0.058666666666666666 0.048
0 0.154 0.1095 0.052 0.043000000000000003
0 0.442 0.5640000000000001 0.19333333333333333 0.168
0 0.45466666666666666 0.873 0.04 0.032
0 0.41933333333333334 0.0975 0.09733333333333333 0.079
0 0.522 0.8405 0.036 0.031
0 0.372 0.029500000000000002 0.09866666666666667 0.055
0 0.5426666666666666 0.8745 0.032 0.029
0 0.30866666666666664 0.9540000000000001 0.18266666666666667 0.092
0 0.882 0.762 0.05466666666666666 0.042
0 0.7006666666666667 0.9155 0.044 0.037
0 0.7966666666666666 0.6920000000000001 0.06266666666666666 0.044
0 0.024666666666666667 0.4295 0.04666666666666666 0.061
0 0.4393333333333333 0.8565 0.04133333333333333 0.033
0 0.7626666666666666 0.733 0.03733333333333333 0.036000000000000004
0 0.61 0.23750000000000002 0.3426666666666667 0.281
0 0.65 0.8455 0.05466666666666666 0.041
0 0.6773333333333333 0.07200000000000001 0.096 0.076
0 0.6466666666666666 0.5700000000000001 0.248 0.19
0 0.8866666666666666 0.3575 0.056 0.043000000000000003
0 0.824 0.778 0.04 0.034
0 0.8393333333333333 0.507 0.23066666666666666 0.182
0 0.41933333333333334 0.3135 0.036 0.037
0 0.22999999999999998 0.4205 0.15066666666666667 0.115
0 0.22 0.6990000000000001 0.216 0.17
0 0.6786666666666666 0.7685 0.050666666666666665 0.037
0 0.7313333333333333 0.753 0.04133333333333333 0.034
0 0.36666666666666664 0.085 0.064 0.068
0 0.5313333333333333 0.4645 0.132 0.095
0 0.6106666666666667 0.73 0.042666666666666665 0.032
0 0.11866666666666666 0.615 0.19733333333333333 0.14
0 0.4706666666666667 0.029 0.088 0.056
0 0.112 0.4985 0.15466666666666667 0.097
0 0.40399999999999997 0.254 0.058666666666666666 0.044
