0 0.0837962962962963 0.9535367545076283 0.14907407407407408 0.08737864077669903
0 0.10833333333333334 0.20873786407766992 0.053703703703703705 0.07350901525658807
0 0.5527777777777778 0.49167822468793343 0.13703703703703704 0.20388349514563106
0 0.2569444444444445 0.5513176144244105 0.04351851851851852 0.059639389736477116
0 0.32592592592592595 0.22468793342579751 0.17037037037037037 0.24965325936199723
0 0.05092592592592593 0.01941747572815534 0.05925925925925926 0.036061026352288486
0 0.5449074074074074 0.06171983356449376 0.1953703703703704 0.12066574202496533
0 0.20324074074074075 0.3564493758668516 0.04537037037037037 0.06102635228848821
0 0.32037037037037036 0.7441054091539528 0.16666666666666669 0.24826629680998613
0 0.020370370370370372 0.289875173370319 0.03888888888888889 0.06934812760055478
0 0.674074074074074 0.45839112343966715 0.12222222222222223 0.18446601941747573
