0 0.45740740740740743 0.2185185185185185 0.06481481481481481 0.09135802469135802
0 0.23055555555555557 0.6746913580246914 0.0962962962962963 0.1345679012345679
0 0.4041666666666667 0.5358024691358024 0.0712962962962963 0.09382716049382715
0 0.4712962962962963 0.29320987654320985 0.061111111111111116 0.08518518518518518
0 0.938425925925926 0.2111111111111111 0.07685185185185185 0.10123456790123457
0 0.7078703703703704 0.6290123456790123 0.04537037037037037 0.06296296296296296
0 0.9268518518518519 0.3907407407407407 0.031481481481481485 0.04567901234567901
0 0.4666666666666667 0.4469135802469136 0.03518518518518519 0.04938271604938271
0 0.9699074074074074 0.033950617283950615 0.06018518518518519 0.06049382716049383
0 0.5810185185185185 0.195679012345679 0.058333333333333334 0.08024691358024691
0 0.7546296296296297 0.645679012345679 0.040740740740740744 0.056790123456790124
0 0.5898148148148148 0.37160493827160496 0.037037037037037035 0.046913580246913576
0 0.7027777777777778 0.36234567901234566 0.040740740740740744 0.04814814814814815
0 0.9824074074074074 0.5209876543209876 0.03518518518518519 0.06419753086419754
0 0.6731481481481482 0.25308641975308643 0.06296296296296297 0.07654320987654321
0 0.513425925925926 0.4364197530864197 0.06574074074074074 0.09012345679012346
0 0.4550925925925926 0.021604938271604937 0.062037037037037036 0.04074074074074074
0 0.8634259259259259 0.6166666666666667 0.049074074074074076 0.06296296296296296
0 0.7703703703703704 0.30679012345679013 0.040740740740740744 0.050617283950617285
0 0.950925925925926 0.6333333333333333 0.0462962962962963 0.05925925925925926
0 0.6351851851851852 0.29320987654320985 0.04814814814814815 0.07037037037037037
0 0.7782407407407408 0.5487654320987654 0.04166666666666667 0.05555555555555555
0 0.3439814814814815 0.5432098765432098 0.04351851851851852 0.056790123456790124
0 0.8893518518518518 0.291358024691358 0.058333333333333334 0.08641975308641975
0 0.8851851851851852 0.3709876543209876 0.03333333333333333 0.04074074074074074
0 0.3717592592592593 0.19320987654320987 0.09166666666666667 0.10740740740740741
0 0.5615740740740741 0.037037037037037035 0.08240740740740742 0.07160493827160494
0 0.9689814814814816 0.09135802469135802 0.06018518518518519 0.06172839506172839
0 0.9027777777777778 0.6518518518518518 0.05 0.06172839506172839
0 0.38796296296296295 0.32654320987654323 0.08888888888888889 0.11481481481481481
0 0.6814814814814815 0.32407407407407407 0.044444444444444446 0.053086419753086415
0 0.5856481481481481 0.8716049382716049 0.04722222222222222 0.06666666666666667
0 0.3842592592592593 0.6302469135802469 0.07962962962962963 0.12469135802469136
0 0.851388888888889 0.7685185185185185 0.04722222222222222 0.06049382716049383
0 0.3388888888888889 0.9080246913580247 0.10370370370370371 0.16666666666666666
0 0.24675925925925926 0.8549382716049383 0.06944444444444445 0.09506172839506173
0 0.24212962962962964 0.5395061728395062 0.08611111111111111 0.11604938271604938
0 0.7601851851851852 0.4462962962962963 0.03888888888888889 0.04814814814814815
0 0.7282407407407407 0.3 0.049074074074074076 0.07654320987654321
0 0.5824074074074075 0.7308641975308642 0.04259259259259259 0.06666666666666667
0 0.925462962962963 0.4962962962962963 0.058333333333333334 0.07160493827160494
