0 0.9045667447306791 0.671875 0.18384074941451992 0.23125
0 0.06381733021077284 0.3765625 0.1252927400468384 0.184375
0 0.6492974238875878 0.509375 0.1252927400468384 0.171875
0 0.5087822014051522 0.40625 0.11592505854800937 0.15625
0 0.3190866510538642 0.403125 0.15105386416861827 0.19687500000000002
0 0.7476580796252927 0.42109375000000004 0.18149882903981265 0.2421875
0 0.41510538641686184 0.30312500000000003 0.1557377049180328 0.215625
0 0.11651053864168619 0.153125 0.08313817330210772 0.1125
0 0.5245901639344263 0.5859375 0.08899297423887588 0.109375
0 0.18091334894613584 0.40390625 0.13700234192037472 0.1859375
