0 0.3944444444444445 0.39739583333333334 0.06296296296296297 0.036458333333333336
0 0.2925925925925926 0.24479166666666666 0.07407407407407407 0.05
0 0.5305555555555556 0.5515625 0.061111111111111116 0.042708333333333334
0 0.3509259259259259 0.334375 0.05740740740740741 0.03333333333333333
0 0.2712962962962963 0.32447916666666665 0.06481481481481481 0.04479166666666667
0 0.5935185185185186 0.6869791666666667 0.05 0.03229166666666666
0 0.061111111111111116 0.7802083333333333 0.07777777777777778 0.05
0 0.45740740740740743 0.4979166666666667 0.06666666666666667 0.0375
0 0.16944444444444445 0.6411458333333333 0.06481481481481481 0.042708333333333334
0 0.8574074074074074 0.6755208333333333 0.06666666666666667 0.03854166666666667
0 0.36388888888888893 0.371875 0.053703703703703705 0.03958333333333333
0 0.5935185185185186 0.5526041666666667 0.05 0.03229166666666666
0 0.7944444444444445 0.7119791666666666 0.07037037037037037 0.042708333333333334
