0 0.17708333333333331 0.7642746913580246 0.14930555555555555 0.21373456790123455
0 0.4921875 0.3665123456790123 0.13368055555555555 0.18364197530864196
0 0.8179976851851851 0.24459876543209874 0.11631944444444443 0.16820987654320987
0 0.5879629629629629 0.3576388888888889 0.10532407407407407 0.16898148148148148
0 0.21527777777777776 0.5574845679012346 0.1550925925925926 0.21527777777777776
0 0.3310185185185185 0.21990740740740738 0.12384259259259259 0.19444444444444442
0 0.7980324074074073 0.6628086419753086 0.11805555555555555 0.16049382716049382
0 0.7115162037037036 0.21373456790123455 0.13136574074074073 0.15277777777777776
0 0.8275462962962963 0.38271604938271603 0.1273148148148148 0.14043209876543208
0 0.45572916666666663 0.21064814814814814 0.13715277777777776 0.16820987654320987
0 0.37760416666666663 0.5887345679012346 0.13831018518518517 0.2052469135802469
0 0.5862268518518519 0.19598765432098764 0.13194444444444445 0.16666666666666666
0 0.5124421296296297 0.5439814814814814 0.1568287037037037 0.18209876543209874
0 0.33564814814814814 0.7646604938271605 0.17013888888888887 0.19907407407407407
0 0.21469907407407407 0.384645061728395 0.16898148148148148 0.1890432098765432
0 0.853298611111111 0.5146604938271605 0.1105324074074074 0.1450617283950617
0 0.6397569444444444 0.5327932098765432 0.1244212962962963 0.18132716049382716
0 0.8912037037037036 0.6554783950617283 0.13078703703703703 0.16589506172839505
0 0.7450810185185185 0.5 0.12326388888888888 0.18055555555555555
0 0.36342592592592593 0.4012345679012346 0.13541666666666666 0.19598765432098764
0 0.6973379629629629 0.34066358024691357 0.13657407407407407 0.16280864197530864
0 0.20081018518518517 0.2048611111111111 0.1550925925925926 0.21527777777777776
