0 0.6453333333333333 0.6853333333333333 0.23466666666666666 0.16266666666666665
0 0.3433333333333333 0.716 0.20666666666666667 0.17066666666666666
0 0.23933333333333331 0.8073333333333333 0.18533333333333332 0.14266666666666666
0 0.5626666666666666 0.050666666666666665 0.09333333333333332 0.08
0 0.20133333333333334 0.204 0.10933333333333332 0.08533333333333333
0 0.2786666666666667 0.48533333333333334 0.13066666666666665 0.09866666666666667
0 0.48733333333333334 0.22533333333333333 0.15066666666666667 0.13066666666666665
0 0.48933333333333334 0.40066666666666667 0.16533333333333333 0.11866666666666666
0 0.9726666666666667 0.4453333333333333 0.052 0.06933333333333333
0 0.9113333333333333 0.44066666666666665 0.08133333333333333 0.06799999999999999
0 0.3433333333333333 0.21266666666666667 0.12666666666666665 0.12933333333333333
0 0.6759999999999999 0.4413333333333333 0.216 0.16533333333333333
0 0.36466666666666664 0.4093333333333333 0.12933333333333333 0.112
0 0.5599999999999999 0.5466666666666666 0.23199999999999998 0.17866666666666667
0 0.45399999999999996 0.10733333333333334 0.13733333333333334 0.11866666666666666
0 0.4993333333333333 0.8126666666666666 0.26266666666666666 0.20933333333333332
0 0.45599999999999996 0.49666666666666665 0.184 0.14266666666666666
0 0.11466666666666667 0.094 0.112 0.09466666666666666
