0 0.40885416666666663 0.9215270413573702 0.13541666666666666 0.12513255567338283
0 0.431640625 0.7253446447507954 0.14973958333333331 0.12089077412513256
0 0.41666666666666663 0.4798515376458113 0.14322916666666666 0.11134676564156946
0 0.638671875 0.14050901378579003 0.10026041666666666 0.09650053022269355
0 0.5540364583333333 0.6744432661717922 0.12109375 0.10180275715800638
0 0.48697916666666663 0.1357370095440085 0.1328125 0.1039236479321315
0 0.357421875 0.3753976670201485 0.12109375 0.08907741251325557
0 0.5846354166666666 0.9485683987274657 0.15625 0.10074231177094381
0 0.5436197916666666 0.3213149522799576 0.12369791666666666 0.09968186638388124
0 0.5182291666666666 0.2269353128313892 0.11979166666666666 0.0975609756097561
0 0.5657552083333333 0.5021208907741251 0.15494791666666666 0.12195121951219513
0 0.3860677083333333 0.1983032873806999 0.08463541666666666 0.09119830328738071
0 0.31901041666666663 0.8865323435843055 0.11979166666666666 0.09331919406150584
