0 0.5017321016166282 0.4979281767955801 0.1420323325635104 0.1671270718232044
0 0.875866050808314 0.5994475138121547 0.1628175519630485 0.1878453038674033
0 0.28175519630484985 0.505524861878453 0.14780600461893764 0.16574585635359115
0 0.13683602771362585 0.5890883977900552 0.1628175519630485 0.20027624309392264
0 0.5300230946882217 0.9116022099447514 0.19168591224018475 0.17403314917127072
0 0.6264434180138568 0.5842541436464088 0.1628175519630485 0.19613259668508287
0 0.7759815242494226 0.6933701657458563 0.18706697459584296 0.2044198895027624
0 0.3770207852193995 0.8073204419889503 0.1951501154734411 0.23895027624309392
0 0.39376443418013857 0.5883977900552486 0.14318706697459585 0.20994475138121546
0 0.51905311778291 0.6816298342541436 0.1697459584295612 0.21408839779005523
0 0.2476905311778291 0.6850828729281768 0.1951501154734411 0.23204419889502761
0 0.6645496535796767 0.8100828729281767 0.1928406466512702 0.2251381215469613
0 0.7338337182448037 0.5138121546961326 0.151270207852194 0.1602209944751381
0 0.9058891454965358 0.8156077348066298 0.13279445727482678 0.23895027624309392
0 0.21247113163972287 0.9033149171270718 0.23556581986143188 0.1878453038674033
0 0.8394919168591224 0.9116022099447514 0.21016166281755197 0.17403314917127072
0 0.11720554272517321 0.8107734806629834 0.1397228637413395 0.23480662983425413
