0 0.9592592592592593 0.21699544764795145 0.08148148148148149 0.07587253414264036
0 0.8101851851851852 0.23444613050075874 0.09074074074074075 0.1471927162367223
0 0.8967592592592593 0.15174506828528073 0.08981481481481482 0.13960546282245828
0 0.1763888888888889 0.8755690440060698 0.14907407407407408 0.21851289833080426
0 0.3060185185185185 0.6919575113808801 0.13611111111111113 0.20940819423368742
0 0.8685185185185186 0.949165402124431 0.1685185185185185 0.10166919575113809
0 0.08703703703703704 0.7147192716236722 0.12407407407407407 0.19423368740515934
0 0.9402777777777778 0.5690440060698028 0.1175925925925926 0.1638846737481032
0 0.5518518518518519 0.02503793626707132 0.061111111111111116 0.04704097116843703
0 0.4138888888888889 0.9286798179059181 0.15555555555555556 0.1426403641881639
0 0.775462962962963 0.8254931714719271 0.11388888888888889 0.1851289833080425
0 0.27592592592592596 0.06980273141122914 0.06666666666666667 0.08801213960546282
0 0.7351851851851852 0.370257966616085 0.08518518518518518 0.12139605462822459
0 0.14814814814814814 0.4332321699544765 0.08333333333333334 0.07435508345978756
0 0.6041666666666667 0.04779969650986343 0.05648148148148149 0.09256449165402125
0 0.2953703703703704 0.1282245827010622 0.05740740740740741 0.0409711684370258
0 0.7814814814814816 0.07890743550834597 0.06481481481481481 0.07890743550834597
0 0.5481481481481482 0.56752655538695 0.1 0.13960546282245828
0 0.3 0.3209408194233688 0.07592592592592592 0.12291350531107739
0 0.6157407407407408 0.24279210925644917 0.061111111111111116 0.09711684370257967
0 0.8990740740740741 0.2898330804248862 0.08888888888888889 0.13960546282245828
0 0.6453703703703704 0.29969650986342944 0.07222222222222223 0.10166919575113809
0 0.45 0.4013657056145675 0.07407407407407407 0.11380880121396054
0 0.37824074074074077 0.12063732928679818 0.062037037037037036 0.07435508345978756
0 0.2337962962962963 0.44613050075872535 0.08611111111111111 0.0637329286798179
0 0.9703703703703704 0.1449165402124431 0.05925925925925926 0.09559939301972686
0 0.8138888888888889 0.563732928679818 0.11666666666666667 0.11684370257966617
0 0.16064814814814815 0.3558421851289833 0.09166666666666667 0.11077389984825493
0 0.2689814814814815 0.21092564491654023 0.06574074074074074 0.09711684370257967
0 0.9537037037037037 0.3968133535660091 0.08888888888888889 0.1623672230652504
0 0.39722222222222225 0.4324734446130501 0.07222222222222223 0.054628224582701064
0 0.8601851851851852 0.8611532625189682 0.14444444444444446 0.16843702579666162
0 0.47314814814814815 0.30500758725341426 0.06666666666666667 0.10015174506828528
0 0.25601851851851853 0.021244309559939303 0.05648148148148149 0.03945371775417299
0 0.2111111111111111 0.2830045523520486 0.0962962962962963 0.10470409711684371
0 0.5902777777777778 0.3239757207890744 0.06574074074074074 0.08649468892261002
0 0.8226851851851852 0.40971168437025796 0.10092592592592593 0.13960546282245828
0 0.7921296296296296 0.13960546282245828 0.08055555555555556 0.10318664643399089
0 0.3402777777777778 0.5508345978755691 0.10462962962962963 0.14871016691957512
0 0.4291666666666667 0.7678300455235205 0.13425925925925927 0.21851289833080426
0 0.4087962962962963 0.042488619119878605 0.062037037037037036 0.0819423368740516
0 0.31666666666666665 0.042488619119878605 0.05740740740740741 0.0819423368740516
0 0.0375 0.1631259484066768 0.07314814814814816 0.11077389984825493
0 0.47500000000000003 0.11001517450682853 0.05740740740740741 0.07738998482549317
0 0.9087962962962963 0.45295902883156297 0.09351851851851853 0.07435508345978756
0 0.5208333333333334 0.34446130500758726 0.08425925925925926 0.13353566009104706
0 0.225 0.7890743550834598 0.11111111111111112 0.15477996965098634
0 0.8439814814814816 0.6646433990895296 0.14722222222222223 0.20030349013657056
0 0.5643518518518519 0.09711684370257967 0.062037037037037036 0.09711684370257967
0 0.0925925925925926 0.03490136570561457 0.05925925925925926 0.06676783004552353
0 0.6509259259259259 0.21471927162367224 0.05925925925925926 0.08952959028831563
0 0.23101851851851854 0.10925644916540213 0.062037037037037036 0.06676783004552353
0 0.5402777777777777 0.9248861911987861 0.12685185185185185 0.15022761760242792
0 0.24814814814814815 0.9324734446130502 0.16111111111111112 0.13505311077389986
0 0.637962962962963 0.13277693474962063 0.05925925925925926 0.06828528072837634
0 0.5611111111111111 0.24203338391502277 0.07407407407407407 0.09863429438543247
0 0.022685185185185187 0.4658573596358119 0.04351851851851852 0.11532625189681336
0 0.047685185185185185 0.0811836115326252 0.0712962962962963 0.08649468892261002
0 0.487962962962963 0.24279210925644917 0.07222222222222223 0.07890743550834597
0 0.32037037037037036 0.881638846737481 0.12037037037037038 0.17905918057663125
0 0.08240740740740742 0.3930197268588771 0.10370370370370371 0.1244309559939302
0 0.8384259259259259 0.051593323216995446 0.06574074074074074 0.09408194233687406
0 0.5865740740740741 0.42033383915022765 0.09907407407407408 0.13657056145675267
0 0.44537037037037036 0.5409711684370259 0.11666666666666667 0.16843702579666162
0 0.5578703703703703 0.7556904400606981 0.14907407407407408 0.24582701062215478
0 0.32685185185185184 0.23368740515933234 0.07407407407407407 0.11229135053110774
0 0.925 0.0819423368740516 0.07407407407407407 0.08497723823975721
0 0.3685185185185185 0.0622154779969651 0.05925925925925926 0.07587253414264036
0 0.15324074074074073 0.2268588770864947 0.08240740740740742 0.125948406676783
0 0.13611111111111113 0.5614567526555387 0.12592592592592594 0.1851289833080425
0 0.7189814814814816 0.6646433990895296 0.1175925925925926 0.19423368740515934
0 0.47731481481481486 0.1820940819423369 0.0638888888888889 0.08497723823975721
0 0.5185185185185185 0.07435508345978756 0.05185185185185186 0.08497723823975721
0 0.950925925925926 0.7526555386949925 0.0962962962962963 0.21851289833080426
0 0.24305555555555555 0.3710166919575114 0.08796296296296297 0.12291350531107739
