0 0.40399999999999997 0.30533333333333335 0.07733333333333334 0.06933333333333333
0 0.36466666666666664 0.26066666666666666 0.08399999999999999 0.06266666666666666
0 0.518 0.3873333333333333 0.08399999999999999 0.05466666666666666
0 0.3753333333333333 0.8326666666666667 0.11066666666666666 0.092
0 0.37066666666666664 0.422 0.08 0.06533333333333333
0 0.48133333333333334 0.87 0.10933333333333332 0.06799999999999999
0 0.47733333333333333 0.8053333333333333 0.112 0.08533333333333333
0 0.5873333333333333 0.576 0.10266666666666667 0.06933333333333333
0 0.444 0.44466666666666665 0.09333333333333332 0.06533333333333333
0 0.45599999999999996 0.35533333333333333 0.08 0.07333333333333333
0 0.5973333333333333 0.48266666666666663 0.08533333333333333 0.06666666666666667
0 0.5133333333333333 0.486 0.09333333333333332 0.07066666666666667
0 0.518 0.20266666666666666 0.07866666666666666 0.06666666666666667
0 0.47866666666666663 0.29466666666666663 0.07733333333333334 0.064
0 0.5286666666666666 0.42933333333333334 0.092 0.058666666666666666
0 0.5766666666666667 0.9053333333333333 0.092 0.088
0 0.442 0.506 0.08399999999999999 0.06
0 0.5053333333333333 0.5906666666666667 0.10133333333333333 0.08
0 0.444 0.19933333333333333 0.072 0.06
0 0.5486666666666666 0.2553333333333333 0.07066666666666667 0.05466666666666666
0 0.5326666666666666 0.3353333333333333 0.07866666666666666 0.06533333333333333
0 0.5153333333333333 0.7366666666666667 0.09733333333333333 0.06533333333333333
0 0.43 0.6873333333333334 0.10266666666666667 0.08666666666666667
