0 0.631 0.4984939759036145 0.082 0.11746987951807229
0 0.928 0.27108433734939763 0.044 0.060240963855421686
0 0.495 0.5602409638554218 0.07 0.09036144578313253
0 0.373 0.5301204819277109 0.08600000000000001 0.14457831325301207
0 0.084 0.13704819277108435 0.06 0.10542168674698796
0 0.125 0.1746987951807229 0.074 0.12048192771084337
0 0.04 0.09186746987951808 0.076 0.10542168674698796
0 0.611 0.875 0.106 0.15963855421686748
0 0.34 0.03765060240963856 0.07200000000000001 0.06927710843373494
0 0.376 0.3795180722891566 0.088 0.13855421686746988
0 0.327 0.6762048192771085 0.122 0.177710843373494
0 0.506 0.7319277108433735 0.068 0.10843373493975904
0 0.23700000000000002 0.25 0.09 0.13855421686746988
0 0.51 0.49397590361445787 0.068 0.10843373493975904
0 0.452 0.3810240963855422 0.064 0.11746987951807229
