0 0.8846666666666666 0.4716666666666667 0.05733333333333333 0.06666666666666667
0 0.5026666666666666 0.3775 0.07466666666666666 0.09166666666666667
0 0.8593333333333333 0.5566666666666668 0.04666666666666666 0.07
0 0.566 0.3875 0.05466666666666666 0.08166666666666667
0 0.9006666666666666 0.5675 0.05466666666666666 0.06833333333333334
0 0.45466666666666666 0.6108333333333333 0.058666666666666666 0.07500000000000001
0 0.47933333333333333 0.18916666666666668 0.06533333333333333 0.09166666666666667
0 0.33199999999999996 0.6508333333333334 0.064 0.085
0 0.898 0.32666666666666666 0.06266666666666666 0.08
0 0.972 0.4766666666666667 0.056 0.08666666666666667
0 0.7426666666666667 0.5075000000000001 0.03733333333333333 0.06833333333333334
0 0.512 0.21833333333333335 0.056 0.09000000000000001
0 0.9319999999999999 0.1716666666666667 0.05333333333333333 0.06333333333333334
0 0.884 0.6475000000000001 0.05333333333333333 0.07500000000000001
0 0.306 0.7141666666666667 0.06533333333333333 0.06833333333333334
0 0.7979999999999999 0.5375000000000001 0.04666666666666666 0.07833333333333334
0 0.9406666666666667 0.6383333333333334 0.06266666666666666 0.08333333333333334
0 0.9646666666666667 0.13833333333333334 0.05466666666666666 0.06666666666666667
0 0.482 0.46 0.04933333333333333 0.060000000000000005
