0 0.5148936170212766 0.8194444444444445 0.24680851063829787 0.3611111111111111
0 0.625531914893617 0.15 0.25106382978723407 0.2611111111111111
0 0.6393617021276596 0.3763888888888889 0.27872340425531916 0.3472222222222222
0 0.2276595744680851 0.8444444444444444 0.2765957446808511 0.3
0 0.39361702127659576 0.2916666666666667 0.2553191489361702 0.31666666666666665
0 0.8691489361702128 0.3416666666666667 0.26170212765957446 0.33333333333333337
0 0.31382978723404253 0.1763888888888889 0.2148936170212766 0.24166666666666667
0 0.37659574468085105 0.6069444444444445 0.2936170212765957 0.3861111111111111
0 0.13617021276595745 0.31527777777777777 0.25957446808510637 0.3527777777777778
0 0.12872340425531914 0.6194444444444445 0.23617021276595745 0.2833333333333333
0 0.7117021276595745 0.7375 0.3127659574468085 0.375
