0 0.373828125 0.1125 0.21484375 0.21875
0 0.4734375 0.9 0.203125 0.19375
0 0.6062500000000001 0.35052083333333334 0.19375 0.20520833333333333
0 0.947265625 0.671875 0.10078125 0.1625
0 0.38671875 0.4458333333333333 0.134375 0.23958333333333334
0 0.537109375 0.190625 0.21796875000000002 0.24791666666666667
0 0.7292968750000001 0.16458333333333333 0.20859375000000002 0.3
0 0.24375000000000002 0.8723958333333334 0.0484375 0.06354166666666666
0 0.050390625 0.2609375 0.09921875000000001 0.28229166666666666
0 0.48359375000000004 0.6791666666666667 0.23593750000000002 0.3458333333333333
0 0.6234375000000001 0.7307291666666667 0.1328125 0.234375
0 0.26992187500000003 0.2578125 0.20078125000000002 0.22604166666666667
