0 0.34674556213017754 0.6151419558359621 0.17514792899408285 0.23028391167192427
0 0.142603550295858 0.6167192429022081 0.1739644970414201 0.20189274447949526
0 0.1739644970414201 0.3115141955835962 0.14201183431952663 0.19400630914826497
0 0.8236686390532545 0.48580441640378547 0.16094674556213018 0.2113564668769716
0 0.25266272189349115 0.44558359621451105 0.16449704142011834 0.2034700315457413
0 0.7455621301775148 0.6206624605678234 0.16331360946745563 0.20662460567823343
0 0.5508875739644971 0.6230283911671924 0.1621301775147929 0.22082018927444794
0 0.7201183431952662 0.3257097791798107 0.1502958579881657 0.20031545741324921
0 0.849112426035503 0.7973186119873816 0.178698224852071 0.21293375394321765
0 0.43609467455621304 0.7697160883280757 0.15502958579881657 0.19873817034700314
0 0.6502958579881657 0.7878548895899053 0.1715976331360947 0.20662460567823343
0 0.5301775147928994 0.33280757097791797 0.15857988165680473 0.21451104100946372
0 0.36863905325443785 0.2981072555205047 0.14082840236686392 0.1829652996845426
0 0.4420118343195266 0.44637223974763407 0.15266272189349112 0.17350157728706625
0 0.6396449704142012 0.4676656151419558 0.14792899408284024 0.20977917981072555
0 0.23076923076923078 0.7523659305993691 0.1727810650887574 0.19873817034700314
