0 0.08518518518518518 0.5277777777777778 0.07222222222222223 0.044444444444444446
0 0.39166666666666666 0.89375 0.1277777777777778 0.09027777777777778
0 0.7180555555555556 0.8215277777777779 0.09722222222222222 0.061111111111111116
0 0.8666666666666667 0.5986111111111111 0.09814814814814815 0.07083333333333333
0 0.5805555555555556 0.20486111111111113 0.0962962962962963 0.08055555555555556
0 0.10648148148148148 0.8920138888888889 0.14814814814814814 0.10347222222222223
0 0.5175925925925926 0.9708333333333333 0.16111111111111112 0.058333333333333334
0 0.2865740740740741 0.525 0.058333333333333334 0.05416666666666667
0 0.6666666666666667 0.9041666666666667 0.08518518518518518 0.09722222222222222
0 0.6648148148148149 0.5243055555555556 0.08148148148148149 0.04027777777777778
0 0.6555555555555556 0.5767361111111111 0.08333333333333334 0.06597222222222222
0 0.7416666666666667 0.5899305555555556 0.09814814814814815 0.07152777777777779
0 0.375 0.4840277777777778 0.10555555555555556 0.051388888888888894
0 0.5949074074074074 0.9090277777777778 0.11203703703703705 0.09722222222222222
0 0.3560185185185185 0.7746527777777779 0.10833333333333334 0.08680555555555555
0 0.2175925925925926 0.5052083333333334 0.08703703703703704 0.05486111111111111
0 0.4912037037037037 0.2732638888888889 0.07314814814814816 0.04791666666666667
0 0.1574074074074074 0.7760416666666667 0.11111111111111112 0.07708333333333334
0 0.036111111111111115 0.5496527777777778 0.07037037037037037 0.04791666666666667
0 0.6680555555555556 0.19618055555555555 0.08055555555555556 0.06736111111111111
0 0.8444444444444444 0.9190972222222222 0.11481481481481481 0.06041666666666667
0 0.48564814814814816 0.4864583333333333 0.08796296296296297 0.06875
0 0.9351851851851852 0.5506944444444445 0.11296296296296297 0.0763888888888889
