0 0.43833333333333335 0.5713359273670557 0.08 0.06355382619974059
0 0.7283333333333334 0.38326848249027234 0.1 0.08430609597924772
0 0.6675000000000001 0.4500648508430609 0.05166666666666667 0.038910505836575876
0 0.63 0.10635538261997406 0.04666666666666667 0.04928664072632944
0 0.52 0.17055771725032426 0.05666666666666667 0.04798962386511024
0 0.6316666666666667 0.47859922178988323 0.06333333333333334 0.04669260700389105
0 0.25916666666666666 0.7217898832684825 0.07833333333333334 0.07133592736705577
0 0.8641666666666667 0.04474708171206226 0.17833333333333334 0.08690012970168612
0 0.23500000000000001 0.48508430609597925 0.08666666666666667 0.07782101167315175
0 0.6283333333333334 0.1582360570687419 0.060000000000000005 0.04928664072632944
0 0.3691666666666667 0.5966277561608301 0.08833333333333333 0.07522697795071336
0 0.555 0.19260700389105057 0.043333333333333335 0.029831387808041503
0 0.8625 0.35862516212710766 0.11166666666666668 0.09727626459143969
