0 0.5346774193548387 0.7186813186813187 0.05 0.07032967032967033
0 0.36774193548387096 0.42747252747252745 0.04838709677419355 0.06373626373626373
0 0.37983870967741934 0.3 0.03387096774193549 0.046153846153846156
0 0.7870967741935484 0.48021978021978023 0.035483870967741936 0.041758241758241756
0 0.7870967741935484 0.7186813186813187 0.03225806451612903 0.03956043956043956
0 0.3314516129032258 0.6725274725274726 0.0467741935483871 0.06593406593406594
0 0.5637096774193548 0.554945054945055 0.037096774193548385 0.05934065934065934
0 0.4153225806451613 0.6912087912087912 0.0532258064516129 0.06373626373626373
0 0.4290322580645161 0.4901098901098901 0.054838709677419356 0.07032967032967033
0 0.6967741935483871 0.22747252747252747 0.03870967741935484 0.046153846153846156
0 0.6959677419354838 0.4 0.03387096774193549 0.03956043956043956
0 0.19435483870967743 0.7472527472527473 0.05 0.06153846153846154
0 0.4 0.08021978021978023 0.04838709677419355 0.06813186813186813
0 0.7314516129032258 0.6483516483516484 0.03387096774193549 0.04395604395604395
0 0.3161290322580645 0.7197802197802198 0.04516129032258064 0.05054945054945055
0 0.2806451612903226 0.8791208791208791 0.035483870967741936 0.04835164835164835
0 0.5370967741935484 0.4747252747252747 0.04516129032258064 0.05274725274725275
0 0.38225806451612904 0.15274725274725276 0.04838709677419355 0.054945054945054944
0 0.23870967741935484 0.8054945054945055 0.03870967741935484 0.05054945054945055
0 0.725 0.5 0.03064516129032258 0.041758241758241756
