0 0.9026666666666666 0.42066666666666663 0.18666666666666665 0.16133333333333333
0 0.16466666666666666 0.414 0.14266666666666666 0.15866666666666665
0 0.36066666666666664 0.3373333333333333 0.10533333333333333 0.12
0 0.618 0.18933333333333333 0.15866666666666665 0.16533333333333333
0 0.3893333333333333 0.496 0.12266666666666666 0.11466666666666667
0 0.042666666666666665 0.37 0.08 0.092
0 0.412 0.73 0.11733333333333333 0.11866666666666666
0 0.09066666666666666 0.64 0.176 0.16533333333333333
0 0.08733333333333333 0.19666666666666666 0.132 0.12933333333333333
0 0.204 0.15733333333333333 0.16266666666666665 0.16266666666666665
0 0.27599999999999997 0.35266666666666663 0.09066666666666666 0.09733333333333333
0 0.3993333333333333 0.8686666666666666 0.12933333333333333 0.12666666666666665
0 0.4533333333333333 0.614 0.13333333333333333 0.12133333333333333
