0 0.151875 0.25812619502868067 0.04875 0.07648183556405354
0 0.310625 0.4435946462715105 0.03125 0.049713193116634795
0 0.79 0.8021032504780115 0.065 0.0745697896749522
0 0.333125 0.19885277246653918 0.03625 0.05736137667304015
0 0.368125 0.15678776290630975 0.03625 0.049713193116634795
0 0.47250000000000003 0.4483747609942638 0.035 0.05162523900573614
0 0.28 0.2734225621414914 0.055 0.08795411089866156
0 0.775625 0.7476099426386233 0.05375 0.07648183556405354
0 0.63 0.4933078393881453 0.0375 0.05353728489483747
0 0.230625 0.17782026768642448 0.043750000000000004 0.07648183556405354
0 0.4525 0.260038240917782 0.035 0.05736137667304015
0 0.61125 0.8824091778202676 0.0325 0.055449330783938815
0 0.2925 0.09369024856596558 0.055 0.08795411089866156
0 0.5906250000000001 0.3537284894837476 0.04125 0.05736137667304015
0 0.4225 0.12715105162523901 0.0325 0.055449330783938815
0 0.1125 0.7208413001912045 0.0275 0.03441682600382409
0 0.853125 0.42925430210325044 0.03875 0.04780114722753346
0 0.205625 0.43307839388145314 0.02125 0.03632887189292543
