0 0.8759765625 0.03074670571010249 0.044921875 0.05856515373352855
0 0.203125 0.3814055636896047 0.064453125 0.09809663250366032
0 0.7177734375 0.191800878477306 0.052734375 0.08199121522693997
0 0.16552734375 0.6332357247437774 0.0556640625 0.08345534407027819
0 0.568359375 0.10980966325036604 0.046875 0.07613469985358712
0 0.36572265625 0.8726207906295754 0.0439453125 0.06734992679355783
0 0.138671875 0.10761346998535871 0.03515625 0.05124450951683748
0 0.2421875 0.287701317715959 0.0546875 0.08345534407027819
0 0.8369140625 0.09004392386530015 0.046875 0.06588579795021962
0 0.41845703125 0.5585651537335286 0.0458984375 0.06881405563689605
0 0.466796875 0.26939970717423134 0.0390625 0.06734992679355783
0 0.2275390625 0.5161054172767203 0.046875 0.06881405563689605
0 0.16748046875 0.4780380673499268 0.0556640625 0.08052708638360176
0 0.10107421875 0.5607613469985359 0.0615234375 0.09077598828696926
0 0.6201171875 0.45534407027818447 0.041015625 0.06734992679355783
0 0.71337890625 0.37481698389458273 0.0458984375 0.07906295754026355
0 0.09423828125 0.7371888726207907 0.0556640625 0.06588579795021962
0 0.79248046875 0.20863836017569548 0.0419921875 0.060029282576866766
0 0.6865234375 0.4158125915080527 0.046875 0.04685212298682284
0 0.37353515625 0.691800878477306 0.0478515625 0.08052708638360176
0 0.65380859375 0.18960468521229867 0.0400390625 0.06881405563689605
0 0.28564453125 0.8418740849194729 0.0263671875 0.03806734992679356
0 0.47021484375 0.5226939970717424 0.0498046875 0.07613469985358712
0 0.85009765625 0.21595900439238652 0.0341796875 0.0629575402635432
0 0.44091796875 0.44143484626647145 0.0517578125 0.0746705710102489
0 0.11328125 0.11273792093704246 0.0234375 0.0527086383601757
0 0.49169921875 0.6178623718887262 0.0400390625 0.06734992679355783
0 0.302734375 0.4033674963396779 0.046875 0.06588579795021962
