0 0.37375 0.6352611940298507 0.0525 0.08022388059701492
0 0.4475 0.5550373134328358 0.0525 0.07649253731343283
0 0.3875 0.458955223880597 0.05 0.07462686567164178
0 0.5525 0.7154850746268656 0.06 0.08395522388059701
0 0.3875 0.5531716417910447 0.0525 0.07649253731343283
0 0.43125 0.708955223880597 0.06 0.08955223880597014
0 0.38625 0.3787313432835821 0.05 0.07462686567164178
0 0.610625 0.7220149253731343 0.05375 0.0708955223880597
0 0.39125 0.30783582089552236 0.05 0.07462686567164178
0 0.614375 0.582089552238806 0.05375 0.0708955223880597
0 0.3725 0.7192164179104478 0.0525 0.07649253731343283
0 0.560625 0.5597014925373134 0.05625 0.08582089552238806
0 0.43125 0.6240671641791045 0.0525 0.07649253731343283
0 0.48875 0.6296641791044776 0.0525 0.07649253731343283
0 0.44625000000000004 0.292910447761194 0.05 0.07462686567164178
0 0.491875 0.7145522388059702 0.05375 0.08208955223880597
0 0.544375 0.6417910447761194 0.05375 0.0708955223880597
0 0.608125 0.6529850746268656 0.05375 0.0708955223880597
0 0.505 0.5550373134328358 0.0525 0.07649253731343283
