0 0.4341666666666667 0.14444444444444443 0.04166666666666667 0.06222222222222222
0 0.39708333333333334 0.07722222222222222 0.035833333333333335 0.052222222222222225
0 0.37375 0.12277777777777778 0.030833333333333334 0.05444444444444444
0 0.30208333333333337 0.8294444444444444 0.09916666666666667 0.1388888888888889
0 0.47458333333333336 0.155 0.0475 0.06111111111111111
0 0.41125 0.1938888888888889 0.03416666666666667 0.05444444444444444
0 0.4004166666666667 0.1338888888888889 0.03416666666666667 0.056666666666666664
0 0.42875 0.08944444444444444 0.0425 0.058888888888888886
0 0.52375 0.14722222222222223 0.0475 0.06111111111111111
0 0.3816666666666667 0.17944444444444443 0.028333333333333335 0.03888888888888889
0 0.48875 0.20944444444444443 0.050833333333333335 0.03888888888888889
0 0.4904166666666667 0.09833333333333333 0.04916666666666667 0.05444444444444444
0 0.4295833333333334 0.03833333333333333 0.0475 0.04777777777777778
0 0.49125 0.042777777777777776 0.04916666666666667 0.05444444444444444
0 0.44833333333333336 0.20444444444444446 0.045000000000000005 0.05333333333333333
0 0.3541666666666667 0.1622222222222222 0.035 0.04666666666666667
