0 0.6864181091877497 0.3333333333333333 0.04660452729693742 0.0625
0 0.6677762982689748 0.2 0.05459387483355526 0.075
0 0.19107856191744343 0.41562499999999997 0.049267643142476704 0.06458333333333333
0 0.24101198402130494 0.8354166666666667 0.045272969374167776 0.05416666666666667
0 0.19507323568575236 0.13645833333333332 0.05193075898801598 0.08125
0 0.729693741677763 0.8 0.04793608521970706 0.07083333333333333
0 0.08988015978695074 0.553125 0.05459387483355526 0.07708333333333334
0 0.30958721704394143 0.18020833333333333 0.04394141145139814 0.06458333333333333
0 0.7689747003994675 0.4083333333333333 0.05459387483355526 0.075
0 0.36884154460719043 0.035416666666666666 0.045272969374167776 0.06666666666666667
0 0.7183754993342211 0.434375 0.05459387483355526 0.07291666666666667
0 0.3628495339547271 0.15520833333333334 0.057256990679094545 0.06458333333333333
0 0.23901464713715048 0.15520833333333334 0.041278295605858856 0.06458333333333333
0 0.10053262316910787 0.16354166666666667 0.03595206391478029 0.04791666666666666
