0 0.94453125 0.753125 0.1078125 0.2
0 0.6921875000000001 0.909375 0.171875 0.18125000000000002
0 0.79609375 0.8640625000000001 0.1796875 0.27187500000000003
0 0.453125 0.7203125 0.1 0.178125
0 0.19296875000000002 0.703125 0.0921875 0.1
0 0.27578125000000003 0.815625 0.1328125 0.17500000000000002
0 0.6546875000000001 0.7546875000000001 0.115625 0.209375
0 0.18515625000000002 0.6218750000000001 0.08281250000000001 0.1
0 0.53125 0.8609375 0.140625 0.253125
0 0.9750000000000001 0.909375 0.046875 0.17500000000000002
