0 0.9114285714285715 0.8618843683083512 0.17142857142857143 0.23768736616702357
0 0.7692857142857142 0.9132762312633833 0.18142857142857144 0.16488222698072805
0 0.18928571428571428 0.9346895074946467 0.20142857142857143 0.12205567451820129
0 0.12 0.7912205567451821 0.10857142857142857 0.24197002141327625
0 0.5992857142857143 0.9250535331905783 0.2357142857142857 0.13276231263383298
0 0.05785714285714286 0.815845824411135 0.11285714285714285 0.30406852248394006
0 0.2307142857142857 0.6648822269807281 0.13285714285714287 0.14346895074946467
0 0.2935714285714286 0.8019271948608138 0.17285714285714285 0.2119914346895075
0 0.36857142857142855 0.9057815845824412 0.18285714285714286 0.1841541755888651
0 0.6621428571428571 0.8094218415417559 0.09285714285714286 0.1498929336188437
0 0.5292857142857142 0.8115631691648822 0.21857142857142858 0.28693790149892934
