0 0.9177018633540373 0.3153310104529617 0.16459627329192544 0.16376306620209058
0 0.5729813664596273 0.5801393728222997 0.18944099378881987 0.20557491289198607
0 0.9177018633540373 0.11672473867595819 0.16459627329192544 0.2264808362369338
0 0.7748447204968943 0.8257839721254355 0.2577639751552795 0.29965156794425085
0 0.7779503105590062 0.10975609756097561 0.20807453416149066 0.21254355400696864
0 0.2639751552795031 0.5156794425087108 0.22981366459627328 0.23693379790940766
0 0.2872670807453416 0.10104529616724739 0.21428571428571427 0.1951219512195122
0 0.936335403726708 0.7926829268292683 0.12732919254658384 0.25435540069686413
0 0.12422360248447203 0.7125435540069687 0.19254658385093165 0.23344947735191637
0 0.8012422360248447 0.44076655052264807 0.24844720496894407 0.2264808362369338
0 0.3850931677018633 0.6393728222996515 0.24844720496894407 0.16376306620209058
0 0.5667701863354037 0.23519163763066203 0.18322981366459626 0.2264808362369338
0 0.24223602484472048 0.9372822299651568 0.17391304347826086 0.11846689895470383
0 0.3152173913043478 0.7839721254355401 0.2329192546583851 0.24390243902439024
0 0.4549689440993788 0.42857142857142855 0.2329192546583851 0.27177700348432055
0 0.5357142857142857 0.7874564459930313 0.22670807453416147 0.2229965156794425
0 0.20186335403726707 0.2926829268292683 0.22981366459627328 0.23693379790940766
0 0.08850931677018634 0.5766550522648084 0.17080745341614906 0.24041811846689895
0 0.5745341614906831 0.08362369337979095 0.18012422360248445 0.1602787456445993
