0 0.41000000000000003 0.39333333333333337 0.145 0.18666666666666668
0 0.96 0.24333333333333335 0.08 0.18666666666666668
0 0.9425 0.035 0.11 0.06333333333333334
0 0.56375 0.20333333333333334 0.14250000000000002 0.18666666666666668
0 0.915 0.9066666666666667 0.17 0.18000000000000002
0 0.25 0.34500000000000003 0.17500000000000002 0.22333333333333336
0 0.105 0.29833333333333334 0.155 0.20333333333333334
0 0.16 0.7416666666666667 0.18 0.22333333333333336
0 0.56 0.38 0.14 0.18000000000000002
0 0.33 0.4783333333333334 0.12 0.11666666666666667
0 0.5325 0.058333333333333334 0.115 0.11
0 0.085 0.16 0.15 0.16
0 0.6425 0.04666666666666667 0.11 0.08666666666666667
0 0.35625 0.8133333333333334 0.1625 0.15333333333333335
0 0.7475 0.9 0.185 0.19333333333333336
0 0.33875 0.64 0.17250000000000001 0.22666666666666668
0 0.9550000000000001 0.5633333333333334 0.09 0.22
0 0.73625 0.625 0.1775 0.2366666666666667
0 0.43625 0.13333333333333333 0.1475 0.2
0 0.19 0.5383333333333333 0.16 0.18333333333333335
