0 0.8 0.763765541740675 0.112 0.19182948490230906
0 0.3835 0.919182948490231 0.129 0.1616341030195382
0 0.096 0.24866785079928952 0.04 0.04973357015985791
0 0.537 0.7584369449378331 0.128 0.22380106571936056
0 0.224 0.29307282415630553 0.052000000000000005 0.09236234458259325
0 0.833 0.9280639431616341 0.084 0.1438721136767318
0 0.734 0.8587921847246892 0.13 0.2113676731793961
0 0.1805 0.3152753108348135 0.049 0.06927175843694494
0 0.8425 0.6216696269982238 0.10300000000000001 0.15985790408525755
0 0.34600000000000003 0.2966252220248668 0.05 0.056838365896980464
0 0.61 0.9014209591474246 0.13 0.18650088809946716
0 0.296 0.27087033747779754 0.048 0.07992895204262877
0 0.6345000000000001 0.6865008880994672 0.101 0.19360568383658971
0 0.443 0.2690941385435169 0.046 0.0586145648312611
0 0.394 0.2655417406749556 0.058 0.09058614564831262
0 0.29 0.7184724689165187 0.068 0.09058614564831262
0 0.8855000000000001 0.7877442273534636 0.083 0.18650088809946716
0 0.166 0.19538188277087035 0.042 0.056838365896980464
0 0.7010000000000001 0.6039076376554174 0.106 0.1705150976909414
0 0.499 0.9245115452930729 0.10400000000000001 0.14031971580817051
0 0.343 0.8472468916518651 0.106 0.16341030195381884
0 0.224 0.18738898756660746 0.048 0.07282415630550622
0 0.537 0.613676731793961 0.098 0.13321492007104796
0 0.11900000000000001 0.18738898756660746 0.046 0.05150976909413855
