0 0.3016666666666667 0.8205555555555556 0.20333333333333334 0.21
0 0.75 0.5816666666666667 0.21333333333333332 0.1922222222222222
0 0.4738888888888889 0.6838888888888889 0.22777777777777777 0.22111111111111112
0 0.9394444444444444 0.5805555555555556 0.11666666666666667 0.22777777777777777
0 0.9427777777777778 0.8477777777777777 0.11 0.23777777777777778
0 0.8405555555555555 0.7294444444444445 0.23 0.2411111111111111
0 0.37777777777777777 0.8872222222222222 0.2644444444444444 0.21666666666666667
0 0.6644444444444444 0.8322222222222222 0.22444444444444445 0.17555555555555555
0 0.6588888888888889 0.7133333333333334 0.15333333333333332 0.08666666666666667
0 0.8077777777777778 0.9388888888888889 0.3088888888888889 0.11555555555555555
