0 0.53 0.084 0.26 0.16
0 0.128 0.796 0.24 0.232
0 0.046 0.47000000000000003 0.084 0.132
0 0.202 0.314 0.244 0.23600000000000002
0 0.356 0.8180000000000001 0.232 0.228
0 0.892 0.582 0.216 0.292
0 0.648 0.52 0.224 0.216
0 0.194 0.168 0.18 0.112
0 0.48 0.642 0.216 0.20400000000000001
0 0.296 0.558 0.216 0.22
0 0.422 0.9560000000000001 0.23600000000000002 0.088
0 0.85 0.838 0.292 0.292
0 0.336 0.098 0.184 0.188
0 0.538 0.28800000000000003 0.26 0.272
0 0.068 0.34 0.128 0.176
0 0.7020000000000001 0.358 0.156 0.196
0 0.59 0.776 0.252 0.264
0 0.706 0.14200000000000002 0.212 0.23600000000000002
0 0.812 0.246 0.136 0.116
0 0.082 0.618 0.156 0.196
0 0.376 0.274 0.14400000000000002 0.196
0 0.6880000000000001 0.9400000000000001 0.264 0.112
0 0.876 0.388 0.248 0.264
