0 0.2072570725707257 0.30775862068965515 0.12423124231242313 0.1879310344827586
0 0.2810578105781058 0.4568965517241379 0.14391143911439114 0.20689655172413793
0 0.2921279212792128 0.7137931034482758 0.15621156211562115 0.23103448275862068
0 0.4225092250922509 0.8112068965517242 0.11931119311193113 0.16379310344827586
0 0.470479704797048 0.4267241379310345 0.17589175891758918 0.253448275862069
0 0.6623616236162362 0.6431034482758621 0.13161131611316113 0.19310344827586207
0 0.7915129151291513 0.9215517241379311 0.16113161131611317 0.15689655172413794
0 0.33825338253382536 0.2681034482758621 0.16236162361623616 0.21551724137931033
0 0.6666666666666667 0.814655172413793 0.12546125461254612 0.16379310344827586
0 0.7988929889298894 0.5655172413793104 0.13407134071340715 0.19310344827586207
0 0.523370233702337 0.13879310344827586 0.13407134071340715 0.19482758620689655
0 0.48031980319803197 0.7310344827586207 0.13899138991389914 0.19310344827586207
0 0.7773677736777368 0.25 0.14022140221402216 0.18275862068965518
0 0.5596555965559655 0.5077586206896552 0.15006150061500614 0.2189655172413793
0 0.03013530135301353 0.5275862068965517 0.05781057810578106 0.07586206896551724
0 0.1961869618696187 0.628448275862069 0.12915129151291513 0.20172413793103447
