0 0.8973333333333333 0.08540925266903915 0.03733333333333333 0.042704626334519574
0 0.974 0.022241992882562275 0.03333333333333333 0.037366548042704624
0 0.5073333333333333 0.31049822064056937 0.030666666666666665 0.04092526690391459
0 0.498 0.35231316725978645 0.030666666666666665 0.0498220640569395
0 0.8606666666666667 0.26245551601423484 0.028 0.037366548042704624
0 0.8266666666666667 0.07295373665480427 0.03733333333333333 0.042704626334519574
0 0.9306666666666666 0.34430604982206403 0.026666666666666665 0.03380782918149466
0 0.8346666666666667 0.2597864768683274 0.026666666666666665 0.03202846975088968
0 0.5193333333333333 0.16992882562277578 0.028 0.037366548042704624
0 0.5146666666666666 0.27402135231316727 0.032 0.03914590747330961
0 0.8433333333333333 0.3042704626334519 0.025333333333333333 0.03202846975088968
0 0.7626666666666666 0.29537366548042704 0.029333333333333333 0.03914590747330961
0 0.9346666666666666 0.297153024911032 0.032 0.03914590747330961
0 0.5546666666666666 0.13345195729537365 0.032 0.03558718861209964
0 0.8126666666666666 0.33985765124555156 0.025333333333333333 0.03202846975088968
0 0.7486666666666666 0.04181494661921708 0.03333333333333333 0.04092526690391459
