0 0.5881696428571428 0.7006200177147919 0.05357142857142857 0.042515500442869794
0 0.9508928571428571 0.8906111603188663 0.06026785714285714 0.04517271922054916
0 0.47879464285714285 0.516829052258636 0.04464285714285714 0.03631532329495128
0 0.9068080357142857 0.8649247121346324 0.06361607142857142 0.050487156775907885
0 0.8800223214285714 0.4596988485385297 0.07700892857142856 0.049601417183348095
0 0.5970982142857143 0.1355181576616475 0.04464285714285714 0.03720106288751107
0 0.21316964285714285 0.8658104517271923 0.046875 0.03454384410983171
0 0.5128348214285714 0.0779450841452613 0.04352678571428571 0.0354295837023915
0 0.5167410714285714 0.691762621789194 0.05133928571428571 0.04074402125775022
0 0.8426339285714285 0.7063773250664305 0.049107142857142856 0.03985828166519043
0 0.34319196428571425 0.3015943312666076 0.0390625 0.03454384410983171
0 0.46037946428571425 0.11913197519929142 0.041294642857142856 0.03454384410983171
0 0.5245535714285714 0.11647475642161205 0.03794642857142857 0.03454384410983171
0 0.45982142857142855 0.8658104517271923 0.04464285714285714 0.03277236492471214
0 0.8108258928571428 0.6067316209034544 0.047991071428571425 0.03720106288751107
0 0.24944196428571427 0.3609388839681134 0.04575892857142857 0.029229406554472984
0 0.6517857142857143 0.042515500442869794 0.040178571428571425 0.0354295837023915
0 0.2550223214285714 0.3317094774136404 0.036830357142857144 0.03100088573959256
0 0.20535714285714285 0.5735163861824624 0.049107142857142856 0.029229406554472984
0 0.6595982142857143 0.09477413640389726 0.049107142857142856 0.03720106288751107
0 0.6116071428571428 0.43888396811337466 0.05133928571428571 0.03985828166519043
0 0.9670758928571428 0.39946855624446415 0.047991071428571425 0.03897254207263065
0 0.8577008928571428 0.25597874224977857 0.05022321428571428 0.047829937998228524
0 0.6897321428571428 0.20947741364038974 0.055803571428571425 0.03808680248007086
