0 0.19884615384615384 0.1362162162162162 0.03769230769230769 0.04972972972972973
0 0.3446153846153846 0.62 0.027692307692307693 0.03567567567567568
0 0.15307692307692308 0.1437837837837838 0.038461538461538464 0.05405405405405406
0 0.1576923076923077 0.372972972972973 0.033846153846153845 0.04972972972972973
0 0.11692307692307692 0.5783783783783784 0.04 0.05621621621621622
0 0.1776923076923077 0.23513513513513515 0.03538461538461538 0.04432432432432432
0 0.23192307692307693 0.21297297297297296 0.03769230769230769 0.04972972972972973
0 0.2526923076923077 0.5243243243243243 0.03307692307692308 0.04756756756756757
0 0.16 0.3248648648648649 0.038461538461538464 0.057297297297297295
0 0.18884615384615386 0.6962162162162162 0.031538461538461536 0.032432432432432434
0 0.1753846153846154 0.6821621621621622 0.03538461538461538 0.04972972972972973
0 0.1926923076923077 0.8200000000000001 0.036153846153846154 0.04864864864864865
