0 0.18978444236176195 0.07125000000000001 0.04592314901593252 0.0625
0 0.2830365510777882 0.658125 0.056232427366447985 0.07125000000000001
0 0.2408622305529522 0.6925 0.04498594189315839 0.0675
0 0.3041237113402062 0.71875 0.038425492033739454 0.0525
0 0.5866916588566073 0.928125 0.056232427366447985 0.07875
0 0.23851921274601687 0.043750000000000004 0.04217432052483599 0.05
0 0.718369259606373 0.55375 0.07778819119025304 0.0825
0 0.46954076850984067 0.630625 0.04311152764761012 0.051250000000000004
0 0.045454545454545456 0.240625 0.025304592314901595 0.03625
0 0.48125585754451733 0.093125 0.044048734770384255 0.058750000000000004
0 0.08528584817244611 0.281875 0.028116213683223992 0.03125
0 0.5468603561387066 0.150625 0.051546391752577324 0.06375
0 0.6640112464854733 0.87375 0.06091846298031865 0.085
0 0.7947516401124649 0.8618750000000001 0.04311152764761012 0.07125000000000001
0 0.49531396438612935 0.3075 0.04029990627928772 0.0525
0 0.8598875351452672 0.295625 0.051546391752577324 0.06625
0 0.05998125585754452 0.57375 0.033739456419868794 0.035
0 0.08434864104967198 0.24625 0.03561387066541706 0.0425
0 0.7947516401124649 0.539375 0.07497656982193066 0.09375
0 0.8280224929709465 0.3875 0.08153701968134958 0.085
0 0.604967197750703 0.38 0.044048734770384255 0.06
