0 0.6295000000000001 0.3577777777777778 0.026000000000000002 0.04533333333333334
0 0.6945 0.8155555555555556 0.021 0.04888888888888889
0 0.906 0.604 0.036000000000000004 0.06844444444444445
0 0.5595 0.40622222222222226 0.025 0.03911111111111111
0 0.932 0.7933333333333333 0.057 0.08977777777777778
0 0.9772500000000001 0.4528888888888889 0.0455 0.10044444444444445
0 0.74025 0.8386666666666667 0.0475 0.07555555555555556
0 0.79725 0.7075555555555556 0.0405 0.07466666666666667
0 0.6185 0.8866666666666667 0.027 0.043555555555555556
0 0.89325 0.4444444444444445 0.0585 0.09066666666666667
0 0.988 0.21955555555555556 0.023 0.04977777777777778
0 0.9692500000000001 0.7293333333333334 0.0585 0.10755555555555556
0 0.7085 0.36000000000000004 0.024 0.04266666666666667
0 0.94475 0.19244444444444445 0.051500000000000004 0.09155555555555556
0 0.531 0.9573333333333334 0.019 0.03911111111111111
0 0.70725 0.612 0.0345 0.06311111111111112
0 0.7192500000000001 0.8022222222222223 0.0315 0.0648888888888889
0 0.57725 0.9293333333333333 0.0305 0.059555555555555556
0 0.639 0.5502222222222223 0.034 0.05688888888888889
0 0.25375000000000003 0.8648888888888889 0.0185 0.032
0 0.5145 0.7795555555555556 0.022 0.04088888888888889
0 0.5875 0.11377777777777778 0.022 0.03377777777777778
0 0.42925 0.6866666666666666 0.0275 0.04533333333333334
0 0.6865 0.3635555555555556 0.02 0.037333333333333336
