0 0.16859791425260717 0.5719424460431655 0.0776361529548088 0.04748201438848921
0 0.8360370799536501 0.30287769784172663 0.08458864426419467 0.050359712230215826
0 0.7022016222479722 0.15143884892086332 0.12514484356894554 0.07266187050359713
0 0.8870220162224797 0.32661870503597124 0.0776361529548088 0.0460431654676259
0 0.21089223638470453 0.7356115107913669 0.07184241019698726 0.03956834532374101
0 0.22074159907300114 0.3881294964028777 0.054461181923522596 0.022302158273381296
0 0.2010428736964079 0.41115107913669063 0.05214368482039397 0.026618705035971222
0 0.3499420625724218 0.7294964028776979 0.04171494785631518 0.025899280575539568
0 0.7195828505214369 0.25971223021582734 0.04866743916570104 0.031654676258992806
0 0.2097334878331402 0.612589928057554 0.07647740440324449 0.04388489208633094
0 0.6674391657010429 0.2953237410071943 0.07415990730011587 0.04964028776978417
0 0.022595596755504054 0.7464028776978417 0.04287369640787949 0.03381294964028777
0 0.3186558516801854 0.50431654676259 0.06025492468134415 0.04460431654676259
0 0.5139049826187717 0.3129496402877698 0.07531865585168018 0.04748201438848921
0 0.11529548088064889 0.5248201438848921 0.06141367323290846 0.03237410071942446
0 0.08053302433371959 0.4805755395683453 0.06836616454229433 0.03741007194244604
0 0.15121668597914253 0.40215827338129495 0.054461181923522596 0.03597122302158273
0 0.43568945538818077 0.45755395683453237 0.06025492468134415 0.03741007194244604
0 0.6964078794901506 0.16870503597122302 0.03707995365005794 0.026618705035971222
0 0.10950173812282735 0.5071942446043166 0.047508690614136734 0.02446043165467626
0 0.7219003476245655 0.13884892086330936 0.08111239860950174 0.04892086330935252
0 0.6546929316338355 0.1643884892086331 0.07647740440324449 0.055395683453237414
0 0.26593279258400926 0.576978417266187 0.0660486674391657 0.04748201438848921
0 0.7468134414831982 0.270863309352518 0.056778679026651215 0.03525179856115108
0 0.5121668597914253 0.441726618705036 0.06488991888760139 0.030215827338129497
0 0.7190034762456546 0.18705035971223022 0.0776361529548088 0.050359712230215826
0 0.19177288528389339 0.6992805755395683 0.08458864426419467 0.04892086330935252
0 0.7775202780996524 0.35575539568345327 0.06488991888760139 0.04244604316546763
0 0.6019698725376593 0.2956834532374101 0.07300115874855156 0.051798561151079135
