0 0.688 0.25266903914590744 0.27999999999999997 0.3238434163701067
0 0.10466666666666666 0.09163701067615658 0.20666666666666667 0.1797153024911032
0 0.12466666666666666 0.795373665480427 0.24666666666666665 0.34519572953736655
0 0.33 0.6530249110320284 0.244 0.3167259786476868
0 0.4666666666666667 0.20284697508896796 0.184 0.26334519572953735
0 0.048666666666666664 0.25355871886120995 0.09466666666666666 0.26512455516014233
0 0.6819999999999999 0.9670818505338078 0.08666666666666667 0.06227758007117437
0 0.8453333333333333 0.9181494661921707 0.30933333333333335 0.15658362989323843
0 0.282 0.11832740213523131 0.22266666666666665 0.23309608540925267
0 0.374 0.9048042704626335 0.28933333333333333 0.1903914590747331
0 0.17266666666666666 0.5115658362989324 0.22533333333333333 0.28291814946619215
0 0.19733333333333333 0.2784697508896797 0.25866666666666666 0.2686832740213523
0 0.05333333333333333 0.5177935943060498 0.104 0.2669039145907473
0 0.9106666666666666 0.73932384341637 0.17333333333333334 0.3113879003558719
0 0.8193333333333334 0.4893238434163701 0.292 0.39145907473309605
0 0.39799999999999996 0.37277580071174377 0.27066666666666667 0.3113879003558719
0 0.6293333333333333 0.5800711743772242 0.24 0.3238434163701067
0 0.5373333333333333 0.842526690391459 0.2853333333333333 0.3113879003558719
0 0.6466666666666666 0.09697508896797152 0.2693333333333333 0.1903914590747331
