0 0.4020501138952164 0.24831081081081083 0.1480637813211845 0.13851351351351351
0 0.7061503416856492 0.20101351351351351 0.14578587699316628 0.08445945945945946
0 0.285876993166287 0.23986486486486489 0.13439635535307518 0.13513513513513514
0 0.5671981776765376 0.24324324324324326 0.16856492027334852 0.14189189189189189
0 0.8052391799544418 0.24493243243243246 0.15717539863325738 0.13851351351351351
0 0.806378132118451 0.6824324324324325 0.1184510250569476 0.11486486486486487
0 0.23462414578587698 0.6942567567567568 0.1184510250569476 0.09797297297297297
0 0.5296127562642369 0.6875 0.0979498861047836 0.11148648648648649
0 0.3929384965831435 0.6908783783783784 0.1662870159453303 0.11148648648648649
0 0.6389521640091116 0.6807432432432433 0.1480637813211845 0.11148648648648649
