0 0.1665 0.187593423019432 0.029 0.043348281016442454
0 0.28200000000000003 0.04110612855007474 0.068 0.07922272047832586
0 0.3815 0.09491778774289986 0.067 0.1031390134529148
0 0.164 0.8139013452914798 0.044 0.04035874439461883
0 0.3015 0.16741405082212257 0.079 0.11659192825112108
0 0.17300000000000001 0.7907324364723468 0.044 0.044843049327354265
0 0.291 0.34977578475336324 0.06 0.08968609865470853
0 0.159 0.04932735426008969 0.058 0.08669656203288491
0 0.1795 0.523168908819133 0.031 0.029895366218236175
0 0.20600000000000002 0.07399103139013453 0.052000000000000005 0.07025411061285501
0 0.5 0.5508221225710015 0.044 0.07025411061285501
0 0.394 0.4275037369207773 0.066 0.09566517189835576
0 0.3695 0.3251121076233184 0.075 0.10911808669656203
