0 0.5068359375 0.8923865300146413 0.09375 0.12152269399707175
0 0.21826171875 0.9421669106881406 0.1064453125 0.10980966325036604
0 0.27978515625 0.876281112737921 0.0908203125 0.1390922401171303
0 0.052734375 0.8960468521229868 0.09765625 0.14348462664714495
0 0.43017578125 0.9524158125915081 0.0927734375 0.0951683748169839
0 0.03955078125 0.9472913616398243 0.0771484375 0.1054172767203514
0 0.33056640625 0.9560761346998536 0.0927734375 0.08784773060029283
0 0.2880859375 0.7489019033674964 0.09765625 0.13030746705710103
0 0.18701171875 0.8396778916544656 0.0908203125 0.13323572474377746
0 0.23779296875 0.66398243045388 0.0810546875 0.12152269399707175
