0 0.537821482602118 0.4130105900151286 0.19062027231467474 0.2087745839636914
0 0.3437972768532527 0.39561270801815435 0.20347957639939487 0.19364599092284418
0 0.5177760968229955 0.05862329803328291 0.14447806354009077 0.09001512859304085
0 0.5260968229954615 0.14712556732223903 0.13842662632375188 0.12178517397881997
0 0.6679273827534039 0.08320726172465961 0.15431164901664146 0.10741301059001514
0 0.3891830559757943 0.24470499243570348 0.1913767019667171 0.1459909228441755
0 0.2371406959152799 0.14372163388804843 0.1520423600605144 0.12556732223903178
0 0.26626323751891073 0.059757942511346446 0.1422087745839637 0.08623298033282904
0 0.7734493192133132 0.2083963691376702 0.10665658093797277 0.13691376701966718
0 0.5616490166414524 0.27760968229954613 0.1535552193645991 0.12405446293494705
0 0.16225416036308624 0.4073373676248109 0.1747352496217852 0.197428139183056
0 0.2197428139183056 0.2636157337367625 0.170196671709531 0.16565809379727686
0 0.7125567322239031 0.36157337367624814 0.19213313161875947 0.17549167927382753
0 0.5416036308623298 0.6384266263237519 0.2254160363086233 0.24357034795763993
0 0.8449319213313162 0.4682299546142209 0.2027231467473525 0.21936459909228442
0 0.13350983358547655 0.6380484114977307 0.2443267776096823 0.22919818456883512
0 0.3415279878971256 0.6875945537065054 0.2367624810892587 0.22087745839636913
0 0.6565809379727685 0.19251134644478063 0.18456883509833585 0.18229954614220878
0 0.38199697428139184 0.1021180030257186 0.1361573373676248 0.11951588502269289
0 0.846444780635401 0.6917549167927383 0.25869894099848717 0.2065052950075643
