0 0.10157367668097282 0.47685185185185186 0.0815450643776824 0.10555555555555556
0 0.3801859799713877 0.8953703703703704 0.08941344778254649 0.10185185185185186
0 0.4957081545064378 0.2513888888888889 0.06866952789699571 0.09351851851851853
0 0.04363376251788269 0.3023148148148148 0.0815450643776824 0.10648148148148148
0 0.11301859799713877 0.29212962962962963 0.0815450643776824 0.10648148148148148
0 0.4395565092989986 0.23148148148148148 0.056509298998569386 0.061111111111111116
0 0.3512160228898426 0.20925925925925926 0.09298998569384835 0.13148148148148148
0 0.8969957081545065 0.6541666666666667 0.07582260371959942 0.11203703703703705
0 0.4917739628040057 0.8791666666666667 0.07224606580829757 0.1175925925925926
0 0.6852646638054364 0.8361111111111111 0.07296137339055794 0.0962962962962963
