0 0.23450000000000001 0.37256371814092953 0.029 0.04047976011994003
0 0.8365 0.29610194902548725 0.037 0.04947526236881559
0 0.2185 0.33883058470764615 0.031 0.041979010494752625
0 0.271 0.25862068965517243 0.044 0.06746626686656672
0 0.10200000000000001 0.3995502248875562 0.036000000000000004 0.046476761619190406
0 0.157 0.3320839580209895 0.036000000000000004 0.043478260869565216
0 0.966 0.4760119940029985 0.042 0.046476761619190406
0 0.171 0.56071964017991 0.036000000000000004 0.047976011994003
0 0.38 0.21814092953523237 0.05 0.06146926536731634
0 0.48 0.24662668665667165 0.066 0.0914542728635682
0 0.87 0.10719640179910045 0.034 0.034482758620689655
0 0.394 0.4662668665667166 0.052000000000000005 0.07796101949025487
0 0.8300000000000001 0.3275862068965517 0.036000000000000004 0.046476761619190406
0 0.3945 0.2736131934032983 0.047 0.07346326836581708
0 0.363 0.4752623688155922 0.038 0.07196401799100449
0 0.248 0.1656671664167916 0.044 0.06746626686656672
0 0.5005000000000001 0.33958020989505244 0.07100000000000001 0.10344827586206896
0 0.7275 0.038980509745127435 0.031 0.04497751124437781
0 0.66 0.1176911544227886 0.038 0.05247376311844078
0 0.9275 0.4745127436281859 0.039 0.043478260869565216
0 0.131 0.4212893553223388 0.046 0.05397301349325337
0 0.9745 0.10569715142428786 0.037 0.043478260869565216
0 0.792 0.1424287856071964 0.04 0.05397301349325337
0 0.7075 0.05697151424287856 0.025 0.04497751124437781
