0 0.1975 0.6666666666666666 0.07500000000000001 0.13015873015873017
0 0.18875 0.5293650793650794 0.07416666666666667 0.14444444444444443
0 0.03958333333333334 0.6833333333333333 0.0775 0.14761904761904762
0 0.12166666666666667 0.6880952380952381 0.085 0.14126984126984127
0 0.024583333333333336 0.5222222222222223 0.0475 0.11428571428571428
0 0.35250000000000004 0.6277777777777778 0.06666666666666667 0.13174603174603175
0 0.36375 0.7404761904761905 0.0575 0.10317460317460317
0 0.29458333333333336 0.753968253968254 0.0675 0.1111111111111111
0 0.08416666666666667 0.5658730158730159 0.085 0.13174603174603175
0 0.27166666666666667 0.6587301587301587 0.06166666666666667 0.13015873015873017
