0 0.744873046875 0.9326007326007326 0.07763671875 0.10695970695970695
0 0.678466796875 0.5952380952380952 0.06005859375 0.07838827838827839
0 0.633544921875 0.46373626373626375 0.05712890625 0.0879120879120879
0 0.71630859375 0.8351648351648352 0.0654296875 0.09816849816849817
0 0.835693359375 0.6684981684981685 0.06103515625 0.07838827838827839
0 0.7392578125 0.5827838827838828 0.0673828125 0.08717948717948718
0 0.5400390625 0.6992673992673992 0.0537109375 0.07106227106227106
0 0.768798828125 0.6509157509157509 0.07080078125 0.08571428571428572
0 0.5302734375 0.4981684981684982 0.0546875 0.0761904761904762
0 0.71630859375 0.5223443223443224 0.0654296875 0.0673992673992674
0 0.858642578125 0.9622710622710623 0.06787109375 0.07545787545787545
0 0.356689453125 0.9600732600732601 0.06494140625 0.07985347985347985
0 0.912353515625 0.626007326007326 0.06689453125 0.08717948717948718
0 0.876708984375 0.7446886446886447 0.07958984375 0.11208791208791209
0 0.866943359375 0.889010989010989 0.06787109375 0.09743589743589744
0 0.639892578125 0.8545787545787545 0.06591796875 0.11062271062271062
0 0.611083984375 0.6003663003663003 0.06396484375 0.07985347985347985
0 0.644775390625 0.7391941391941392 0.06298828125 0.09230769230769231
0 0.703857421875 0.6706959706959706 0.06396484375 0.08278388278388278
0 0.64453125 0.6644688644688644 0.0537109375 0.07472527472527472
0 0.476806640625 0.9172161172161172 0.06298828125 0.09523809523809523
0 0.855712890625 0.6205128205128205 0.05322265625 0.07032967032967033
0 0.535888671875 0.7717948717948718 0.05126953125 0.07545787545787545
0 0.97509765625 0.952014652014652 0.0498046875 0.09597069597069598
0 0.552978515625 0.3956043956043956 0.05029296875 0.07326007326007326
0 0.800048828125 0.8765567765567766 0.05908203125 0.09597069597069598
0 0.3603515625 0.7146520146520147 0.0615234375 0.0945054945054945
0 0.52734375 0.3626373626373626 0.044921875 0.06446886446886446
0 0.41943359375 0.39853479853479856 0.0517578125 0.07472527472527472
0 0.568603515625 0.6373626373626373 0.05126953125 0.08205128205128205
0 0.30029296875 0.773992673992674 0.0546875 0.09157509157509157
0 0.322509765625 0.8644688644688645 0.05224609375 0.08058608058608059
0 0.39013671875 0.8194139194139194 0.078125 0.11355311355311355
0 0.4541015625 0.5139194139194139 0.0615234375 0.09010989010989011
0 0.6845703125 0.9029304029304029 0.052734375 0.08717948717948718
0 0.68994140625 0.4523809523809524 0.056640625 0.08864468864468865
0 0.578857421875 0.8344322344322345 0.06689453125 0.09963369963369964
0 0.490966796875 0.8087912087912088 0.05322265625 0.08937728937728938
0 0.94189453125 0.764102564102564 0.0654296875 0.09816849816849817
0 0.5263671875 0.8772893772893773 0.0517578125 0.08131868131868132
0 0.83642578125 0.8065934065934066 0.068359375 0.09377289377289377
0 0.855224609375 0.5113553113553113 0.05322265625 0.07472527472527472
0 0.48388671875 0.4523809523809524 0.0615234375 0.09010989010989011
0 0.525146484375 0.9571428571428572 0.07275390625 0.08571428571428572
0 0.600341796875 0.5274725274725275 0.05908203125 0.0761904761904762
0 0.800537109375 0.9575091575091575 0.06005859375 0.08498168498168499
0 0.704345703125 0.7457875457875458 0.05810546875 0.07326007326007326
0 0.6796875 0.7915750915750915 0.0654296875 0.10036630036630037
0 0.447509765625 0.8465201465201465 0.04931640625 0.07252747252747253
0 0.904541015625 0.856043956043956 0.07177734375 0.1076923076923077
