0 0.1162109375 0.466966966966967 0.111328125 0.15315315315315314
0 0.67333984375 0.78003003003003 0.1064453125 0.18468468468468469
0 0.29248046875 0.8581081081081081 0.1123046875 0.19369369369369369
0 0.59228515625 0.8138138138138138 0.1025390625 0.1831831831831832
0 0.26025390625 0.5668168168168168 0.1103515625 0.14864864864864866
0 0.451171875 0.7432432432432432 0.1015625 0.17417417417417416
0 0.1845703125 0.816066066066066 0.1015625 0.19369369369369369
0 0.341796875 0.5570570570570571 0.09765625 0.15015015015015015
0 0.220703125 0.44294294294294295 0.10546875 0.16816816816816815
0 0.14501953125 0.6141141141141141 0.1103515625 0.17117117117117117
0 0.0732421875 0.8483483483483484 0.123046875 0.1981981981981982
0 0.048828125 0.5878378378378378 0.095703125 0.16966966966966968
0 0.26171875 0.698948948948949 0.111328125 0.16366366366366367
0 0.3671875 0.7785285285285285 0.103515625 0.16966966966966968
