0 0.201171875 0.619140625 0.28515625 0.20703125
0 0.60546875 0.287109375 0.2734375 0.17578125
0 0.498046875 0.51953125 0.32421875 0.1484375
0 0.5859375 0.833984375 0.34375 0.25390625
0 0.775390625 0.361328125 0.13671875 0.15234375
0 0.8828125 0.33203125 0.2265625 0.203125
0 0.783203125 0.646484375 0.36328125 0.21484375
0 0.896484375 0.826171875 0.20703125 0.23046875
0 0.0625 0.888671875 0.1171875 0.19921875
0 0.255859375 0.830078125 0.32421875 0.20703125
0 0.791015625 0.48828125 0.31640625 0.140625
0 0.419921875 0.6640625 0.34765625 0.2109375
