0 0.111328125 0.517578125 0.20703125 0.19921875
0 0.140625 0.345703125 0.1953125 0.16796875
0 0.513671875 0.47265625 0.20703125 0.1796875
0 0.91015625 0.31640625 0.1796875 0.171875
0 0.71484375 0.306640625 0.1953125 0.16796875
0 0.318359375 0.625 0.23828125 0.2578125
0 0.521484375 0.19921875 0.18359375 0.1328125
0 0.341796875 0.298828125 0.17578125 0.15234375
0 0.091796875 0.71875 0.17578125 0.203125
0 0.525390625 0.326171875 0.17578125 0.15234375
0 0.34375 0.18359375 0.1796875 0.140625
0 0.568359375 0.66796875 0.24609375 0.234375
0 0.826171875 0.662109375 0.25390625 0.23046875
0 0.291015625 0.873046875 0.26953125 0.24609375
0 0.84765625 0.880859375 0.2890625 0.22265625
0 0.744140625 0.48046875 0.25390625 0.2421875
0 0.564453125 0.88671875 0.26953125 0.2265625
