0 0.423828125 0.119140625 0.29296875 0.23046875
0 0.404296875 0.638671875 0.30859375 0.30859375
0 0.857421875 0.373046875 0.26953125 0.30078125
0 0.9296875 0.130859375 0.1328125 0.25390625
0 0.556640625 0.853515625 0.30078125 0.26953125
0 0.71484375 0.65625 0.3046875 0.2890625
0 0.712890625 0.130859375 0.26953125 0.25390625
0 0.5703125 0.345703125 0.28125 0.31640625
0 0.134765625 0.1328125 0.26171875 0.2578125
0 0.86328125 0.87890625 0.2578125 0.2421875
0 0.244140625 0.869140625 0.29296875 0.25390625
0 0.26953125 0.380859375 0.28125 0.30078125
0 0.939453125 0.625 0.12109375 0.265625
0 0.12109375 0.642578125 0.234375 0.28515625
