0 0.337890625 0.33984375 0.23828125 0.3515625
0 0.138671875 0.48828125 0.26953125 0.203125
0 0.498046875 0.5390625 0.36328125 0.4375
0 0.828125 0.41796875 0.3359375 0.5546875
0 0.80859375 0.859375 0.375 0.28125
0 0.185546875 0.109375 0.19140625 0.2109375
0 0.361328125 0.109375 0.19140625 0.2109375
0 0.166015625 0.310546875 0.19140625 0.23046875
0 0.80859375 0.080078125 0.1953125 0.15234375
0 0.439453125 0.853515625 0.37890625 0.28515625
0 0.1484375 0.77734375 0.2890625 0.4453125
0 0.5859375 0.17578125 0.28125 0.34375
