0 0.283203125 0.306640625 0.23046875 0.32421875
0 0.509765625 0.474609375 0.25390625 0.41015625
0 0.619140625 0.6953125 0.21484375 0.3125
0 0.703125 0.39453125 0.2265625 0.34375
0 0.25 0.87890625 0.2734375 0.2421875
0 0.1640625 0.109375 0.21875 0.2109375
0 0.06640625 0.45703125 0.125 0.3359375
0 0.259765625 0.58984375 0.24609375 0.328125
0 0.08203125 0.20703125 0.15625 0.3046875
0 0.89453125 0.603515625 0.2109375 0.30078125
0 0.75 0.806640625 0.203125 0.33203125
0 0.89453125 0.2734375 0.2109375 0.3515625
0 0.0859375 0.716796875 0.1640625 0.37109375
0 0.5390625 0.150390625 0.21875 0.29296875
0 0.529296875 0.890625 0.26171875 0.2109375
