0 0.474609375 0.59375 0.05859375 0.1015625
0 0.490234375 0.24609375 0.07421875 0.09375
0 0.5078125 0.353515625 0.078125 0.11328125
0 0.166015625 0.53515625 0.09765625 0.1171875
0 0.837890625 0.841796875 0.06640625 0.08203125
0 0.728515625 0.3515625 0.05859375 0.1015625
0 0.75390625 0.42578125 0.0546875 0.0859375
0 0.2421875 0.6171875 0.0859375 0.1015625
0 0.658203125 0.66015625 0.06640625 0.1015625
0 0.53125 0.62109375 0.0859375 0.125
0 0.599609375 0.71484375 0.06640625 0.1015625
0 0.064453125 0.3359375 0.09765625 0.1171875
0 0.5234375 0.1328125 0.0625 0.0859375
0 0.3828125 0.513671875 0.078125 0.11328125
0 0.7109375 0.64453125 0.0546875 0.09375
0 0.142578125 0.40625 0.09765625 0.1171875
0 0.548828125 0.78515625 0.08203125 0.109375
0 0.30859375 0.509765625 0.0703125 0.10546875
