0 0.1328125 0.076171875 0.2109375 0.14453125
0 0.3125 0.7265625 0.2421875 0.2421875
0 0.830078125 0.0703125 0.21484375 0.1328125
0 0.4921875 0.283203125 0.21875 0.23828125
0 0.12109375 0.880859375 0.234375 0.22265625
0 0.6640625 0.427734375 0.234375 0.22265625
0 0.6875 0.728515625 0.2421875 0.24609375
0 0.48046875 0.87890625 0.2578125 0.2265625
0 0.869140625 0.560546875 0.24609375 0.23046875
0 0.85546875 0.2734375 0.2421875 0.234375
0 0.4765625 0.0703125 0.2265625 0.1328125
0 0.650390625 0.158203125 0.23828125 0.21484375
0 0.123046875 0.291015625 0.23046875 0.21484375
0 0.8828125 0.869140625 0.234375 0.23828125
0 0.30078125 0.423828125 0.234375 0.23046875
0 0.486328125 0.578125 0.24609375 0.2265625
0 0.12109375 0.568359375 0.234375 0.22265625
0 0.310546875 0.16015625 0.21484375 0.203125
