0 0.814453125 0.328125 0.19921875 0.2109375
0 0.12890625 0.84375 0.234375 0.28125
0 0.681640625 0.173828125 0.23046875 0.30078125
0 0.919921875 0.140625 0.15234375 0.2578125
0 0.142578125 0.6328125 0.16796875 0.203125
0 0.58203125 0.546875 0.1796875 0.234375
0 0.87109375 0.810546875 0.2265625 0.33203125
0 0.25 0.53125 0.2578125 0.3515625
0 0.259765625 0.15625 0.22265625 0.2890625
0 0.54296875 0.15234375 0.15625 0.2578125
0 0.1328125 0.080078125 0.1953125 0.15234375
0 0.759765625 0.521484375 0.24609375 0.34765625
0 0.392578125 0.328125 0.22265625 0.2421875
0 0.6328125 0.818359375 0.2578125 0.33984375
0 0.611328125 0.375 0.19921875 0.171875
0 0.380859375 0.822265625 0.26171875 0.33984375
0 0.423828125 0.576171875 0.14453125 0.24609375
0 0.89453125 0.046875 0.2109375 0.0859375
