0 0.32421875 0.103515625 0.1796875 0.19921875
0 0.24609375 0.306640625 0.171875 0.25390625
0 0.751953125 0.5859375 0.16796875 0.25
0 0.130859375 0.109375 0.22265625 0.2109375
0 0.673828125 0.828125 0.16015625 0.2578125
0 0.912109375 0.51171875 0.17578125 0.28125
0 0.1484375 0.6796875 0.1875 0.2578125
0 0.44140625 0.40625 0.2109375 0.265625
0 0.82421875 0.80859375 0.3125 0.3125
0 0.76171875 0.935546875 0.2421875 0.11328125
0 0.4921875 0.83203125 0.21875 0.296875
0 0.33984375 0.65234375 0.21875 0.2890625
0 0.66796875 0.376953125 0.2109375 0.28515625
0 0.841796875 0.330078125 0.14453125 0.23046875
0 0.078125 0.478515625 0.1484375 0.28515625
0 0.28125 0.875 0.21875 0.234375
0 0.755859375 0.1328125 0.21484375 0.2578125
0 0.568359375 0.5859375 0.20703125 0.2578125
0 0.08984375 0.8828125 0.171875 0.21875
0 0.548828125 0.154296875 0.23046875 0.28515625
