0 0.880859375 0.6953125 0.23828125 0.265625
0 0.541015625 0.41796875 0.24609375 0.203125
0 0.2109375 0.095703125 0.1875 0.14453125
0 0.12890625 0.51953125 0.2421875 0.25
0 0.103515625 0.33984375 0.19921875 0.1953125
0 0.6171875 0.6328125 0.28125 0.2734375
0 0.46484375 0.259765625 0.21875 0.18359375
0 0.78125 0.482421875 0.25 0.23828125
0 0.5234375 0.080078125 0.171875 0.15234375
0 0.89453125 0.375 0.2109375 0.21875
0 0.078125 0.1875 0.1484375 0.15625
0 0.72265625 0.11328125 0.1953125 0.1640625
0 0.2421875 0.8984375 0.3125 0.1953125
0 0.396484375 0.125 0.18359375 0.15625
0 0.4765625 0.791015625 0.28125 0.30078125
0 0.59765625 0.173828125 0.1953125 0.16015625
0 0.302734375 0.361328125 0.24609375 0.19140625
0 0.76953125 0.84765625 0.3046875 0.265625
0 0.3515625 0.5625 0.25 0.2578125
0 0.685546875 0.3203125 0.21484375 0.203125
0 0.80859375 0.232421875 0.21875 0.17578125
0 0.255859375 0.212890625 0.19921875 0.16796875
0 0.1875 0.724609375 0.265625 0.25390625
