0 0.5703125 0.095703125 0.15625 0.18359375
0 0.673828125 0.55859375 0.18359375 0.28125
0 0.947265625 0.349609375 0.09765625 0.20703125
0 0.380859375 0.84375 0.22265625 0.3046875
0 0.314453125 0.50390625 0.18359375 0.3828125
0 0.892578125 0.1640625 0.08984375 0.1875
0 0.818359375 0.58203125 0.16796875 0.2890625
0 0.8125 0.16796875 0.109375 0.203125
0 0.607421875 0.296875 0.16796875 0.2578125
0 0.75390625 0.33984375 0.15625 0.2421875
0 0.87890625 0.365234375 0.1015625 0.19921875
0 0.408203125 0.06640625 0.16796875 0.125
0 0.94140625 0.580078125 0.109375 0.24609375
0 0.16015625 0.7890625 0.3125 0.421875
0 0.904296875 0.857421875 0.16796875 0.28515625
0 0.572265625 0.841796875 0.23828125 0.30859375
0 0.423828125 0.25 0.23046875 0.3203125
0 0.70703125 0.12109375 0.1328125 0.2265625
0 0.126953125 0.376953125 0.24609375 0.48046875
0 0.201171875 0.154296875 0.23828125 0.30078125
0 0.51171875 0.5625 0.21875 0.359375
