0 0.306640625 0.5546875 0.30859375 0.171875
0 0.693359375 0.794921875 0.36328125 0.26171875
0 0.322265625 0.763671875 0.37109375 0.26953125
0 0.935546875 0.76953125 0.12890625 0.265625
0 0.892578125 0.41015625 0.21484375 0.1328125
0 0.12109375 0.93359375 0.234375 0.1328125
0 0.3125 0.25 0.296875 0.1484375
0 0.607421875 0.154296875 0.24609375 0.13671875
0 0.48828125 0.052734375 0.2578125 0.09765625
0 0.34375 0.150390625 0.2578125 0.11328125
0 0.431640625 0.93359375 0.35546875 0.1328125
0 0.099609375 0.13671875 0.19140625 0.1328125
0 0.318359375 0.392578125 0.30859375 0.16796875
0 0.083984375 0.40234375 0.16015625 0.1953125
0 0.603515625 0.2734375 0.26953125 0.125
0 0.865234375 0.2734375 0.26953125 0.15625
0 0.076171875 0.55078125 0.14453125 0.2109375
0 0.064453125 0.75390625 0.12109375 0.2578125
0 0.619140625 0.56640625 0.31640625 0.1875
0 0.880859375 0.5546875 0.23828125 0.1640625
0 0.720703125 0.0546875 0.20703125 0.1015625
0 0.8125 0.9453125 0.3671875 0.109375
0 0.626953125 0.408203125 0.30859375 0.16015625
0 0.83984375 0.1484375 0.21875 0.1171875
