0 0.8984375 0.1015625 0.0703125 0.1015625
0 0.96484375 0.85546875 0.0625 0.1484375
0 0.923828125 0.525390625 0.08203125 0.08203125
0 0.42578125 0.134765625 0.0859375 0.10546875
0 0.748046875 0.455078125 0.07421875 0.11328125
0 0.291015625 0.52734375 0.06640625 0.078125
0 0.361328125 0.353515625 0.07421875 0.11328125
0 0.82421875 0.052734375 0.0703125 0.09765625
0 0.45703125 0.55078125 0.109375 0.1328125
0 0.775390625 0.658203125 0.07421875 0.10546875
0 0.25390625 0.7421875 0.078125 0.1015625
0 0.10546875 0.498046875 0.09375 0.14453125
0 0.44140625 0.689453125 0.09375 0.14453125
0 0.20703125 0.333984375 0.078125 0.10546875
0 0.5078125 0.34765625 0.0703125 0.1015625
0 0.55078125 0.2578125 0.0703125 0.1015625
0 0.22265625 0.9453125 0.078125 0.1015625
0 0.0859375 0.611328125 0.078125 0.10546875
0 0.3984375 0.837890625 0.1015625 0.14453125
0 0.3125 0.9296875 0.0859375 0.1328125
0 0.474609375 0.232421875 0.08203125 0.12109375
0 0.634765625 0.955078125 0.09765625 0.08984375
0 0.3671875 0.626953125 0.0859375 0.12890625
0 0.271484375 0.423828125 0.07421875 0.11328125
0 0.90625 0.65625 0.109375 0.1484375
0 0.09375 0.728515625 0.0859375 0.12890625
