0 0.33984375 0.3359375 0.21875 0.3125
0 0.6953125 0.3828125 0.171875 0.296875
0 0.298828125 0.140625 0.19140625 0.1796875
0 0.88671875 0.4765625 0.1875 0.265625
0 0.47265625 0.263671875 0.1875 0.26171875
0 0.615234375 0.66015625 0.16796875 0.1484375
0 0.14453125 0.296875 0.2109375 0.265625
0 0.744140625 0.609375 0.18359375 0.15625
0 0.583984375 0.125 0.19921875 0.2421875
0 0.591796875 0.421875 0.22265625 0.3203125
0 0.166015625 0.521484375 0.21484375 0.23828125
0 0.912109375 0.220703125 0.17578125 0.28515625
0 0.404296875 0.607421875 0.24609375 0.25390625
0 0.75 0.150390625 0.203125 0.28515625
