0 0.484375 0.65234375 0.1171875 0.171875
0 0.51953125 0.1796875 0.09375 0.1328125
0 0.703125 0.421875 0.1484375 0.1953125
0 0.830078125 0.396484375 0.12109375 0.15234375
0 0.31640625 0.177734375 0.1171875 0.12109375
0 0.4375 0.333984375 0.109375 0.16796875
0 0.13671875 0.416015625 0.125 0.16796875
0 0.3359375 0.328125 0.1015625 0.1484375
0 0.12109375 0.578125 0.1328125 0.1640625
0 0.751953125 0.26171875 0.11328125 0.1484375
0 0.47265625 0.484375 0.1328125 0.1640625
0 0.16796875 0.20703125 0.1171875 0.1484375
0 0.236328125 0.611328125 0.12109375 0.16015625
0 0.3359375 0.48828125 0.1484375 0.171875
0 0.140625 0.748046875 0.1171875 0.15234375
0 0.43359375 0.7890625 0.125 0.171875
0 0.830078125 0.80859375 0.12109375 0.1640625
0 0.51171875 0.33984375 0.0859375 0.1640625
0 0.21484375 0.462890625 0.1015625 0.13671875
0 0.421875 0.166015625 0.1015625 0.14453125
0 0.560546875 0.798828125 0.12890625 0.16796875
0 0.603515625 0.5234375 0.13671875 0.1796875
0 0.2265625 0.3125 0.1171875 0.140625
0 0.6953125 0.80078125 0.140625 0.1796875
0 0.263671875 0.763671875 0.13671875 0.15234375
0 0.703125 0.150390625 0.1171875 0.16796875
0 0.361328125 0.650390625 0.12109375 0.16015625
0 0.77734375 0.634765625 0.1328125 0.19140625
0 0.59375 0.2421875 0.125 0.171875
