0 0.46875 0.5625 0.2109375 0.3125
0 0.138671875 0.455078125 0.17578125 0.23828125
0 0.80859375 0.640625 0.21875 0.2734375
0 0.466796875 0.22265625 0.20703125 0.296875
0 0.2578125 0.84375 0.2109375 0.296875
0 0.564453125 0.466796875 0.21484375 0.29296875
0 0.89453125 0.818359375 0.203125 0.33984375
0 0.427734375 0.814453125 0.18359375 0.23828125
0 0.3203125 0.392578125 0.1953125 0.28515625
0 0.263671875 0.16796875 0.20703125 0.2890625
0 0.095703125 0.74609375 0.18359375 0.34375
0 0.103515625 0.29296875 0.19140625 0.234375
0 0.255859375 0.623046875 0.25390625 0.23828125
0 0.611328125 0.765625 0.21484375 0.2890625
