0 0.541015625 0.6015625 0.12890625 0.2265625
0 0.16015625 0.203125 0.171875 0.1640625
0 0.751953125 0.716796875 0.17578125 0.10546875
0 0.123046875 0.591796875 0.15234375 0.23046875
0 0.712890625 0.15234375 0.13671875 0.109375
0 0.314453125 0.140625 0.13671875 0.203125
0 0.431640625 0.427734375 0.19921875 0.23828125
0 0.166015625 0.373046875 0.18359375 0.26171875
0 0.568359375 0.1015625 0.21484375 0.1953125
0 0.76953125 0.5546875 0.1640625 0.234375
0 0.7578125 0.294921875 0.1328125 0.24609375
0 0.630859375 0.275390625 0.16015625 0.20703125
0 0.185546875 0.099609375 0.08984375 0.08984375
0 0.431640625 0.65625 0.19140625 0.2265625
0 0.283203125 0.5625 0.17578125 0.234375
0 0.30859375 0.353515625 0.1328125 0.19921875
0 0.646484375 0.48046875 0.18359375 0.2421875
0 0.43359375 0.1875 0.1796875 0.2109375
