0 0.244140625 0.849609375 0.29296875 0.23046875
0 0.57421875 0.365234375 0.28125 0.30078125
0 0.865234375 0.373046875 0.26953125 0.26953125
0 0.935546875 0.6171875 0.12890625 0.265625
0 0.419921875 0.14453125 0.29296875 0.21875
0 0.861328125 0.83984375 0.26953125 0.2421875
0 0.134765625 0.162109375 0.26171875 0.25390625
0 0.708984375 0.15234375 0.26953125 0.234375
0 0.58203125 0.8359375 0.296875 0.25
0 0.4140625 0.611328125 0.328125 0.27734375
0 0.923828125 0.14453125 0.15234375 0.234375
0 0.265625 0.376953125 0.296875 0.27734375
0 0.125 0.623046875 0.2421875 0.27734375
0 0.05078125 0.36328125 0.09375 0.2578125
0 0.71875 0.623046875 0.296875 0.26171875
