0 0.921875 0.033203125 0.1484375 0.05859375
0 0.13671875 0.751953125 0.265625 0.23828125
0 0.78125 0.5546875 0.3203125 0.25
0 0.84375 0.181640625 0.2890625 0.30078125
0 0.302734375 0.076171875 0.30078125 0.14453125
0 0.5 0.533203125 0.2578125 0.24609375
0 0.30859375 0.275390625 0.2890625 0.24609375
0 0.826171875 0.81640625 0.30078125 0.2421875
0 0.45703125 0.765625 0.3046875 0.234375
0 0.2109375 0.52734375 0.3046875 0.25
0 0.0859375 0.337890625 0.1640625 0.23046875
0 0.58984375 0.302734375 0.3046875 0.28515625
0 0.623046875 0.9453125 0.32421875 0.1015625
