0 0.888671875 0.56640625 0.22265625 0.2265625
0 0.88671875 0.779296875 0.2265625 0.32421875
0 0.814453125 0.43359375 0.15234375 0.171875
0 0.34765625 0.25 0.171875 0.171875
0 0.095703125 0.47265625 0.17578125 0.171875
0 0.626953125 0.224609375 0.17578125 0.17578125
0 0.70703125 0.759765625 0.15625 0.17578125
0 0.48046875 0.080078125 0.1328125 0.15234375
0 0.16015625 0.896484375 0.1640625 0.20703125
0 0.279296875 0.38671875 0.17578125 0.21875
0 0.40234375 0.5234375 0.2265625 0.296875
0 0.68359375 0.912109375 0.2578125 0.17578125
0 0.515625 0.37890625 0.1875 0.25
0 0.849609375 0.36328125 0.16015625 0.171875
0 0.373046875 0.138671875 0.12890625 0.14453125
0 0.173828125 0.701171875 0.22265625 0.28515625
0 0.671875 0.466796875 0.1875 0.26953125
