0 0.51953125 0.2109375 0.09375 0.1328125
0 0.30859375 0.197265625 0.09375 0.12890625
0 0.626953125 0.7890625 0.13671875 0.1796875
0 0.599609375 0.296875 0.12109375 0.15625
0 0.666015625 0.408203125 0.11328125 0.15234375
0 0.27734375 0.494140625 0.09375 0.12109375
0 0.224609375 0.701171875 0.12109375 0.14453125
0 0.3203125 0.765625 0.1328125 0.1640625
0 0.767578125 0.2734375 0.11328125 0.109375
0 0.462890625 0.8046875 0.11328125 0.1328125
0 0.701171875 0.177734375 0.11328125 0.14453125
0 0.546875 0.48828125 0.125 0.15625
0 0.77734375 0.408203125 0.125 0.16015625
0 0.74609375 0.728515625 0.109375 0.15234375
0 0.29296875 0.353515625 0.1171875 0.14453125
0 0.412109375 0.640625 0.12109375 0.1796875
0 0.193359375 0.552734375 0.12109375 0.15234375
0 0.4609375 0.408203125 0.1171875 0.15234375
0 0.220703125 0.22265625 0.12109375 0.15625
0 0.603515625 0.62890625 0.11328125 0.140625
0 0.697265625 0.564453125 0.13671875 0.17578125
0 0.42578125 0.19921875 0.1015625 0.1484375
