0 0.3671875 0.55859375 0.2734375 0.1875
0 0.15234375 0.08984375 0.296875 0.171875
0 0.59375 0.525390625 0.25 0.35546875
0 0.916015625 0.763671875 0.16796875 0.31640625
0 0.810546875 0.3046875 0.19921875 0.3046875
0 0.642578125 0.22265625 0.23828125 0.359375
0 0.111328125 0.3515625 0.21484375 0.421875
0 0.76953125 0.580078125 0.1875 0.27734375
0 0.93359375 0.458984375 0.1328125 0.29296875
0 0.767578125 0.8359375 0.20703125 0.296875
0 0.515625 0.806640625 0.5078125 0.38671875
0 0.380859375 0.2421875 0.35546875 0.46875
0 0.140625 0.67578125 0.2734375 0.640625
