0 0.826171875 0.39453125 0.16796875 0.2109375
0 0.408203125 0.353515625 0.15234375 0.21484375
0 0.3046875 0.44921875 0.1796875 0.2734375
0 0.48828125 0.251953125 0.1171875 0.15234375
0 0.2890625 0.15625 0.109375 0.125
0 0.623046875 0.2734375 0.11328125 0.1171875
0 0.837890625 0.63671875 0.23828125 0.2734375
0 0.533203125 0.08203125 0.08984375 0.1171875
0 0.7109375 0.466796875 0.1875 0.16796875
0 0.943359375 0.515625 0.10546875 0.2734375
0 0.353515625 0.20703125 0.12109375 0.1328125
0 0.431640625 0.0625 0.09765625 0.1171875
0 0.23828125 0.30078125 0.15625 0.1796875
0 0.44140625 0.541015625 0.1328125 0.18359375
0 0.828125 0.861328125 0.3046875 0.26171875
0 0.23046875 0.86328125 0.21875 0.2578125
0 0.3671875 0.6875 0.15625 0.2578125
0 0.521484375 0.828125 0.32421875 0.3203125
0 0.568359375 0.380859375 0.15234375 0.17578125
0 0.208984375 0.615234375 0.23046875 0.32421875
0 0.69921875 0.3359375 0.1171875 0.1015625
0 0.6015625 0.607421875 0.265625 0.29296875
