0 0.662109375 0.11328125 0.26171875 0.21875
0 0.775390625 0.66015625 0.23828125 0.3046875
0 0.767578125 0.8984375 0.24609375 0.1875
0 0.23828125 0.11328125 0.21875 0.21875
0 0.923828125 0.36328125 0.15234375 0.296875
0 0.263671875 0.39453125 0.22265625 0.3046875
0 0.919921875 0.08203125 0.16015625 0.15625
0 0.314453125 0.890625 0.23828125 0.203125
0 0.72265625 0.359375 0.2265625 0.3046875
0 0.103515625 0.595703125 0.19921875 0.33984375
0 0.46875 0.16015625 0.25 0.3125
0 0.328125 0.662109375 0.2421875 0.30859375
0 0.107421875 0.87109375 0.20703125 0.2421875
0 0.08984375 0.26953125 0.171875 0.3515625
0 0.5859375 0.708984375 0.234375 0.36328125
