0 0.9375 0.36328125 0.0625 0.0390625
0 0.052734375 0.072265625 0.05078125 0.04296875
0 0.345703125 0.12890625 0.06640625 0.046875
0 0.259765625 0.396484375 0.09765625 0.08203125
0 0.9609375 0.40625 0.0625 0.0390625
0 0.482421875 0.349609375 0.08984375 0.07421875
0 0.595703125 0.359375 0.09765625 0.0703125
0 0.6171875 0.275390625 0.09375 0.07421875
0 0.583984375 0.61328125 0.12890625 0.125
0 0.71484375 0.232421875 0.125 0.08203125
0 0.560546875 0.53515625 0.12109375 0.0703125
0 0.24609375 0.80078125 0.140625 0.109375
0 0.564453125 0.759765625 0.12109375 0.08984375
0 0.736328125 0.83203125 0.08203125 0.0625
0 0.474609375 0.625 0.11328125 0.1015625
0 0.494140625 0.7421875 0.08203125 0.09375
0 0.515625 0.2109375 0.1015625 0.0703125
0 0.69140625 0.369140625 0.1015625 0.07421875
0 0.45703125 0.529296875 0.09375 0.07421875
0 0.30859375 0.72265625 0.1328125 0.0859375
