0 0.916015625 0.265625 0.16796875 0.265625
0 0.744140625 0.818359375 0.20703125 0.27734375
0 0.8359375 0.119140625 0.1953125 0.23046875
0 0.5859375 0.859375 0.2578125 0.28125
0 0.58203125 0.322265625 0.1484375 0.24609375
0 0.75 0.330078125 0.203125 0.23828125
0 0.18359375 0.333984375 0.234375 0.28515625
0 0.1015625 0.7890625 0.1953125 0.265625
0 0.466796875 0.103515625 0.16796875 0.19921875
0 0.130859375 0.548828125 0.19140625 0.23046875
0 0.501953125 0.548828125 0.23046875 0.30078125
0 0.349609375 0.84765625 0.23046875 0.3046875
0 0.84375 0.509765625 0.2578125 0.31640625
0 0.919921875 0.763671875 0.15234375 0.32421875
0 0.3046875 0.517578125 0.1796875 0.27734375
0 0.0859375 0.08984375 0.1640625 0.171875
0 0.279296875 0.765625 0.19140625 0.234375
0 0.671875 0.564453125 0.1640625 0.26171875
0 0.41796875 0.298828125 0.2265625 0.27734375
0 0.287109375 0.083984375 0.19140625 0.16015625
0 0.64453125 0.125 0.1796875 0.234375
