0 0.5234375 0.392578125 0.15625 0.24609375
0 0.5078125 0.18359375 0.171875 0.1953125
0 0.1796875 0.140625 0.1640625 0.203125
0 0.345703125 0.15234375 0.16796875 0.203125
0 0.048828125 0.134765625 0.08984375 0.22265625
0 0.181640625 0.607421875 0.20703125 0.24609375
0 0.23828125 0.3671875 0.1953125 0.2421875
0 0.78125 0.134765625 0.203125 0.23828125
0 0.716796875 0.533203125 0.21484375 0.29296875
0 0.638671875 0.123046875 0.12890625 0.16015625
0 0.47265625 0.904296875 0.265625 0.19140625
0 0.083984375 0.29296875 0.16015625 0.1640625
0 0.6796875 0.30859375 0.1875 0.2109375
0 0.853515625 0.763671875 0.26953125 0.32421875
0 0.103515625 0.44140625 0.13671875 0.1796875
0 0.369140625 0.51953125 0.21484375 0.28125
0 0.8828125 0.31640625 0.1796875 0.2109375
0 0.94921875 0.228515625 0.1015625 0.23046875
0 0.0703125 0.833984375 0.1328125 0.27734375
0 0.8828125 0.501953125 0.1796875 0.21484375
0 0.046875 0.6015625 0.0859375 0.21875
0 0.564453125 0.69140625 0.19140625 0.265625
0 0.388671875 0.314453125 0.12890625 0.16015625
0 0.279296875 0.76953125 0.26953125 0.3515625
