0 0.865234375 0.412109375 0.08984375 0.12109375
0 0.4921875 0.552734375 0.078125 0.12109375
0 0.330078125 0.8046875 0.08984375 0.1484375
0 0.4453125 0.783203125 0.078125 0.12109375
0 0.42578125 0.939453125 0.078125 0.12109375
0 0.1015625 0.6328125 0.0859375 0.1328125
0 0.060546875 0.576171875 0.08203125 0.10546875
0 0.796875 0.181640625 0.078125 0.12109375
0 0.748046875 0.896484375 0.08984375 0.14453125
0 0.671875 0.93359375 0.1015625 0.1328125
0 0.7578125 0.541015625 0.078125 0.08984375
0 0.345703125 0.95703125 0.07421875 0.0859375
0 0.40625 0.654296875 0.078125 0.12109375
0 0.08203125 0.765625 0.0859375 0.1328125
0 0.27734375 0.162109375 0.078125 0.12890625
0 0.13671875 0.13671875 0.0859375 0.1015625
0 0.1640625 0.21484375 0.09375 0.1171875
0 0.216796875 0.1015625 0.08203125 0.109375
0 0.86328125 0.228515625 0.078125 0.09765625
0 0.79296875 0.45703125 0.078125 0.1015625
0 0.37890625 0.564453125 0.078125 0.12109375
0 0.892578125 0.130859375 0.08203125 0.11328125
0 0.48828125 0.669921875 0.078125 0.12109375
0 0.041015625 0.197265625 0.07421875 0.09765625
0 0.16015625 0.0546875 0.0703125 0.09375
0 0.5078125 0.86328125 0.0859375 0.1328125
0 0.892578125 0.501953125 0.08984375 0.12109375
0 0.955078125 0.224609375 0.08984375 0.12109375
0 0.89453125 0.93359375 0.1015625 0.1328125
0 0.158203125 0.580078125 0.07421875 0.10546875
