0 0.203125 0.287109375 0.2421875 0.19140625
0 0.53125 0.55078125 0.2265625 0.1953125
0 0.794921875 0.298828125 0.08203125 0.06640625
0 0.859375 0.376953125 0.0859375 0.05859375
0 0.7265625 0.279296875 0.0703125 0.05859375
0 0.375 0.373046875 0.2421875 0.18359375
0 0.94140625 0.384765625 0.0859375 0.05859375
0 0.65234375 0.2734375 0.0703125 0.0546875
0 0.80859375 0.498046875 0.09375 0.07421875
0 0.7421875 0.22265625 0.078125 0.0625
0 0.66015625 0.216796875 0.078125 0.06640625
0 0.083984375 0.818359375 0.16015625 0.16015625
