0 0.68359375 0.1015625 0.2421875 0.1875
0 0.701171875 0.755859375 0.19921875 0.19921875
0 0.291015625 0.181640625 0.27734375 0.25390625
0 0.74609375 0.30859375 0.2578125 0.2578125
0 0.09765625 0.10546875 0.1875 0.203125
0 0.46484375 0.060546875 0.2578125 0.11328125
0 0.31640625 0.626953125 0.171875 0.15234375
0 0.912109375 0.220703125 0.17578125 0.26953125
0 0.927734375 0.458984375 0.14453125 0.21484375
0 0.09375 0.314453125 0.1796875 0.20703125
0 0.287109375 0.81640625 0.16796875 0.21875
0 0.1015625 0.80859375 0.1953125 0.265625
0 0.751953125 0.552734375 0.20703125 0.23828125
0 0.490234375 0.818359375 0.29296875 0.31640625
0 0.888671875 0.82421875 0.19921875 0.1953125
0 0.513671875 0.26171875 0.23046875 0.2578125
0 0.306640625 0.416015625 0.24609375 0.23828125
0 0.52734375 0.5078125 0.265625 0.25
0 0.701171875 0.92578125 0.27734375 0.1484375
0 0.095703125 0.55078125 0.18359375 0.25
0 0.908203125 0.65625 0.18359375 0.234375
