0 0.095703125 0.5078125 0.16015625 0.2421875
0 0.880859375 0.3125 0.19921875 0.28125
0 0.1640625 0.91796875 0.21875 0.1171875
0 0.119140625 0.11328125 0.21484375 0.1953125
0 0.771484375 0.55078125 0.21484375 0.2578125
0 0.9375 0.52734375 0.109375 0.2578125
0 0.6953125 0.76953125 0.2265625 0.296875
0 0.564453125 0.525390625 0.19921875 0.27734375
0 0.462890625 0.28125 0.21484375 0.296875
0 0.693359375 0.3125 0.22265625 0.2890625
0 0.333984375 0.115234375 0.20703125 0.19921875
0 0.259765625 0.498046875 0.19921875 0.21484375
0 0.73046875 0.09375 0.2265625 0.1484375
0 0.904296875 0.76171875 0.19140625 0.28125
0 0.171875 0.298828125 0.1953125 0.20703125
0 0.076171875 0.783203125 0.12890625 0.30078125
0 0.46875 0.77734375 0.2109375 0.28125
0 0.255859375 0.751953125 0.22265625 0.27734375
