0 0.529296875 0.876953125 0.13671875 0.08984375
0 0.482421875 0.232421875 0.12890625 0.08203125
0 0.435546875 0.337890625 0.16015625 0.11328125
0 0.564453125 0.298828125 0.16015625 0.11328125
0 0.572265625 0.400390625 0.12890625 0.09765625
0 0.638671875 0.498046875 0.13671875 0.09765625
0 0.615234375 0.22265625 0.14453125 0.09375
0 0.353515625 0.5390625 0.15234375 0.109375
0 0.533203125 0.765625 0.18359375 0.109375
0 0.494140625 0.494140625 0.16796875 0.11328125
0 0.51953125 0.150390625 0.140625 0.08984375
