0 0.36500000000000005 0.7466367713004484 0.24000000000000002 0.3363228699551569
0 0.7258333333333333 0.14237668161434977 0.22166666666666668 0.2533632286995516
0 0.5816666666666667 0.23094170403587444 0.21000000000000002 0.28699551569506726
0 0.4083333333333334 0.19730941704035873 0.21000000000000002 0.26905829596412556
0 0.8300000000000001 0.5818385650224215 0.2366666666666667 0.33856502242152464
0 0.19416666666666668 0.22869955156950672 0.22833333333333336 0.2825112107623318
0 0.6000000000000001 0.7242152466367713 0.26 0.3542600896860986
0 0.17666666666666667 0.507847533632287 0.2733333333333334 0.3654708520179372
0 0.445 0.4226457399103139 0.24666666666666667 0.33856502242152464
0 0.7775000000000001 0.38565022421524664 0.25833333333333336 0.28699551569506726
