0 0.54638671875 0.9609375 0.0341796875 0.05208333333333333
0 0.06640625 0.45963541666666663 0.130859375 0.27604166666666663
0 0.22607421875 0.2109375 0.0634765625 0.078125
0 0.57421875 0.94140625 0.03125 0.049479166666666664
0 0.82275390625 0.537109375 0.1884765625 0.24609375
0 0.84521484375 0.7141927083333333 0.1220703125 0.13411458333333331
0 0.6142578125 0.771484375 0.17578125 0.22265625
0 0.50048828125 0.2981770833333333 0.3388671875 0.46354166666666663
0 0.2685546875 0.7623697916666666 0.0390625 0.053385416666666664
0 0.27734375 0.4915364583333333 0.18359375 0.24609375
0 0.71728515625 0.6412760416666666 0.1435546875 0.19401041666666666
0 0.52734375 0.6080729166666666 0.12890625 0.1875
