0 0.05166666666666667 0.51625 0.07666666666666667 0.1325
0 0.31833333333333336 0.5075000000000001 0.24000000000000002 0.385
0 0.5791666666666667 0.1925 0.12166666666666667 0.185
0 0.9650000000000001 0.465 0.06333333333333334 0.115
0 0.3041666666666667 0.13 0.2316666666666667 0.255
0 0.13083333333333333 0.46375 0.07500000000000001 0.1075
0 0.11833333333333335 0.67 0.1 0.15
0 0.15333333333333335 0.28 0.08333333333333334 0.13
0 0.36583333333333334 0.8562500000000001 0.27166666666666667 0.2775
0 0.8583333333333334 0.9125 0.12666666666666668 0.165
