0 0.6982421875 0.8038243626062324 0.345703125 0.3838526912181303
0 0.68310546875 0.16572237960339944 0.2275390625 0.2181303116147309
0 0.8896484375 0.594900849858357 0.21875 0.37393767705382436
0 0.29296875 0.26203966005665724 0.2421875 0.3314447592067989
0 0.28466796875 0.8873937677053825 0.2431640625 0.21671388101983005
0 0.4501953125 0.44971671388101986 0.17578125 0.31019830028328615
0 0.10595703125 0.45609065155807366 0.2099609375 0.3286118980169972
0 0.12353515625 0.12181303116147309 0.1787109375 0.24079320113314448
0 0.30517578125 0.06940509915014165 0.2080078125 0.1359773371104816
0 0.216796875 0.6317280453257791 0.265625 0.3909348441926346
0 0.5 0.09277620396600567 0.193359375 0.17138810198300283
0 0.67041015625 0.44900849858356945 0.2861328125 0.3909348441926346
0 0.88818359375 0.2769121813031162 0.2177734375 0.30736543909348446
