0 0.22109375 0.2432590855803048 0.1609375 0.10902696365767878
0 0.21875 0.39859320046893315 0.22187500000000002 0.1547479484173505
0 0.15390625000000002 0.7514654161781945 0.1203125 0.10785463071512309
0 0.94296875 0.31008206330597887 0.11093750000000001 0.10668229777256741
0 0.734375 0.3856975381008206 0.171875 0.11254396248534583
0 0.7914062500000001 0.2596717467760844 0.13593750000000002 0.10902696365767878
0 0.8460937500000001 0.7731535756154747 0.1546875 0.11606096131301288
0 0.26171875 0.49999999999999994 0.15156250000000002 0.0902696365767878
0 0.58125 0.2895662368112544 0.19375 0.15709261430246188
0 0.21953125 0.611957796014068 0.2109375 0.1547479484173505
