0 0.47050000000000003 0.1952941176470588 0.20700000000000002 0.25176470588235295
0 0.2325 0.5817647058823529 0.179 0.2505882352941176
0 0.10300000000000001 0.8023529411764705 0.20400000000000001 0.2941176470588235
0 0.594 0.8105882352941176 0.18 0.24235294117647058
0 0.245 0.1964705882352941 0.182 0.22823529411764704
0 0.113 0.3641176470588235 0.192 0.24352941176470586
0 0.85 0.8129411764705882 0.19 0.2588235294117647
0 0.3345 0.8088235294117646 0.215 0.2717647058823529
0 0.463 0.5847058823529411 0.19 0.2352941176470588
0 0.34700000000000003 0.3817647058823529 0.18 0.2341176470588235
0 0.929 0.5941176470588235 0.136 0.24470588235294116
0 0.595 0.38999999999999996 0.186 0.22705882352941176
0 0.7010000000000001 0.20235294117647057 0.17400000000000002 0.24
0 0.711 0.5905882352941176 0.20400000000000001 0.2541176470588235
0 0.9245 0.20176470588235293 0.151 0.23176470588235293
0 0.8300000000000001 0.39470588235294113 0.192 0.24588235294117644
