0 0.48875 0.7156133828996282 0.1575 0.24907063197026022
0 0.7525000000000001 0.9052044609665427 0.16 0.1821561338289963
0 0.42625 0.4591078066914498 0.14250000000000002 0.241635687732342
0 0.81625 0.08550185873605948 0.1275 0.15613382899628253
0 0.8575 0.5892193308550185 0.155 0.20446096654275092
0 0.54 0.27695167286245354 0.195 0.2639405204460966
0 0.36375 0.25650557620817843 0.1575 0.22304832713754646
0 0.07375 0.13568773234200743 0.14250000000000002 0.25650557620817843
0 0.61875 0.7620817843866171 0.1475 0.2453531598513011
0 0.6825 0.06691449814126393 0.145 0.12639405204460966
0 0.7225 0.6765799256505576 0.15 0.22304832713754646
0 0.19375 0.32899628252788105 0.1775 0.24907063197026022
0 0.935 0.10223048327137546 0.125 0.1970260223048327
0 0.04625 0.6617100371747212 0.08750000000000001 0.2453531598513011
0 0.7312500000000001 0.4628252788104089 0.1525 0.21933085501858735
0 0.16 0.654275092936803 0.17500000000000002 0.2527881040892193
0 0.8675 0.275092936802974 0.15 0.18587360594795538
0 0.20875 0.8698884758364311 0.1825 0.23048327137546468
0 0.455 0.1524163568773234 0.135 0.17843866171003717
0 0.57625 0.5204460966542751 0.1775 0.2527881040892193
0 0.71625 0.25464684014869887 0.1575 0.23420074349442377
0 0.0725 0.4553903345724907 0.14 0.22676579925650556
0 0.2225 0.17286245353159851 0.145 0.1821561338289963
0 0.29125 0.5223048327137546 0.17250000000000001 0.25650557620817843
0 0.84875 0.7936802973977695 0.1525 0.22676579925650556
