0 0.8828703703703704 0.6492957746478873 0.23425925925925928 0.34366197183098596
0 0.1087962962962963 0.6838028169014085 0.21574074074074076 0.31408450704225355
0 0.6888888888888889 0.7063380281690141 0.22222222222222224 0.33098591549295775
0 0.45462962962962966 0.19507042253521129 0.24629629629629632 0.30845070422535215
0 0.7027777777777778 0.3943661971830986 0.23148148148148148 0.35211267605633806
0 0.27037037037037037 0.43521126760563383 0.20740740740740743 0.28732394366197184
0 0.31666666666666665 0.15422535211267607 0.20925925925925926 0.2971830985915493
0 0.29120370370370374 0.7295774647887324 0.2064814814814815 0.35211267605633806
0 0.4777777777777778 0.48732394366197185 0.24629629629629632 0.3211267605633803
0 0.47175925925925927 0.8021126760563381 0.28425925925925927 0.3619718309859155
