0 0.3168693009118541 0.6141304347826086 0.07142857142857142 0.06677018633540373
0 0.2948328267477204 0.6661490683229814 0.06382978723404255 0.05279503105590062
0 0.24088145896656535 0.8082298136645962 0.06231003039513678 0.06987577639751552
0 0.8343465045592705 0.17701863354037267 0.0851063829787234 0.08695652173913043
0 0.39893617021276595 0.6242236024844721 0.07446808510638298 0.06211180124223602
0 0.21656534954407294 0.6063664596273292 0.07142857142857142 0.06677018633540373
0 0.3677811550151976 0.18167701863354035 0.10030395136778116 0.10559006211180123
0 0.31762917933130697 0.811335403726708 0.0851063829787234 0.08850931677018634
0 0.8024316109422492 0.22826086956521738 0.08206686930091185 0.09006211180124223
0 0.1580547112462006 0.640527950310559 0.060790273556231005 0.06987577639751552
0 0.3427051671732523 0.23059006211180122 0.07750759878419453 0.07608695652173912
0 0.7530395136778115 0.46894409937888193 0.1413373860182371 0.13975155279503104
