0 0.2463389121338912 0.8528925619834711 0.1307531380753138 0.1884297520661157
0 0.3467573221757322 0.5950413223140496 0.11401673640167363 0.17851239669421487
0 0.6637029288702928 0.5355371900826447 0.14958158995815898 0.2115702479338843
0 0.6061715481171548 0.050413223140495865 0.04288702928870292 0.0743801652892562
0 0.8634937238493723 0.45206611570247934 0.21025104602510458 0.3024793388429752
0 0.1061715481171548 0.3024793388429752 0.09728033472803346 0.13884297520661157
0 0.4445606694560669 0.2975206611570248 0.10669456066945605 0.15206611570247933
0 0.12186192468619246 0.8743801652892562 0.09728033472803346 0.14545454545454545
0 0.5392259414225941 0.5727272727272728 0.10355648535564853 0.16694214876033056
0 0.23901673640167362 0.3859504132231405 0.055439330543933046 0.10082644628099173
0 0.6229079497907949 0.13636363636363635 0.038702928870292884 0.06446280991735537
