0 0.7754424778761062 0.46 0.06415929203539823 0.08666666666666667
0 0.4103982300884956 0.7300000000000001 0.06858407079646017 0.08666666666666667
0 0.6404867256637168 0.30333333333333334 0.05530973451327434 0.09333333333333334
0 0.5121681415929203 0.25 0.05530973451327434 0.09333333333333334
0 0.4103982300884956 0.18500000000000003 0.050884955752212385 0.08333333333333334
0 0.4723451327433628 0.2966666666666667 0.05530973451327434 0.09333333333333334
0 0.8595132743362832 0.49000000000000005 0.06415929203539823 0.08666666666666667
0 0.2942477876106195 0.805 0.0663716814159292 0.10333333333333335
0 0.5055309734513275 0.7033333333333334 0.06858407079646017 0.08666666666666667
0 0.5719026548672567 0.26333333333333336 0.05530973451327434 0.09333333333333334
0 0.9037610619469026 0.14166666666666666 0.07743362831858407 0.10333333333333335
0 0.7057522123893806 0.3383333333333334 0.07079646017699115 0.09666666666666668
