0 0.6516666666666667 0.8512500000000001 0.29000000000000004 0.2775
0 0.49333333333333335 0.46625 0.2366666666666667 0.3225
0 0.2866666666666667 0.635 0.2733333333333334 0.33
0 0.7033333333333334 0.49875 0.24000000000000002 0.3275
0 0.5416666666666667 0.72375 0.26333333333333336 0.3125
0 0.0975 0.775 0.19166666666666668 0.37
0 0.3166666666666667 0.86375 0.3066666666666667 0.2175
0 0.5858333333333333 0.22 0.24500000000000002 0.325
0 0.8191666666666667 0.27125 0.22833333333333336 0.3375
0 0.8133333333333334 0.67375 0.2733333333333334 0.3775
