0 0.4896296296296296 0.7272222222222222 0.16444444444444445 0.12111111111111111
0 0.6407407407407407 0.5616666666666666 0.10518518518518517 0.10111111111111111
0 0.27555555555555555 0.45 0.12444444444444444 0.08888888888888889
0 0.13407407407407407 0.4622222222222222 0.14666666666666667 0.08888888888888889
0 0.4844444444444444 0.5627777777777778 0.14814814814814814 0.09666666666666666
0 0.4896296296296296 0.725 0.1496296296296296 0.11888888888888889
0 0.11037037037037037 0.5666666666666667 0.11703703703703704 0.06888888888888889
0 0.7385185185185185 0.27 0.07259259259259258 0.05555555555555555
0 0.6422222222222221 0.7105555555555556 0.15259259259259259 0.12111111111111111
0 0.39999999999999997 0.31333333333333335 0.14518518518518517 0.10888888888888888
0 0.33037037037037037 0.5822222222222222 0.1037037037037037 0.08222222222222222
0 0.2962962962962963 0.7377777777777778 0.08 0.07333333333333333
0 0.7488888888888888 0.755 0.1288888888888889 0.09888888888888889
