0 0.8163793103448276 0.40229885057471265 0.08103448275862069 0.10574712643678161
0 0.6681034482758621 0.5563218390804597 0.08793103448275862 0.07816091954022988
0 0.3568965517241379 0.4954022988505747 0.09655172413793103 0.11724137931034483
0 0.21379310344827585 0.5804597701149425 0.11379310344827587 0.135632183908046
0 0.11637931034482758 0.5885057471264368 0.09482758620689655 0.11954022988505747
0 0.4422413793103448 0.7988505747126436 0.11896551724137931 0.1586206896551724
0 0.7862068965517242 0.4804597701149425 0.08620689655172414 0.08735632183908046
0 0.04827586206896552 0.9103448275862069 0.09310344827586206 0.15632183908045977
0 0.6603448275862069 0.8183908045977011 0.1103448275862069 0.15632183908045977
0 0.3120689655172414 0.6080459770114942 0.11379310344827587 0.135632183908046
0 0.5706896551724138 0.5436781609195402 0.0793103448275862 0.12183908045977011
0 0.506896551724138 0.6620689655172414 0.10344827586206896 0.12873563218390804
0 0.7491379310344828 0.9275862068965517 0.14310344827586208 0.14482758620689656
0 0.7155172413793104 0.4218390804597701 0.07586206896551724 0.11264367816091954
0 0.19137931034482758 0.774712643678161 0.13103448275862067 0.15172413793103448
0 0.7275862068965517 0.632183908045977 0.1103448275862069 0.13333333333333333
0 0.3956896551724138 0.9137931034482758 0.11896551724137931 0.1586206896551724
0 0.15086206896551724 0.9356321839080459 0.12586206896551724 0.12873563218390804
0 0.3112068965517241 0.7965517241379311 0.11896551724137931 0.1586206896551724
0 0.55 0.7954022988505747 0.1103448275862069 0.15632183908045977
0 0.8991379310344827 0.5252873563218391 0.12586206896551724 0.14482758620689656
0 0.8491379310344828 0.6241379310344828 0.11896551724137931 0.1632183908045977
0 0.8129310344827586 0.7873563218390804 0.13275862068965516 0.17701149425287355
0 0.47844827586206895 0.5379310344827586 0.10862068965517241 0.13333333333333333
0 0.9129310344827586 0.7804597701149425 0.11896551724137931 0.1632183908045977
0 0.6086206896551724 0.6781609195402298 0.1103448275862069 0.15632183908045977
0 0.9534482758620689 0.6505747126436782 0.09310344827586206 0.13793103448275862
0 0.16379310344827586 0.47586206896551725 0.10344827586206896 0.1103448275862069
0 0.5051724137931034 0.9275862068965517 0.09310344827586206 0.14022988505747125
0 0.07241379310344828 0.7390804597701149 0.10344827586206896 0.12643678160919541
0 0.378448275862069 0.7011494252873564 0.09137931034482759 0.12873563218390804
0 0.6008620689655172 0.9413793103448276 0.12931034482758622 0.11724137931034483
0 0.6405172413793103 0.4632183908045977 0.09137931034482759 0.11724137931034483
