0 0.7099853157121879 0.421875 0.13362701908957414 0.091796875
0 0.6571218795888399 0.35986328125 0.15712187958883994 0.0986328125
0 0.49339207048458145 0.54248046875 0.16740088105726872 0.1181640625
0 0.6101321585903083 0.484375 0.17474302496328928 0.125
0 0.263582966226138 0.4873046875 0.15124816446402348 0.095703125
0 0.3223201174743025 0.599609375 0.2041116005873715 0.140625
0 0.6299559471365639 0.61328125 0.16740088105726872 0.109375
0 0.5198237885462554 0.74560546875 0.23494860499265785 0.1396484375
0 0.7922173274596181 0.57275390625 0.1659324522760646 0.1259765625
0 0.4728340675477239 0.37109375 0.14390602055800292 0.099609375
0 0.41262848751835535 0.6962890625 0.18795888399412627 0.107421875
0 0.4177679882525697 0.46240234375 0.15712187958883994 0.1123046875
0 0.10646108663729809 0.51904296875 0.17180616740088106 0.1044921875
