0 0.27708333333333335 0.32447916666666665 0.17291666666666666 0.184375
0 0.5625 0.3989583333333333 0.33541666666666664 0.3333333333333333
0 0.06875 0.615625 0.13541666666666666 0.17708333333333334
0 0.20833333333333334 0.7322916666666667 0.10833333333333334 0.10208333333333333
0 0.44166666666666665 0.18697916666666667 0.2125 0.24895833333333334
0 0.05572916666666666 0.8161458333333333 0.10520833333333333 0.121875
0 0.18125 0.4265625 0.15833333333333333 0.16979166666666667
0 0.8614583333333333 0.4046875 0.27291666666666664 0.309375
0 0.2864583333333333 0.634375 0.15625 0.15833333333333333
0 0.596875 0.0703125 0.325 0.13645833333333332
0 0.0546875 0.3770833333333333 0.10729166666666666 0.14375
0 0.271875 0.8494791666666667 0.11041666666666666 0.13020833333333334
0 0.4817708333333333 0.8989583333333333 0.171875 0.16458333333333333
