0 0.8860911270983213 0.3091666666666667 0.12230215827338128 0.09833333333333334
0 0.07074340527577937 0.21166666666666667 0.13669064748201437 0.08
0 0.6570743405275778 0.3866666666666667 0.08633093525179855 0.09333333333333334
0 0.43285371702637887 0.28750000000000003 0.13189448441247 0.07833333333333334
0 0.05995203836930455 0.2783333333333334 0.11510791366906474 0.05333333333333334
0 0.0803357314148681 0.10750000000000001 0.12709832134292565 0.09166666666666667
0 0.15467625899280574 0.335 0.11750599520383692 0.08666666666666667
0 0.6594724220623501 0.9591666666666667 0.13908872901678657 0.07833333333333334
0 0.4052757793764988 0.8291666666666667 0.14388489208633093 0.09166666666666667
0 0.6091127098321343 0.4166666666666667 0.1199040767386091 0.08333333333333334
0 0.803357314148681 0.47500000000000003 0.12949640287769784 0.08333333333333334
0 0.684652278177458 0.27166666666666667 0.0935251798561151 0.05333333333333334
0 0.47601918465227816 0.3816666666666667 0.12709832134292565 0.08666666666666667
0 0.2805755395683453 0.5091666666666667 0.11510791366906474 0.07833333333333334
0 0.5047961630695443 0.4866666666666667 0.12709832134292565 0.07333333333333333
0 0.6930455635491606 0.76 0.1342925659472422 0.09666666666666668
0 0.39568345323741005 0.1525 0.12949640287769784 0.08833333333333333
0 0.7446043165467625 0.38 0.12230215827338128 0.08666666666666667
