0 0.5083333333333334 0.37625000000000003 0.12666666666666668 0.1825
0 0.9575 0.34 0.085 0.165
0 0.5525 0.6625 0.12166666666666667 0.19
0 0.44583333333333336 0.6975 0.11833333333333335 0.13
0 0.9125000000000001 0.43875000000000003 0.10166666666666667 0.1525
0 0.6416666666666667 0.90375 0.12000000000000001 0.1675
0 0.13333333333333333 0.39875 0.12666666666666668 0.1325
0 0.8425 0.885 0.115 0.145
0 0.20750000000000002 0.13125 0.11833333333333335 0.1325
0 0.4608333333333334 0.45875 0.13833333333333334 0.1975
0 0.7916666666666667 0.69875 0.13333333333333333 0.1825
0 0.61 0.2575 0.10333333333333335 0.13
0 0.7583333333333334 0.39375 0.07333333333333333 0.0775
0 0.7641666666666667 0.92875 0.12833333333333335 0.1325
0 0.9133333333333334 0.8425 0.1366666666666667 0.135
0 0.9625 0.54875 0.07166666666666667 0.1925
0 0.6441666666666667 0.5387500000000001 0.10166666666666667 0.0925
0 0.9 0.58375 0.1 0.1325
0 0.7166666666666667 0.27375 0.11 0.1625
0 0.42333333333333334 0.5825 0.13 0.16
0 0.9166666666666667 0.15625 0.09000000000000001 0.1225
0 0.19583333333333336 0.33375 0.11833333333333335 0.2125
0 0.7091666666666667 0.46 0.10833333333333334 0.18
0 0.08416666666666667 0.28 0.12833333333333335 0.185
