0 0.3506849315068493 0.43216855087358685 0.2273972602739726 0.16546762589928057
0 0.49794520547945204 0.8561151079136691 0.21232876712328766 0.17060637204522097
0 0.2 0.564748201438849 0.2273972602739726 0.16546762589928057
0 0.663013698630137 0.1618705035971223 0.2 0.13874614594039056
0 0.3589041095890411 0.7045220966084276 0.2273972602739726 0.16546762589928057
0 0.4931506849315069 0.27595066803699897 0.2273972602739726 0.16546762589928057
0 0.6589041095890411 0.6932168550873588 0.2273972602739726 0.16546762589928057
0 0.6575342465753424 0.38900308324768756 0.2273972602739726 0.16546762589928057
0 0.18493150684931506 0.3170606372045221 0.2273972602739726 0.16546762589928057
0 0.1958904109589041 0.854573484069887 0.2273972602739726 0.16546762589928057
0 0.3287671232876712 0.16392600205549845 0.2273972602739726 0.16546762589928057
0 0.5164383561643836 0.5503597122302158 0.2273972602739726 0.16546762589928057
