0 0.713125 0.4510357815442561 0.15875 0.2504708097928437
0 0.050625 0.12523540489642185 0.09875 0.1864406779661017
0 0.375625 0.4830508474576271 0.07125000000000001 0.15630885122410546
0 0.52125 0.4651600753295668 0.2625 0.3502824858757062
0 0.15937500000000002 0.07344632768361582 0.13375 0.1431261770244821
0 0.30312500000000003 0.20338983050847456 0.10625 0.10546139359698681
0 0.265625 0.5301318267419962 0.09875 0.1487758945386064
0 0.77625 0.3286252354048964 0.11750000000000001 0.14124293785310735
0 0.7937500000000001 0.9152542372881356 0.1 0.1544256120527307
0 0.1475 0.571563088512241 0.14250000000000002 0.20527306967984935
