0 0.7685546875 0.5234260614934114 0.048828125 0.06588579795021962
0 0.53955078125 0.34333821376281115 0.0224609375 0.04538799414348463
0 0.169921875 0.2781844802342606 0.025390625 0.04685212298682284
0 0.27978515625 0.09809663250366032 0.0205078125 0.03513909224011713
0 0.908203125 0.17496339677891654 0.02734375 0.05710102489019034
0 0.90625 0.43191800878477304 0.0390625 0.055636896046852125
0 0.8564453125 0.3535871156661786 0.02734375 0.03367496339677892
0 0.47509765625 0.1493411420204978 0.0341796875 0.055636896046852125
0 0.4384765625 0.12518301610541727 0.03515625 0.05417276720351391
0 0.74951171875 0.31991215226939973 0.0400390625 0.060029282576866766
0 0.74658203125 0.5710102489019033 0.0400390625 0.05856515373352855
0 0.14404296875 0.15300146412884336 0.0478515625 0.0746705710102489
0 0.51611328125 0.5453879941434846 0.0478515625 0.06881405563689605
0 0.74658203125 0.7818448023426061 0.0400390625 0.05856515373352855
0 0.244140625 0.41874084919472915 0.025390625 0.03806734992679356
0 0.52294921875 0.212298682284041 0.0419921875 0.07027818448023426
0 0.2548828125 0.44655929721815524 0.025390625 0.032210834553440704
0 0.04833984375 0.16325036603221083 0.0576171875 0.08638360175695461
0 0.8798828125 0.17423133235724744 0.041015625 0.05856515373352855
0 0.134765625 0.3301610541727672 0.037109375 0.05710102489019034
0 0.4609375 0.0841874084919473 0.046875 0.07759882869692533
0 0.18896484375 0.3074670571010249 0.0244140625 0.043923865300146414
0 0.2109375 0.191800878477306 0.052734375 0.0849194729136164
0 0.67138671875 0.6610541727672036 0.0283203125 0.048316251830161056
0 0.22998046875 0.08272327964860908 0.0517578125 0.08345534407027819
0 0.5458984375 0.11932650073206442 0.0390625 0.0629575402635432
0 0.22021484375 0.30234260614934116 0.0322265625 0.04538799414348463
0 0.69970703125 0.39824304538799415 0.0556640625 0.07027818448023426
0 0.69384765625 0.5966325036603222 0.0283203125 0.048316251830161056
0 0.34033203125 0.4216691068814056 0.0322265625 0.04978038067349927
0 0.171875 0.3330893118594436 0.037109375 0.060029282576866766
0 0.46533203125 0.3806734992679356 0.0517578125 0.08199121522693997
0 0.263671875 0.06515373352855051 0.02734375 0.036603221083455345
0 0.24267578125 0.32284040995607616 0.0380859375 0.03367496339677892
0 0.79638671875 0.08638360175695461 0.0224609375 0.032210834553440704
0 0.47900390625 0.22767203513909223 0.0478515625 0.08345534407027819
0 0.4130859375 0.5629575402635432 0.033203125 0.05124450951683748
0 0.50439453125 0.3177159590043924 0.0458984375 0.07613469985358712
0 0.85009765625 0.5336749633967789 0.0322265625 0.04538799414348463
