0 0.3022222222222222 0.3564273789649416 0.08888888888888889 0.12186978297161936
0 0.4272222222222222 0.4298831385642738 0.09888888888888889 0.1285475792988314
0 0.6255555555555555 0.1293823038397329 0.07777777777777778 0.0984974958263773
0 0.5061111111111111 0.2604340567612688 0.09222222222222222 0.12353923205342238
0 0.8694444444444445 0.48914858096828046 0.09222222222222222 0.11018363939899833
0 0.7366666666666667 0.44323873121869783 0.07777777777777778 0.11519198664440734
0 0.10388888888888889 0.5993322203672788 0.0811111111111111 0.11686143572621036
0 0.3788888888888889 0.5726210350584308 0.08 0.10684474123539232
0 0.9522222222222222 0.2629382303839733 0.06888888888888889 0.0951585976627713
0 0.8705555555555555 0.2579298831385643 0.06111111111111111 0.10517529215358933
0 0.205 0.4507512520868114 0.06333333333333334 0.10684474123539232
0 0.21944444444444444 0.4908180300500835 0.07444444444444444 0.09682804674457429
0 0.49722222222222223 0.15525876460767948 0.0811111111111111 0.1335559265442404
0 0.7805555555555556 0.2971619365609349 0.08555555555555555 0.11686143572621036
0 0.14555555555555555 0.4207011686143573 0.08888888888888889 0.12020033388981637
0 0.5455555555555556 0.4273789649415693 0.08666666666666667 0.11686143572621036
0 0.825 0.5934891485809684 0.09222222222222222 0.11853088480801335
0 0.7666666666666667 0.17529215358931552 0.07333333333333333 0.09348914858096828
