0 0.89404296875 0.724609375 0.0576171875 0.07421875
0 0.7529296875 0.8548177083333333 0.0546875 0.06640625
0 0.22607421875 0.07291666666666666 0.0888671875 0.11979166666666666
0 0.0498046875 0.5384114583333333 0.046875 0.053385416666666664
0 0.4267578125 0.6354166666666666 0.037109375 0.05208333333333333
0 0.1552734375 0.4700520833333333 0.052734375 0.0625
0 0.314453125 0.39713541666666663 0.091796875 0.125
0 0.82666015625 0.6399739583333333 0.0341796875 0.04817708333333333
0 0.47509765625 0.10026041666666666 0.0419921875 0.0625
0 0.57421875 0.56640625 0.0546875 0.06770833333333333
0 0.63623046875 0.7272135416666666 0.0380859375 0.053385416666666664
0 0.83154296875 0.4485677083333333 0.0478515625 0.061197916666666664
0 0.76171875 0.7825520833333333 0.0546875 0.06510416666666666
0 0.2958984375 0.6555989583333333 0.029296875 0.04296875
0 0.6416015625 0.48307291666666663 0.04296875 0.057291666666666664
0 0.095703125 0.17838541666666666 0.04296875 0.05989583333333333
0 0.283203125 0.5247395833333333 0.037109375 0.046875
0 0.03955078125 0.130859375 0.0732421875 0.10026041666666666
0 0.28271484375 0.119140625 0.0869140625 0.11328125
0 0.82177734375 0.82421875 0.0712890625 0.0859375
0 0.375 0.48111979166666663 0.080078125 0.09765625
0 0.36669921875 0.064453125 0.0419921875 0.06380208333333333
0 0.33154296875 0.6640625 0.0458984375 0.06510416666666666
0 0.7958984375 0.7037760416666666 0.05078125 0.07942708333333333
0 0.07958984375 0.40234375 0.0498046875 0.057291666666666664
0 0.18212890625 0.3548177083333333 0.0498046875 0.06901041666666666
0 0.33251953125 0.744140625 0.0498046875 0.06380208333333333
0 0.9072265625 0.470703125 0.068359375 0.07942708333333333
0 0.80224609375 0.8873697916666666 0.0498046875 0.06380208333333333
0 0.67919921875 0.6197916666666666 0.0419921875 0.049479166666666664
0 0.6083984375 0.443359375 0.048828125 0.06380208333333333
