0 0.08845577211394302 0.376 0.05997001499250375 0.034
0 0.1866566716641679 0.1845 0.05247376311844078 0.033
0 0.610944527736132 0.8675 0.06746626686656672 0.039
0 0.15292353823088456 0.2325 0.05397301349325337 0.035
0 0.3530734632683658 0.8625 0.0704647676161919 0.041
0 0.7218890554722639 0.225 0.043478260869565216 0.03
0 0.7166416791604198 0.3185 0.050974512743628186 0.029
0 0.49400299850074963 0.8475 0.05847076461769115 0.033
0 0.6521739130434783 0.2085 0.06296851574212893 0.033
0 0.5449775112443778 0.8875000000000001 0.06746626686656672 0.039
0 0.43103448275862066 0.8280000000000001 0.06146926536731634 0.04
0 0.45202398800599697 0.8615 0.043478260869565216 0.021
0 0.5157421289355322 0.329 0.047976011994003 0.032
0 0.46551724137931033 0.923 0.06746626686656672 0.032
0 0.4047976011994003 0.844 0.07496251874062969 0.044
0 0.12968515742128936 0.20550000000000002 0.04947526236881559 0.037
0 0.36881559220389803 0.8865000000000001 0.07496251874062969 0.039
0 0.33958020989505244 0.833 0.05847076461769115 0.03
0 0.6041979010494752 0.9035 0.05997001499250375 0.035
0 0.5832083958020989 0.848 0.06896551724137931 0.04
0 0.44377811094452774 0.89 0.07196401799100449 0.042
0 0.36806596701649175 0.1335 0.06146926536731634 0.041
0 0.527736131934033 0.8595 0.06596701649175413 0.027
