0 0.3790584415584416 0.31569343065693434 0.06331168831168832 0.04744525547445256
0 0.577922077922078 0.33150851581508517 0.06818181818181819 0.045012165450121655
0 0.34090909090909094 0.35766423357664234 0.07142857142857144 0.05596107055961071
0 0.48863636363636365 0.38017031630170317 0.061688311688311695 0.052311435523114354
0 0.4115259740259741 0.36009732360097324 0.09253246753246754 0.06082725060827251
0 0.4845779220779221 0.23600973236009734 0.06331168831168832 0.0413625304136253
0 0.7061688311688312 0.4294403892944039 0.0551948051948052 0.0413625304136253
0 0.4845779220779221 0.28527980535279807 0.06980519480519481 0.052311435523114354
0 0.40016233766233766 0.2135036496350365 0.07629870129870131 0.05961070559610706
0 0.5511363636363636 0.35583941605839414 0.06655844155844157 0.032846715328467155
0 0.6436688311688312 0.34367396593673966 0.06655844155844157 0.049878345498783457
0 0.5998376623376623 0.2475669099756691 0.06980519480519481 0.057177615571776155
0 0.16558441558441558 0.2402676399026764 0.0551948051948052 0.037712895377128956
0 0.2905844155844156 0.4251824817518248 0.0551948051948052 0.040145985401459854
0 0.3108766233766234 0.16788321167883213 0.08279220779220779 0.058394160583941604
0 0.06980519480519481 0.29197080291970806 0.0551948051948052 0.043795620437956206
0 0.6396103896103896 0.015815085158150853 0.061688311688311695 0.024330900243309004
0 0.27922077922077926 0.21654501216545013 0.07467532467532469 0.05596107055961071
0 0.10957792207792208 0.25060827250608275 0.06655844155844157 0.051094890510948905
0 0.6931818181818182 0.5541362530413625 0.05844155844155845 0.04744525547445256
0 0.8823051948051949 0.026155717761557177 0.06655844155844157 0.049878345498783457
0 0.7792207792207793 0.6545012165450121 0.06493506493506494 0.04866180048661801
0 0.8141233766233766 0.610705596107056 0.053571428571428575 0.051094890510948905
0 0.21022727272727273 0.23114355231143552 0.07305194805194806 0.05352798053527981
0 0.8701298701298702 0.7518248175182481 0.05844155844155845 0.043795620437956206
0 0.7443181818181819 0.614963503649635 0.05681818181818182 0.04744525547445256
0 0.8303571428571429 0.8108272506082725 0.06331168831168832 0.052311435523114354
0 0.702922077922078 0.03223844282238443 0.06818181818181819 0.05474452554744526
0 0.6160714285714286 0.2980535279805353 0.06655844155844157 0.04866180048661801
0 0.5462662337662338 0.5663017031630171 0.06006493506493507 0.03527980535279805
0 0.551948051948052 0.2706812652068127 0.0551948051948052 0.049878345498783457
0 0.9504870129870131 0.2232360097323601 0.040584415584415584 0.027980535279805353
0 0.6452922077922079 0.5352798053527981 0.04707792207792208 0.03649635036496351
0 0.6923701298701299 0.6794403892944039 0.05681818181818182 0.045012165450121655
0 0.6850649350649352 0.3254257907542579 0.06493506493506494 0.045012165450121655
0 0.2483766233766234 0.05778588807785888 0.05194805194805195 0.04744525547445256
0 0.7094155844155845 0.29987834549878345 0.06818181818181819 0.045012165450121655
