0 0.7680851063829788 0.6861702127659575 0.029787234042553193 0.04468085106382979
0 0.3819148936170213 0.551063829787234 0.04468085106382979 0.04680851063829787
0 0.7351063829787234 0.5595744680851064 0.031914893617021274 0.029787234042553193
0 0.28829787234042553 0.625531914893617 0.031914893617021274 0.029787234042553193
0 0.526595744680851 0.6585106382978724 0.04468085106382979 0.04893617021276596
0 0.41808510638297874 0.5212765957446809 0.04468085106382979 0.03829787234042553
0 0.32872340425531915 0.6840425531914893 0.03617021276595745 0.031914893617021274
0 0.12978723404255318 0.5202127659574468 0.03404255319148936 0.031914893617021274
0 0.6691489361702128 0.7202127659574468 0.04468085106382979 0.04893617021276596
0 0.23829787234042554 0.49148936170212765 0.029787234042553193 0.029787234042553193
0 0.32659574468085106 0.6351063829787235 0.04042553191489362 0.03617021276595745
0 0.4765957446808511 0.3627659574468085 0.029787234042553193 0.031914893617021274
0 0.9553191489361702 0.6202127659574468 0.0425531914893617 0.031914893617021274
0 0.23829787234042554 0.5351063829787234 0.0425531914893617 0.03617021276595745
0 0.5372340425531915 0.5776595744680851 0.04042553191489362 0.04042553191489362
0 0.35319148936170214 0.7308510638297873 0.0425531914893617 0.03617021276595745
0 0.1797872340425532 0.8404255319148937 0.04042553191489362 0.03404255319148936
0 0.7702127659574468 0.7680851063829788 0.03829787234042553 0.03404255319148936
0 0.25638297872340426 0.8670212765957447 0.04042553191489362 0.04042553191489362
0 0.2978723404255319 0.7085106382978723 0.03829787234042553 0.03829787234042553
0 0.4819148936170213 0.6808510638297872 0.03617021276595745 0.03829787234042553
0 0.18085106382978725 0.5063829787234042 0.03829787234042553 0.03829787234042553
0 0.625531914893617 0.6638297872340425 0.0425531914893617 0.0425531914893617
0 0.8617021276595744 0.8212765957446808 0.03404255319148936 0.03829787234042553
0 0.8265957446808511 0.42872340425531913 0.03617021276595745 0.03617021276595745
0 0.18829787234042553 0.6691489361702128 0.03617021276595745 0.03617021276595745
