0 0.6663385826771654 0.6826215022091311 0.19094488188976377 0.15758468335787923
0 0.14173228346456693 0.5920471281296024 0.12598425196850394 0.09131075110456553
0 0.41732283464566927 0.5964653902798233 0.1653543307086614 0.10603829160530191
0 0.4822834645669291 0.4491899852724595 0.14566929133858267 0.10603829160530191
0 0.9429133858267716 0.5007363770250368 0.11023622047244094 0.1296023564064801
0 0.7362204724409449 0.42857142857142855 0.11811023622047244 0.10603829160530191
0 0.937992125984252 0.7091310751104566 0.09645669291338582 0.08100147275405008
0 0.5944881889763779 0.8424153166421208 0.21653543307086615 0.1325478645066274
0 0.9035433070866141 0.5868924889543446 0.13385826771653542 0.09572901325478644
0 0.7923228346456693 0.5625920471281296 0.11614173228346457 0.10014727540500737
0 0.8582677165354331 0.3335787923416789 0.11811023622047244 0.0898379970544919
0 0.8818897637795275 0.6377025036818851 0.11811023622047244 0.07363770250368189
0 0.6614173228346456 0.2857142857142857 0.1732283464566929 0.13549337260677466
