0 0.665 0.3611632270168856 0.0425 0.06191369606003752
0 0.165625 0.3348968105065666 0.04125 0.08067542213883677
0 0.024375 0.6951219512195121 0.03625 0.08067542213883677
0 0.620625 0.3611632270168856 0.04125 0.058161350844277676
0 0.413125 0.6181988742964353 0.04125 0.06566604127579738
0 0.640625 0.3151969981238274 0.04625 0.0675422138836773
0 0.028125 0.7833020637898687 0.05375 0.07692307692307693
0 0.2125 0.41275797373358347 0.06 0.09380863039399624
0 0.3875 0.6716697936210131 0.04 0.06378986866791744
0 0.795 0.20356472795497185 0.045 0.05065666041275797
