0 0.1434375 0.47244094488188976 0.044375 0.048818897637795275
0 0.3165625 0.44330708661417323 0.044375 0.048818897637795275
0 0.2065625 0.6598425196850394 0.044375 0.048818897637795275
0 0.4034375 0.39448818897637794 0.044375 0.048818897637795275
0 0.6371875 0.4590551181102362 0.044375 0.048818897637795275
0 0.7521875 0.33700787401574805 0.044375 0.048818897637795275
0 0.3353125 0.5897637795275591 0.044375 0.048818897637795275
0 0.261875 0.37086614173228344 0.03375 0.025196850393700787
0 0.8384375000000001 0.45433070866141734 0.044375 0.048818897637795275
0 0.6046875 0.2515748031496063 0.036875 0.049606299212598425
0 0.8446875 0.4141732283464567 0.044375 0.048818897637795275
0 0.9090625 0.5952755905511811 0.044375 0.048818897637795275
0 0.8040625 0.5795275590551181 0.044375 0.048818897637795275
0 0.6990625 0.26653543307086613 0.036875 0.049606299212598425
0 0.1209375 0.5897637795275591 0.044375 0.048818897637795275
0 0.8909375 0.5 0.044375 0.048818897637795275
0 0.7428125 0.6244094488188976 0.044375 0.048818897637795275
0 0.225 0.32125984251968503 0.03875 0.04251968503937008
0 0.2559375 0.5389763779527559 0.041875 0.046456692913385826
0 0.5346875 0.32244094488188974 0.036875 0.049606299212598425
0 0.35281250000000003 0.2669291338582677 0.044375 0.048818897637795275
0 0.7846875 0.6716535433070866 0.044375 0.048818897637795275
0 0.5196875 0.6173228346456693 0.044375 0.048818897637795275
0 0.6215625 0.5606299212598425 0.044375 0.048818897637795275
0 0.44906250000000003 0.5267716535433071 0.044375 0.048818897637795275
0 0.6415625 0.33503937007874013 0.036875 0.049606299212598425
0 0.4571875 0.2637795275590551 0.044375 0.048818897637795275
0 0.6921875000000001 0.3783464566929134 0.036875 0.049606299212598425
0 0.3971875 0.6606299212598425 0.044375 0.048818897637795275
0 0.5534375 0.47086614173228347 0.044375 0.048818897637795275
0 0.4440625 0.3299212598425197 0.044375 0.048818897637795275
