0 0.465625 0.584375 0.10625000000000001 0.11666666666666667
0 0.606640625 0.37135416666666665 0.10859375 0.13229166666666667
0 0.844921875 0.5494791666666666 0.08515625 0.10520833333333333
0 0.739453125 0.5916666666666667 0.11171875 0.14166666666666666
0 0.753125 0.784375 0.09062500000000001 0.12916666666666665
0 0.11328125 0.9411458333333333 0.0859375 0.11770833333333333
0 0.22265625 0.7473958333333334 0.08281250000000001 0.128125
0 0.726171875 0.13333333333333333 0.09453125000000001 0.1125
0 0.774609375 0.9583333333333334 0.06171875 0.07916666666666666
0 0.618359375 0.07239583333333333 0.09765625 0.10520833333333333
0 0.318359375 0.2864583333333333 0.07734375 0.09791666666666667
0 0.30546875 0.4473958333333333 0.096875 0.13229166666666667
0 0.02734375 0.47760416666666666 0.053125000000000006 0.09479166666666666
0 0.800390625 0.39375 0.09140625000000001 0.10833333333333334
0 0.5328125 0.22291666666666665 0.08750000000000001 0.1125
0 0.1796875 0.2671875 0.0765625 0.09479166666666666
0 0.530859375 0.13072916666666667 0.06796875000000001 0.06979166666666667
0 0.8324218750000001 0.9552083333333333 0.06171875 0.07916666666666666
0 0.8347656250000001 0.7947916666666667 0.09765625 0.13333333333333333
0 0.201953125 0.04114583333333333 0.09765625 0.08020833333333333
0 0.08750000000000001 0.3015625 0.0703125 0.090625
