0 0.66650390625 0.19724770642201836 0.0556640625 0.07339449541284404
0 0.1103515625 0.058868501529051986 0.033203125 0.05963302752293578
0 0.09033203125 0.5527522935779816 0.0517578125 0.0779816513761468
0 0.154296875 0.08103975535168195 0.0546875 0.07033639143730887
0 0.24365234375 0.8371559633027523 0.0478515625 0.05657492354740061
0 0.71875 0.43577981651376146 0.0546875 0.08256880733944955
0 0.767578125 0.4059633027522936 0.056640625 0.09021406727828746
0 0.37255859375 0.024464831804281346 0.0361328125 0.045871559633027525
0 0.68896484375 0.3333333333333333 0.0537109375 0.0672782874617737
0 0.19580078125 0.1353211009174312 0.0517578125 0.08103975535168195
0 0.76806640625 0.6857798165137615 0.0283203125 0.06574923547400612
0 0.439453125 0.058868501529051986 0.04296875 0.06574923547400612
0 0.1904296875 0.41590214067278286 0.044921875 0.06422018348623854
0 0.37060546875 0.21712538226299694 0.0439453125 0.06422018348623854
0 0.240234375 0.1559633027522936 0.041015625 0.0672782874617737
0 0.029296875 0.5030581039755352 0.037109375 0.06422018348623854
0 0.3564453125 0.1551987767584098 0.04296875 0.06269113149847094
0 0.10205078125 0.1643730886850153 0.0361328125 0.047400611620795105
0 0.07861328125 0.034403669724770644 0.0458984375 0.06269113149847094
0 0.30322265625 0.17813455657492355 0.0341796875 0.05963302752293578
0 0.732421875 0.7996941896024465 0.048828125 0.07033639143730887
0 0.41748046875 0.19724770642201836 0.0400390625 0.07339449541284404
