0 0.45625 0.25625 0.055 0.0425
0 0.15625 0.243125 0.05 0.04125
0 0.238125 0.13125 0.058750000000000004 0.0525
0 0.168125 0.34375 0.051250000000000004 0.035
0 0.5175 0.216875 0.07 0.05625
0 0.258125 0.3875 0.051250000000000004 0.0375
0 0.389375 0.83375 0.10875 0.19
0 0.36625 0.1125 0.055 0.05
0 0.4525 0.3225 0.055 0.05
0 0.248125 0.18625 0.04125 0.0475
0 0.208125 0.2975 0.04875 0.0425
0 0.538125 0.858125 0.21125 0.20375000000000001
0 0.19625 0.11937500000000001 0.04 0.04875
0 0.114375 0.45875 0.06375 0.0475
0 0.15687500000000001 0.844375 0.17375000000000002 0.15875
0 0.855 0.53 0.21 0.185
0 0.32375 0.20625000000000002 0.0575 0.055
0 0.35625 0.251875 0.045 0.043750000000000004
0 0.35000000000000003 0.149375 0.045 0.03375
0 0.775 0.483125 0.18 0.16125
0 0.449375 0.44875 0.051250000000000004 0.04
0 0.416875 0.05625 0.058750000000000004 0.06
0 0.943125 0.185 0.10625 0.11750000000000001
0 0.863125 0.09125 0.10875 0.125
0 0.83375 0.17500000000000002 0.1075 0.115
0 0.23625000000000002 0.260625 0.05 0.04125
0 0.39375 0.366875 0.0525 0.04125
0 0.74375 0.14250000000000002 0.1075 0.1275
0 0.371875 0.21125 0.05375 0.035
0 0.07875 0.36 0.0625 0.0525
