0 0.6765151515151515 0.10227272727272728 0.1984848484848485 0.19242424242424241
0 0.4068181818181818 0.7174242424242424 0.20757575757575758 0.20757575757575758
0 0.1340909090909091 0.831060606060606 0.2318181818181818 0.24696969696969698
0 0.753030303030303 0.25227272727272726 0.1787878787878788 0.2015151515151515
0 0.35454545454545455 0.8939393939393939 0.20606060606060606 0.18787878787878787
0 0.75 0.44696969696969696 0.1484848484848485 0.17272727272727273
0 0.5643939393939394 0.25075757575757573 0.20757575757575758 0.1984848484848485
0 0.2128787878787879 0.6204545454545455 0.20757575757575758 0.2196969696969697
0 0.3522727272727273 0.5053030303030303 0.2287878787878788 0.23484848484848486
0 0.6037878787878788 0.5037878787878788 0.2106060606060606 0.20757575757575758
