0 0.09236391129032258 0.21296296296296297 0.07484879032258064 0.10317460317460318
0 0.709047379032258 0.8972033257747544 0.06275201612903225 0.08994708994708996
0 0.6615423387096774 0.717687074829932 0.07459677419354839 0.10582010582010583
0 0.8082157258064516 0.7702191987906274 0.061995967741935484 0.09070294784580499
0 0.20463709677419353 0.29856386999244144 0.07409274193548387 0.10657596371882086
0 0.06287802419354839 0.672713529856387 0.07736895161290322 0.11866969009826153
0 0.7193800403225806 0.7845804988662132 0.06678427419354839 0.11942554799697658
0 0.5878276209677419 0.5239984882842026 0.06930443548387097 0.11148904006046864
0 0.9116683467741935 0.32275132275132273 0.05367943548387097 0.08919123204837491
0 0.3001512096774194 0.39210128495842783 0.09223790322580645 0.12509448223733938
0 0.6869959677419355 0.47921390778533635 0.07157258064516128 0.11337868480725624
0 0.5979082661290323 0.30045351473922904 0.054183467741935484 0.09221466364323508
0 0.7096774193548387 0.11035525321239607 0.06300403225806452 0.07785336356764928
0 0.5110887096774194 0.6568405139833712 0.049899193548387094 0.07407407407407407
0 0.453125 0.5553665910808768 0.08518145161290322 0.1273620559334845
0 0.18510584677419353 0.7855253212396069 0.0642641129032258 0.0963718820861678
0 0.6532258064516129 0.14777021919879063 0.08669354838709677 0.12698412698412698
0 0.779359879032258 0.31746031746031744 0.07636088709677419 0.12093726379440665
0 0.5573336693548387 0.07615268329554044 0.0859375 0.12433862433862435
0 0.41091229838709675 0.12433862433862435 0.08089717741935484 0.11564625850340136
0 0.5502772177419355 0.3363567649281935 0.052167338709677415 0.08994708994708996
0 0.2946068548387097 0.26851851851851855 0.08064516129032258 0.12055933484504913
0 0.47681451612903225 0.9548374905517762 0.07913306451612903 0.09032501889644746
0 0.20299899193548387 0.48261526832955404 0.07636088709677419 0.11186696900982615
0 0.6464213709677419 0.05234315948601663 0.0877016129032258 0.10317460317460318
0 0.9265372983870968 0.6551398337112623 0.06577620967741936 0.10846560846560847
0 0.7164818548387096 0.28987150415721846 0.026713709677419355 0.044595616024187455
0 0.22127016129032256 0.8505291005291006 0.0751008064516129 0.12207105064247922
