0 0.07050000000000001 0.9321080270067518 0.069 0.1177794448612153
0 0.21425 0.5791447861965492 0.0575 0.11252813203300825
0 0.47550000000000003 0.5911477869467368 0.053 0.06301575393848462
0 0.12875 0.885596399099775 0.0825 0.11327831957989498
0 0.58525 0.8885971492873218 0.0755 0.11477869467366843
0 0.1135 0.9692423105776444 0.075 0.06151537884471118
0 0.22675 0.8923480870217555 0.0605 0.07876969242310577
0 0.55425 0.5266316579144786 0.043500000000000004 0.08852213053263316
0 0.264 0.49287321830457614 0.083 0.12303075768942236
0 0.52825 0.6931732933233309 0.0695 0.08402100525131283
0 0.216 0.7528132033008252 0.08 0.12528132033008252
0 0.19025 0.9452363090772693 0.0745 0.10802700675168793
