0 0.5987111892208553 0.36953125000000003 0.15817223198594024 0.1125
0 0.11306385471587581 0.5451171875 0.11247803163444639 0.079296875
0 0.7530755711775043 0.37734375000000003 0.10134739308728764 0.0734375
0 0.1622729935559461 0.68359375 0.15582893966022263 0.08671875000000001
0 0.06678383128295255 0.464453125 0.13239601640304627 0.09765625
0 0.8022847100175747 0.5732421875 0.12360867018160515 0.091796875
0 0.29789103690685415 0.444921875 0.169302870533099 0.10546875
0 0.8541300527240774 0.9609375 0.08904510837727006 0.0765625
0 0.5840656121851201 0.7689453125000001 0.1628588166373755 0.10039062500000001
0 0.45606326889279436 0.5001953125 0.16344463971880493 0.09648437500000001
0 0.5779144698301113 0.5802734375 0.15289982425307558 0.099609375
0 0.663444639718805 0.6664062500000001 0.16695957820738136 0.10078125
0 0.450497949619215 0.40449218750000004 0.1628588166373755 0.107421875
0 0.6602226127709432 0.46015625000000004 0.15817223198594024 0.10078125
0 0.6845342706502636 0.5552734375 0.14235500878734622 0.102734375
0 0.4106619800820152 0.8388671875 0.1616871704745167 0.101953125
0 0.7832454598711189 0.46484375 0.11716461628588166 0.08203125
0 0.7243702401874634 0.75703125 0.1271236086701816 0.10078125
0 0.2565905096660808 0.3501953125 0.14294083186877563 0.099609375
0 0.7876391329818395 0.6640625 0.10134739308728764 0.08671875000000001
0 0.6915641476274165 0.248828125 0.15758640890451084 0.10546875
0 0.24370240187463385 0.5275390625 0.14294083186877563 0.09335937500000001
0 0.9118336262448741 0.12167968750000001 0.10720562390158173 0.09335937500000001
0 0.26420620972466313 0.8251953125 0.140597539543058 0.09335937500000001
0 0.37287639132981837 0.09140625000000001 0.1681312243702402 0.10703125000000001
0 0.7179261862917399 0.10312500000000001 0.1552431165787932 0.11328125
0 0.7896895137668424 0.9599609375 0.210896309314587 0.07695312500000001
