0 0.5638020833333333 0.05749128919860627 0.11458333333333333 0.11149825783972125
0 0.6634114583333333 0.04878048780487805 0.09244791666666666 0.09407665505226481
0 0.8359375 0.06794425087108014 0.1015625 0.13240418118466898
0 0.9498697916666666 0.29181184668989546 0.09244791666666666 0.09581881533101046
0 0.25455729166666663 0.759581881533101 0.09765625 0.13588850174216027
0 0.166015625 0.4372822299651568 0.08984375 0.13240418118466898
0 0.150390625 0.8101045296167247 0.11328125 0.13937282229965156
0 0.9348958333333333 0.20557491289198607 0.109375 0.13588850174216027
0 0.4609375 0.45993031358885017 0.109375 0.13588850174216027
0 0.9674479166666666 0.8005226480836237 0.0625 0.1445993031358885
0 0.7415364583333333 0.06533101045296168 0.09765625 0.12369337979094076
0 0.2727864583333333 0.8310104529616724 0.10026041666666666 0.11846689895470383
0 0.46354166666666663 0.5557491289198606 0.109375 0.10801393728222997
0 0.55859375 0.47560975609756095 0.109375 0.13937282229965156
0 0.6165364583333333 0.3893728222996516 0.10807291666666666 0.16550522648083624
0 0.22200520833333331 0.4024390243902439 0.11067708333333333 0.1289198606271777
0 0.3274739583333333 0.11411149825783973 0.05598958333333333 0.10975609756097561
