0 0.8815000000000001 0.2677935943060498 0.23500000000000001 0.4572953736654804
0 0.101 0.6494661921708185 0.2 0.40925266903914587
0 0.6990000000000001 0.4777580071174377 0.24 0.393238434163701
0 0.927 0.6201067615658362 0.14200000000000002 0.3505338078291815
0 0.5555 0.7108540925266904 0.247 0.4395017793594306
0 0.3325 0.14412811387900354 0.215 0.2846975088967971
0 0.8105 0.8016014234875445 0.241 0.3754448398576512
0 0.2135 0.3807829181494662 0.265 0.4377224199288256
0 0.6465 0.15302491103202845 0.233 0.30249110320284694
0 0.466 0.36476868327402134 0.224 0.38434163701067614
0 0.108 0.16992882562277578 0.214 0.3362989323843416
0 0.323 0.7099644128113879 0.242 0.4626334519572953
