0 0.10666666666666667 0.74625 0.21000000000000002 0.3875
0 0.9083333333333334 0.27125 0.17666666666666667 0.3975
0 0.7200000000000001 0.465 0.3066666666666667 0.5
0 0.3541666666666667 0.26375 0.25833333333333336 0.3775
0 0.7516666666666667 0.1125 0.26 0.22
0 0.4741666666666667 0.63875 0.2783333333333334 0.4025
0 0.30333333333333334 0.55 0.18666666666666668 0.275
0 0.1125 0.10375000000000001 0.22166666666666668 0.2025
0 0.40166666666666667 0.87875 0.18333333333333335 0.2275
0 0.5641666666666667 0.21 0.24166666666666667 0.39
0 0.12250000000000001 0.355 0.2316666666666667 0.39
0 0.6125 0.88375 0.2816666666666667 0.2125
0 0.8991666666666667 0.83625 0.195 0.3175
