0 0.130625 0.668695652173913 0.05625 0.034782608695652174
0 0.9293750000000001 0.14695652173913043 0.05625 0.03130434782608696
0 0.181875 0.8021739130434783 0.06375 0.05304347826086957
0 0.695625 0.6526086956521739 0.08875 0.06521739130434782
0 0.250625 0.3047826086956522 0.08125 0.06173913043478261
0 0.11 0.3291304347826087 0.07 0.05652173913043478
0 0.650625 0.7260869565217392 0.11625 0.08869565217391305
0 0.7468750000000001 0.6608695652173914 0.13375 0.07652173913043478
0 0.546875 0.6547826086956522 0.08125 0.05391304347826087
0 0.15812500000000002 0.7052173913043479 0.07875 0.050434782608695654
0 0.8512500000000001 0.22347826086956524 0.0775 0.06782608695652174
0 0.669375 0.601304347826087 0.09625 0.06173913043478261
