0 0.171 0.13048368953880765 0.08600000000000001 0.05174353205849269
0 0.309 0.5134983127109112 0.074 0.03937007874015749
0 0.651 0.25590551181102367 0.07 0.03712035995500563
0 0.802 0.09336332958380203 0.07200000000000001 0.0359955005624297
0 0.223 0.3301462317210349 0.062 0.028121484814398204
0 0.25 0.10404949381327334 0.096 0.05061867266591676
0 0.105 0.47187851518560187 0.074 0.03937007874015749
0 0.748 0.2744656917885265 0.07200000000000001 0.040494938132733416
0 0.44 0.9150731158605175 0.108 0.05286839145106862
0 0.65 0.2238470191226097 0.064 0.029246344206974133
0 0.795 0.42294713160854897 0.07 0.04274465691788527
0 0.753 0.9527559055118111 0.134 0.06299212598425197
0 0.81 0.27896512935883017 0.07200000000000001 0.040494938132733416
0 0.075 0.43250843644544434 0.074 0.03937007874015749
