0 0.044157608695652176 0.6798756798756799 0.08559782608695651 0.024864024864024864
0 0.0733695652173913 0.8418803418803419 0.07608695652173914 0.022533022533022532
0 0.7377717391304348 0.771950271950272 0.09239130434782608 0.02564102564102564
0 0.34239130434782605 0.8368298368298368 0.08967391304347826 0.023310023310023312
0 0.5570652173913043 0.7911810411810412 0.08695652173913043 0.022144522144522144
0 0.751358695652174 0.8648018648018648 0.10597826086956522 0.029526029526029528
0 0.35258152173913043 0.8022533022533023 0.07201086956521739 0.0202020202020202
0 0.561141304347826 0.7731157731157731 0.06793478260869565 0.017094017094017096
0 0.2452445652173913 0.7496114996114996 0.09103260869565218 0.021367521367521368
0 0.6351902173913043 0.7595182595182595 0.08831521739130435 0.018648018648018648
0 0.22010869565217392 0.7981740481740481 0.07608695652173914 0.019036519036519036
0 0.5699728260869565 0.6958041958041958 0.09103260869565218 0.019425019425019424
0 0.6270380434782609 0.8207070707070707 0.11005434782608696 0.025252525252525252
0 0.8084239130434783 0.8232323232323232 0.08967391304347826 0.02097902097902098
0 0.21942934782608695 0.689005439005439 0.1046195652173913 0.022144522144522144
0 0.49320652173913043 0.8630536130536131 0.09782608695652173 0.0236985236985237
0 0.6467391304347826 0.7445609945609946 0.10054347826086957 0.026806526806526808
0 0.5230978260869565 0.7202797202797203 0.09239130434782608 0.023310023310023312
0 0.4809782608695652 0.4943667443667444 0.7934782608695652 0.2296037296037296
