0 0.3554166666666667 0.7616666666666667 0.14083333333333334 0.12666666666666668
0 0.5675 0.4129166666666667 0.16333333333333333 0.15916666666666668
0 0.6775 0.3425 0.155 0.15833333333333335
0 0.36000000000000004 0.29500000000000004 0.14833333333333334 0.15666666666666668
0 0.26666666666666666 0.6829166666666667 0.10833333333333334 0.08916666666666667
0 0.3795833333333334 0.18541666666666667 0.14416666666666667 0.13083333333333333
0 0.2625 0.4108333333333334 0.115 0.15666666666666668
0 0.8300000000000001 0.6362500000000001 0.15833333333333335 0.13416666666666668
0 0.57875 0.6783333333333333 0.15416666666666667 0.14333333333333334
0 0.39583333333333337 0.6420833333333333 0.15666666666666668 0.15916666666666668
0 0.5975 0.22208333333333335 0.165 0.16083333333333336
