0 0.12555555555555556 0.18729096989966554 0.04666666666666667 0.07023411371237458
0 0.09 0.407190635451505 0.05555555555555555 0.07525083612040134
0 0.17166666666666666 0.7265886287625418 0.05444444444444444 0.06856187290969899
0 0.36944444444444446 0.41722408026755853 0.03888888888888889 0.0451505016722408
0 0.07611111111111112 0.8043478260869565 0.05 0.0802675585284281
0 0.2544444444444444 0.1454849498327759 0.04888888888888889 0.07692307692307693
0 0.28888888888888886 0.4489966555183946 0.03333333333333333 0.0451505016722408
0 0.11833333333333333 0.3277591973244147 0.06111111111111111 0.0802675585284281
0 0.16944444444444445 0.181438127090301 0.043333333333333335 0.05852842809364548
0 0.18833333333333332 0.4439799331103679 0.043333333333333335 0.06521739130434782
