0 0.8485 0.18440779610194902 0.045 0.06596701649175413
0 0.28750000000000003 0.8793103448275862 0.041 0.05847076461769115
0 0.643 0.25487256371814093 0.046 0.06896551724137931
0 0.34600000000000003 0.272863568215892 0.044 0.06296851574212893
0 0.337 0.841079460269865 0.058 0.08695652173913043
0 0.3895 0.4302848575712144 0.039 0.05997001499250375
0 0.5055000000000001 0.36431784107946025 0.035 0.05397301349325337
0 0.4 0.8853073463268365 0.04 0.05847076461769115
0 0.6115 0.5592203898050975 0.041 0.05997001499250375
0 0.34600000000000003 0.22113943028485755 0.034 0.043478260869565216
0 0.5275 0.4047976011994003 0.033 0.05697151424287856
0 0.41100000000000003 0.7811094452773613 0.062 0.08695652173913043
0 0.9570000000000001 0.13118440779610194 0.082 0.1184407796101949
0 0.4835 0.4482758620689655 0.029 0.047976011994003
0 0.4325 0.4257871064467766 0.027 0.050974512743628186
0 0.6495 0.5314842578710645 0.047 0.0704647676161919
0 0.4585 0.252623688155922 0.033 0.06746626686656672
0 0.468 0.09895052473763118 0.054 0.095952023988006
0 0.5415 0.815592203898051 0.055 0.08995502248875561
0 0.356 0.4077961019490255 0.036000000000000004 0.050974512743628186
0 0.0385 0.2863568215892054 0.041 0.047976011994003
