0 0.20404172099087353 0.08872651356993735 0.0378096479791395 0.06054279749478079
0 0.4315514993481095 0.092901878914405 0.03650586701434159 0.06889352818371607
0 0.8155149934810951 0.5741127348643006 0.035202086049543675 0.05427974947807933
0 0.13233376792698825 0.1450939457202505 0.02998696219035202 0.04801670146137787
0 0.09713168187744459 0.19415448851774528 0.022164276401564535 0.033402922755741124
0 0.7496740547588004 0.290187891440501 0.03911342894393742 0.06263048016701461
0 0.6368970013037809 0.4655532359081419 0.0378096479791395 0.045929018789144044
0 0.6590612777053455 0.3298538622129436 0.0378096479791395 0.05427974947807933
0 0.7796610169491526 0.32672233820459284 0.03389830508474576 0.056367432150313146
0 0.4973924380704042 0.174321503131524 0.0378096479791395 0.056367432150313146
0 0.5795306388526728 0.45198329853862207 0.04041720990873533 0.06054279749478079
0 0.09452411994784876 0.5657620041753653 0.01955671447196871 0.04175365344467641
0 0.24511082138200782 0.2807933194154488 0.04954367666232073 0.07724425887265135
0 0.5782268578878749 0.522964509394572 0.0378096479791395 0.06054279749478079
0 0.7822685788787483 0.3914405010438413 0.028683181225554105 0.043841336116910226
0 0.37809647979139505 0.16701461377870563 0.03389830508474576 0.058455114822546964
0 0.1395045632333768 0.3507306889352818 0.02607561929595828 0.04175365344467641
0 0.6003911342894394 0.14926931106471814 0.03259452411994785 0.056367432150313146
0 0.024771838331160364 0.4634655532359081 0.02346805736636245 0.029227557411273482
0 0.894393741851369 0.6440501043841336 0.03129074315514993 0.052192066805845504
0 0.5782268578878749 0.6231732776617953 0.0378096479791395 0.056367432150313146
0 0.8024771838331161 0.5052192066805845 0.035202086049543675 0.05427974947807933
0 0.6923076923076923 0.40709812108559496 0.041720990873533245 0.050104384133611686
0 0.5097783572359843 0.12526096033402923 0.04432855280312907 0.07515657620041753
0 0.5508474576271186 0.48956158663883087 0.04302477183833116 0.06054279749478079
0 0.5795306388526728 0.348643006263048 0.035202086049543675 0.045929018789144044
0 0.8689700130378096 0.5114822546972859 0.0378096479791395 0.045929018789144044
0 0.60625814863103 0.7379958246346554 0.03129074315514993 0.056367432150313146
0 0.6831812255541069 0.039665970772442584 0.041720990873533245 0.06680584551148225
0 0.6029986962190352 0.6659707724425886 0.0378096479791395 0.05427974947807933
0 0.7398956975228161 0.07411273486430062 0.027379400260756193 0.043841336116910226
0 0.27444589308996087 0.08350730688935282 0.0378096479791395 0.05427974947807933
0 0.8604954367666232 0.6430062630480167 0.03129074315514993 0.05427974947807933
0 0.8702737940026075 0.55741127348643 0.035202086049543675 0.045929018789144044
0 0.6851368970013038 0.31315240083507306 0.027379400260756193 0.05427974947807933
0 0.6029986962190352 0.3977035490605428 0.02998696219035202 0.039665970772442584
0 0.8187744458930899 0.4446764091858037 0.03389830508474576 0.045929018789144044
0 0.863102998696219 0.7025052192066805 0.03650586701434159 0.06054279749478079
0 0.6069100391134289 0.7985386221294363 0.035202086049543675 0.06054279749478079
0 0.8996088657105606 0.6931106471816283 0.03650586701434159 0.06263048016701461
0 0.11408083441981746 0.4144050104384133 0.0378096479791395 0.04801670146137787
