0 0.31451612903225806 0.8381642512077294 0.04838709677419355 0.06763285024154589
0 0.5766129032258065 0.717391304347826 0.05 0.07246376811594203
0 0.4637096774193548 0.929951690821256 0.04032258064516129 0.06280193236714976
0 0.7258064516129032 0.20893719806763283 0.041935483870967745 0.0748792270531401
0 0.34919354838709676 0.2258454106280193 0.056451612903225805 0.07971014492753623
0 0.6411290322580645 0.6159420289855072 0.03387096774193549 0.06763285024154589
0 0.19274193548387097 0.5966183574879227 0.0467741935483871 0.06763285024154589
0 0.9451612903225807 0.6328502415458936 0.05161290322580645 0.07246376811594203
0 0.03225806451612903 0.39251207729468596 0.05806451612903226 0.07971014492753623
0 0.9814516129032258 0.35265700483091783 0.03387096774193549 0.07246376811594203
0 0.692741935483871 0.6268115942028986 0.037096774193548385 0.06038647342995169
0 0.3524193548387097 0.15217391304347824 0.056451612903225805 0.08212560386473429
0 0.6266129032258064 0.678743961352657 0.04032258064516129 0.033816425120772944
0 0.739516129032258 0.4106280193236715 0.05 0.06763285024154589
0 0.4854838709677419 0.6920289855072463 0.04838709677419355 0.07004830917874395
0 0.4596774193548387 0.7270531400966184 0.04516129032258064 0.043478260869565216
0 0.8169354838709677 0.6714975845410628 0.05 0.07729468599033816
0 0.6911290322580645 0.25362318840579706 0.0532258064516129 0.07729468599033816
0 0.9403225806451613 0.3297101449275362 0.04516129032258064 0.07971014492753623
0 0.9661290322580646 0.6835748792270531 0.041935483870967745 0.06280193236714976
0 0.24435483870967742 0.40942028985507245 0.0532258064516129 0.06521739130434782
0 0.9516129032258065 0.26690821256038644 0.05161290322580645 0.07971014492753623
0 0.7669354838709678 0.25966183574879226 0.04032258064516129 0.07971014492753623
0 0.8387096774193549 0.2946859903381642 0.054838709677419356 0.08695652173913043
0 0.13548387096774195 0.39492753623188404 0.03870967741935484 0.07971014492753623
0 0.7895161290322581 0.5881642512077294 0.0467741935483871 0.0748792270531401
0 0.2846774193548387 0.7258454106280193 0.037096774193548385 0.07004830917874395
0 0.6298387096774194 0.3647342995169082 0.0467741935483871 0.07729468599033816
0 0.7709677419354839 0.677536231884058 0.041935483870967745 0.0748792270531401
0 0.8887096774193548 0.6376811594202898 0.04516129032258064 0.06763285024154589
0 0.029838709677419355 0.47101449275362317 0.0532258064516129 0.07729468599033816
0 0.32016129032258067 0.8888888888888888 0.05 0.04830917874396135
0 0.25887096774193546 0.5942028985507246 0.05 0.06280193236714976
0 0.3217741935483871 0.716183574879227 0.037096774193548385 0.06038647342995169
0 0.43951612903225806 0.8647342995169082 0.04032258064516129 0.06280193236714976
0 0.0814516129032258 0.3683574879227053 0.0467741935483871 0.0893719806763285
