0 0.14666666666666667 0.20125 0.08666666666666667 0.1675
0 0.9625 0.23750000000000002 0.07166666666666667 0.12
0 0.5608333333333334 0.58375 0.07166666666666667 0.1125
0 0.6866666666666668 0.49875 0.07333333333333333 0.1125
0 0.9366666666666668 0.63625 0.05 0.0725
0 0.8341666666666667 0.70625 0.04166666666666667 0.0775
0 0.2783333333333334 0.80125 0.07666666666666667 0.1125
0 0.2525 0.6012500000000001 0.115 0.1525
0 0.24333333333333335 0.6900000000000001 0.08333333333333334 0.105
0 0.22833333333333336 0.18625 0.1366666666666667 0.2125
0 0.78 0.15125 0.08 0.0925
0 0.8816666666666667 0.69375 0.05 0.0725
0 0.775 0.5825 0.06333333333333334 0.095
0 0.7116666666666667 0.625 0.06333333333333334 0.08
0 0.5233333333333333 0.8525 0.05666666666666667 0.075
0 0.5983333333333334 0.9425 0.04 0.06
0 0.1716666666666667 0.3725 0.1366666666666667 0.165
0 0.9041666666666667 0.11 0.05166666666666667 0.08
