0 0.11 0.9440993788819875 0.064 0.09316770186335403
0 0.646 0.44875776397515527 0.08 0.09627329192546583
0 0.202 0.5574534161490683 0.08 0.09627329192546583
0 0.5 0.41459627329192544 0.092 0.13975155279503104
0 0.396 0.44565217391304346 0.08 0.11490683229813664
0 0.805 0.18167701863354035 0.082 0.11490683229813664
0 0.743 0.2950310559006211 0.082 0.12422360248447203
0 0.678 0.37267080745341613 0.076 0.13664596273291924
0 0.362 0.3354037267080745 0.092 0.14285714285714285
0 0.468 0.281055900621118 0.076 0.12732919254658384
0 0.14 0.47360248447204967 0.08 0.09627329192546583
0 0.065 0.5279503105590062 0.074 0.12422360248447203
0 0.20800000000000002 0.4161490683229813 0.084 0.13664596273291924
0 0.108 0.748447204968944 0.064 0.09316770186335403
0 0.182 0.9223602484472049 0.08 0.12422360248447203
0 0.164 0.7826086956521738 0.08 0.12422360248447203
0 0.251 0.7608695652173912 0.062 0.09937888198757763
0 0.5700000000000001 0.12732919254658384 0.084 0.13664596273291924
0 0.041 0.42236024844720493 0.07 0.11180124223602483
0 0.591 0.2515527950310559 0.094 0.14285714285714285
