0 0.39625 0.6506352087114338 0.0825 0.05263157894736842
0 0.31625000000000003 0.5381125226860254 0.1225 0.08166969147005444
0 0.3275 0.7867513611615244 0.12 0.06715063520871144
0 0.82375 0.5762250453720508 0.1875 0.12885662431941924
0 0.46625 0.43829401088929215 0.1675 0.11796733212341197
0 0.12 0.9192377495462795 0.22 0.15789473684210525
0 0.51375 0.6424682395644283 0.0825 0.07259528130671505
0 0.6687500000000001 0.45644283121597096 0.2275 0.09618874773139746
0 0.31125 0.8892921960072595 0.17250000000000001 0.14882032667876588
0 0.43375 0.6996370235934664 0.0975 0.06715063520871144
0 0.185 0.367513611615245 0.2 0.18330308529945552
0 0.55375 0.7767695099818511 0.1225 0.09800362976406533
0 0.30875 0.09528130671506352 0.2425 0.1869328493647913
0 0.86 0.6633393829401089 0.17 0.10707803992740471
