0 0.89 0.8086734693877551 0.115 0.20918367346938774
0 0.94375 0.471938775510204 0.1075 0.2193877551020408
0 0.94125 0.9413265306122448 0.0975 0.1173469387755102
0 0.9125 0.07397959183673469 0.08 0.1173469387755102
0 0.9275 0.6326530612244897 0.09 0.1020408163265306
0 0.82375 0.5739795918367346 0.11750000000000001 0.19897959183673466
0 0.7925 0.21428571428571427 0.07 0.16326530612244897
0 0.8225 0.3954081632653061 0.095 0.14795918367346939
0 0.8275 0.08928571428571427 0.09 0.12755102040816327
0 0.795 0.8520408163265305 0.065 0.16326530612244897
0 0.8462500000000001 0.9183673469387754 0.10250000000000001 0.1530612244897959
0 0.96 0.20918367346938774 0.08 0.17346938775510204
0 0.86625 0.18112244897959182 0.0925 0.15816326530612243
