0 0.5714285714285714 0.5847953216374269 0.10857142857142857 0.24561403508771928
0 0.7564285714285715 0.7719298245614035 0.07857142857142857 0.15204678362573099
0 0.21 0.4941520467836257 0.09714285714285714 0.19298245614035087
0 0.8114285714285714 0.40350877192982454 0.10857142857142857 0.22807017543859648
0 0.6285714285714286 0.6695906432748537 0.09142857142857143 0.19298245614035087
0 0.2842857142857143 0.5116959064327485 0.05714285714285714 0.17543859649122806
0 0.7271428571428571 0.9035087719298245 0.09142857142857143 0.16374269005847952
0 0.40285714285714286 0.46929824561403505 0.08285714285714285 0.11403508771929824
0 0.075 0.4005847953216374 0.07285714285714286 0.15789473684210525
0 0.5292857142857142 0.6885964912280701 0.09 0.20760233918128654
0 0.24142857142857144 0.33187134502923976 0.07142857142857142 0.16666666666666666
0 0.6778571428571428 0.7807017543859649 0.08142857142857143 0.16374269005847952
0 0.35285714285714287 0.5248538011695906 0.07714285714285714 0.20175438596491227
0 0.21142857142857144 0.8684210526315789 0.10285714285714286 0.18128654970760233
