0 0.220703125 0.21409749670619238 0.04296875 0.06455862977602109
0 0.19189453125 0.23386034255599475 0.0478515625 0.05928853754940712
0 0.1884765625 0.11791831357048749 0.046875 0.0619235836627141
0 0.525390625 0.27733860342555994 0.044921875 0.048748353096179184
0 0.5283203125 0.47035573122529645 0.04296875 0.05270092226613966
0 0.4892578125 0.6080368906455863 0.052734375 0.07246376811594203
0 0.56005859375 0.7562582345191041 0.0498046875 0.06587615283267458
0 0.52490234375 0.6238471673254282 0.0361328125 0.05401844532279315
0 0.2255859375 0.2562582345191041 0.041015625 0.048748353096179184
0 0.37744140625 0.45915678524374176 0.0478515625 0.05928853754940712
0 0.0986328125 0.09683794466403163 0.046875 0.05401844532279315
0 0.04150390625 0.3096179183135705 0.0439453125 0.057971014492753624
0 0.60546875 0.4894598155467721 0.046875 0.0619235836627141
0 0.43017578125 0.2845849802371542 0.0439453125 0.057971014492753624
