0 0.856259659969088 0.831439393939394 0.10819165378670788 0.1047979797979798
0 0.5 0.8421717171717172 0.08809891808346212 0.09595959595959597
0 0.9327666151468315 0.783459595959596 0.08809891808346212 0.08712121212121213
0 0.5162287480680062 0.4008838383838384 0.11128284389489954 0.08964646464646465
0 0.1391035548686244 0.9204545454545455 0.11128284389489954 0.10101010101010102
0 0.7635239567233385 0.8333333333333334 0.080370942812983 0.06818181818181819
0 0.3083462132921175 0.8566919191919192 0.10046367851622874 0.08964646464646465
0 0.16846986089644514 0.4867424242424243 0.1143740340030912 0.09722222222222222
0 0.6638330757341576 0.5662878787878788 0.08500772797527048 0.0643939393939394
0 0.4845440494590417 0.10542929292929294 0.08809891808346212 0.054292929292929296
0 0.6754250386398764 0.6300505050505051 0.10510046367851622 0.09343434343434344
0 0.2480680061823802 0.9488636363636365 0.11591962905718702 0.08964646464646465
0 0.26120556414219476 0.5372474747474748 0.1143740340030912 0.09722222222222222
0 0.7874806800618238 0.9703282828282829 0.0973724884080371 0.05681818181818182
0 0.42117465224111283 0.7815656565656567 0.14683153013910355 0.11616161616161617
0 0.2650695517774343 0.6938131313131314 0.12210200927357032 0.10227272727272728
