0 0.45625 0.58046875 0.05416666666666667 0.09531250000000001
0 0.25364583333333335 0.26171875 0.040625 0.0671875
0 0.709375 0.30234375 0.08125 0.0890625
0 0.47812499999999997 0.68671875 0.06666666666666667 0.1046875
0 0.4895833333333333 0.52734375 0.07083333333333333 0.09531250000000001
0 0.165625 0.36171875000000003 0.035416666666666666 0.051562500000000004
0 0.5229166666666667 0.32890625 0.07708333333333334 0.1296875
0 0.2609375 0.309375 0.034375 0.040625
0 0.5161458333333333 0.58828125 0.06145833333333333 0.0890625
0 0.22447916666666667 0.309375 0.040625 0.059375000000000004
