0 0.7655172413793103 0.30153846153846153 0.3620689655172414 0.3292307692307692
0 0.13017241379310346 0.3569230769230769 0.25689655172413794 0.25846153846153846
0 0.7991379310344827 0.8530769230769231 0.40172413793103445 0.2815384615384615
0 0.3353448275862069 0.2423076923076923 0.28793103448275864 0.2723076923076923
0 0.5267241379310345 0.25153846153846154 0.16724137931034483 0.18307692307692308
0 0.25775862068965516 0.8646153846153846 0.46379310344827585 0.27076923076923076
0 0.6887931034482758 0.6107692307692307 0.3603448275862069 0.32
0 0.2629310344827586 0.5184615384615384 0.24310344827586206 0.1723076923076923
0 0.4879310344827586 0.44846153846153847 0.28620689655172415 0.24769230769230768
0 0.11120689655172414 0.15461538461538463 0.20862068965517241 0.17076923076923076
0 0.346551724137931 0.6961538461538461 0.3793103448275862 0.2907692307692308
0 0.6491379310344827 0.14846153846153845 0.22241379310344828 0.15846153846153846
