0 0.296 0.44047619047619047 0.272 0.2777777777777778
0 0.32 0.742063492063492 0.32 0.37830687830687826
0 0.605 0.5899470899470899 0.278 0.3386243386243386
0 0.46900000000000003 0.12169312169312169 0.258 0.20634920634920634
0 0.11800000000000001 0.41137566137566134 0.184 0.29894179894179895
0 0.525 0.8108465608465608 0.158 0.23544973544973544
0 0.249 0.19576719576719576 0.21 0.26455026455026454
0 0.872 0.17195767195767195 0.212 0.30687830687830686
0 0.548 0.31481481481481477 0.26 0.2962962962962963
0 0.114 0.7288359788359788 0.164 0.2936507936507936
0 0.8250000000000001 0.4880952380952381 0.23800000000000002 0.32539682539682535
0 0.726 0.7857142857142857 0.244 0.30687830687830686
0 0.64 0.1984126984126984 0.132 0.19576719576719576
