0 0.529262086513995 0.6561679790026247 0.12213740458015268 0.13648293963254593
0 0.33078880407124683 0.3556430446194226 0.11195928753180662 0.10236220472440945
0 0.04834605597964377 0.6338582677165354 0.08651399491094149 0.12860892388451445
0 0.7646310432569975 0.4304461942257218 0.11959287531806617 0.11023622047244094
0 0.5012722646310432 0.3293963254593176 0.10178117048346057 0.08661417322834646
0 0.4173027989821883 0.48556430446194226 0.12213740458015268 0.09448818897637795
0 0.044529262086514 0.3753280839895013 0.07888040712468194 0.07874015748031496
0 0.673027989821883 0.7296587926509186 0.12977099236641224 0.11023622047244094
0 0.688295165394402 0.38320209973753283 0.09414758269720103 0.08923884514435695
0 0.6501272264631044 0.6115485564304461 0.15012722646310434 0.15223097112860892
0 0.11704834605597965 0.45931758530183725 0.1068702290076336 0.08398950131233596
0 0.2340966921119593 0.5734908136482939 0.11704834605597965 0.13910761154855644
0 0.12086513994910943 0.38188976377952755 0.10432569974554708 0.10236220472440945
0 0.43511450381679395 0.562992125984252 0.11195928753180662 0.11811023622047244
0 0.19211195928753183 0.32545931758530183 0.089058524173028 0.09448818897637795
0 0.4961832061068703 0.8202099737532809 0.14758269720101783 0.14960629921259844
0 0.8931297709923665 0.8569553805774278 0.13740458015267176 0.14960629921259844
0 0.83587786259542 0.7099737532808399 0.16539440203562342 0.14960629921259844
0 0.8829516539440204 0.36220472440944884 0.12213740458015268 0.12073490813648294
0 0.12468193384223919 0.5551181102362205 0.11704834605597965 0.10236220472440945
0 0.9033078880407125 0.526246719160105 0.13231552162849874 0.12860892388451445
0 0.36895674300254455 0.7795275590551181 0.1068702290076336 0.12598425196850394
0 0.5954198473282443 0.9501312335958005 0.14249363867684478 0.08398950131233596
0 0.7366412213740459 0.8254593175853018 0.1806615776081425 0.1548556430446194
0 0.8027989821882953 0.9448818897637795 0.15012722646310434 0.09973753280839895
0 0.4096692111959288 0.3136482939632546 0.10178117048346057 0.10236220472440945
0 0.7798982188295166 0.5406824146981627 0.13486005089058525 0.13648293963254593
0 0.24936386768447838 0.7178477690288714 0.13740458015267176 0.13385826771653542
0 0.4211195928753181 0.9383202099737533 0.12468193384223919 0.11811023622047244
0 0.054707379134860054 0.8398950131233596 0.10432569974554708 0.14173228346456693
0 0.2837150127226463 0.9186351706036745 0.13994910941475827 0.15748031496062992
0 0.1628498727735369 0.8727034120734908 0.11195928753180662 0.12335958005249344
0 0.5814249363867685 0.27165354330708663 0.09923664122137406 0.08661417322834646
0 0.08269720101781171 0.9383202099737533 0.14503816793893132 0.09711286089238845
0 0.04707379134860051 0.526246719160105 0.08396946564885496 0.08136482939632546
0 0.14249363867684478 0.6574803149606299 0.13740458015267176 0.12335958005249344
0 0.49872773536895676 0.42650918635170604 0.12213740458015268 0.10236220472440945
0 0.27989821882951654 0.8320209973753281 0.12213740458015268 0.07874015748031496
0 0.311704834605598 0.47506561679790027 0.11450381679389314 0.11548556430446194
0 0.033078880407124686 0.4540682414698163 0.06106870229007634 0.07349081364829396
0 0.4262086513994911 0.21653543307086615 0.09923664122137406 0.09711286089238845
0 0.6526717557251909 0.4881889763779528 0.11959287531806617 0.12598425196850394
0 0.5826972010178118 0.36220472440944884 0.11704834605597965 0.10498687664041995
0 0.8893129770992367 0.6496062992125984 0.14503816793893132 0.1443569553805774
0 0.36005089058524176 0.6443569553805775 0.15012722646310434 0.16010498687664043
