0 0.5682148040638607 0.9487870619946093 0.07111756168359942 0.0862533692722372
0 0.2539912917271408 0.6347708894878706 0.06966618287373004 0.11590296495956874
0 0.32728592162554426 0.6671159029649596 0.07402031930333818 0.1320754716981132
0 0.2612481857764877 0.8517520215633424 0.0783744557329463 0.13477088948787064
0 0.6952104499274311 0.8773584905660378 0.08127721335268505 0.13746630727762804
0 0.7815674891146589 0.7371967654986523 0.07402031930333818 0.11590296495956874
0 0.625544267053701 0.8827493261455526 0.06386066763425254 0.10512129380053908
0 0.02467343976777939 0.6428571428571429 0.040638606676342524 0.11051212938005392
0 0.7547169811320754 0.9380053908355795 0.09579100145137881 0.1078167115902965
0 0.5043541364296081 0.9016172506738545 0.07111756168359942 0.10512129380053908
0 0.2576197387518142 0.9447439353099731 0.07982583454281568 0.08894878706199462
0 0.36284470246734396 0.9353099730458222 0.08127721335268505 0.10242587601078168
0 0.6567489114658926 0.6684636118598383 0.062409288824383166 0.1078167115902965
0 0.941944847605225 0.839622641509434 0.06386066763425254 0.07277628032345014
0 0.5217706821480407 0.578167115902965 0.059506531204644414 0.08894878706199462
0 0.1748911465892598 0.9326145552560647 0.10014513788098693 0.11859838274932616
0 0.9433962264150944 0.9299191374663073 0.08127721335268505 0.12398921832884098
0 0.0783744557329463 0.6051212938005391 0.07547169811320754 0.09973045822102426
0 0.2467343976777939 0.711590296495957 0.055152394775036286 0.11859838274932616
0 0.5950653120464441 0.646900269541779 0.06676342525399129 0.1078167115902965
0 0.20246734397677793 0.7304582210242588 0.07692307692307693 0.12398921832884098
0 0.07619738751814223 0.4393530997304582 0.059506531204644414 0.1078167115902965
0 0.08563134978229318 0.6900269541778976 0.07547169811320754 0.0862533692722372
0 0.3955007256894049 0.6738544474393532 0.07402031930333818 0.11859838274932616
0 0.29898403483309144 0.4811320754716981 0.055152394775036286 0.08355795148247978
0 0.7808417997097242 0.5363881401617251 0.05805515239477504 0.09703504043126684
0 0.4637155297532656 0.5390835579514826 0.062409288824383166 0.09703504043126684
0 0.9252539912917271 0.6226415094339623 0.07402031930333818 0.13477088948787064
0 0.08127721335268505 0.7964959568733154 0.0783744557329463 0.14824797843665768
0 0.05878084179970972 0.8962264150943396 0.08272859216255443 0.11590296495956874
0 0.7184325108853411 0.7654986522911051 0.06966618287373004 0.1078167115902965
0 0.5457184325108854 0.8126684636118598 0.07547169811320754 0.12129380053908356
0 0.4477503628447025 0.7331536388140162 0.08272859216255443 0.13477088948787064
0 0.38171262699564584 0.8423180592991915 0.08127721335268505 0.1320754716981132
0 0.45573294629898403 0.8436657681940701 0.07547169811320754 0.12398921832884098
0 0.15312046444121916 0.5673854447439354 0.07402031930333818 0.1320754716981132
0 0.6204644412191582 0.7506738544474394 0.07111756168359942 0.11590296495956874
0 0.15820029027576196 0.8328840970350405 0.07256894049346879 0.1078167115902965
0 0.8243831640058055 0.6994609164420486 0.06676342525399129 0.12129380053908356
0 0.32583454281567487 0.8221024258760108 0.062409288824383166 0.11320754716981132
0 0.8701015965166908 0.8086253369272237 0.08272859216255443 0.15094339622641512
