0 0.7615740740740741 0.6603732638888888 0.34259259259259256 0.2400173611111111
0 0.6979166666666666 0.9301215277777777 0.2962962962962963 0.1267361111111111
0 0.4117476851851852 0.03407118055555555 0.2633101851851852 0.06727430555555555
0 0.6808449074074073 0.04817708333333333 0.24479166666666666 0.0954861111111111
0 0.32089120370370366 0.2845052083333333 0.25983796296296297 0.18012152777777776
0 0.8287037037037036 0.42599826388888884 0.34259259259259256 0.2400173611111111
0 0.22482638888888887 0.45572916666666663 0.30960648148148145 0.20746527777777776
0 0.5202546296296297 0.5201822916666666 0.3784722222222222 0.28949652777777773
0 0.4071180555555555 0.13216145833333331 0.25983796296296297 0.18012152777777776
0 0.6927083333333333 0.16297743055555555 0.25925925925925924 0.1714409722222222
0 0.5347222222222222 0.7925347222222222 0.2858796296296296 0.22743055555555555
0 0.24971064814814814 0.9331597222222222 0.3605324074074074 0.12586805555555555
0 0.48234953703703703 0.2747395833333333 0.13252314814814814 0.1423611111111111
0 0.3350694444444444 0.6966145833333333 0.2858796296296296 0.22743055555555555
0 0.08159722222222222 0.5815972222222222 0.16203703703703703 0.19791666666666666
0 0.13368055555555555 0.7669270833333333 0.21990740740740738 0.19444444444444442
0 0.8535879629629629 0.11219618055555555 0.2743055555555555 0.1870659722222222
0 0.08883101851851852 0.047526041666666664 0.17650462962962962 0.09418402777777778
0 0.15769675925925924 0.17296006944444445 0.25983796296296297 0.18012152777777776
0 0.6235532407407407 0.29144965277777773 0.26446759259259256 0.18880208333333331
