0 0.7647058823529411 0.24803921568627452 0.17352941176470588 0.1980392156862745
0 0.9088235294117647 0.22745098039215686 0.14411764705882352 0.17254901960784313
0 0.6360294117647058 0.08627450980392157 0.12794117647058822 0.16078431372549018
0 0.39558823529411763 0.3264705882352941 0.21470588235294116 0.26862745098039215
0 0.5852941176470589 0.846078431372549 0.23529411764705882 0.29215686274509806
0 0.9294117647058824 0.6127450980392157 0.1411764705882353 0.2647058823529412
0 0.2698529411764706 0.46078431372549017 0.19264705882352942 0.25098039215686274
0 0.8330882352941177 0.8813725490196078 0.225 0.21764705882352942
0 0.15808823529411764 0.2892156862745098 0.20147058823529412 0.3
0 0.7948529411764705 0.6745098039215687 0.21029411764705883 0.26666666666666666
0 0.5897058823529412 0.5666666666666667 0.21470588235294116 0.27058823529411763
0 0.9051470588235294 0.40490196078431373 0.18088235294117647 0.24901960784313726
0 0.46249999999999997 0.16862745098039217 0.17205882352941176 0.20392156862745098
0 0.5963235294117647 0.2676470588235294 0.18088235294117647 0.24901960784313726
0 0.7213235294117647 0.43039215686274507 0.19558823529411765 0.2607843137254902
0 0.23823529411764705 0.8323529411764706 0.23529411764705882 0.296078431372549
0 0.37426470588235294 0.653921568627451 0.20735294117647057 0.27647058823529413
0 0.08308823529411764 0.5558823529411765 0.16323529411764706 0.2568627450980392
0 0.16323529411764706 0.707843137254902 0.18235294117647058 0.23137254901960785
0 0.2875 0.09215686274509804 0.1602941176470588 0.1803921568627451
0 0.9022058823529412 0.12254901960784313 0.1338235294117647 0.14705882352941177
