0 0.46510416666666665 0.5638888888888889 0.134375 0.23148148148148148
0 0.8046875 0.29444444444444445 0.11979166666666667 0.1814814814814815
0 0.5052083333333334 0.1425925925925926 0.10208333333333333 0.2
0 0.3109375 0.16944444444444445 0.10729166666666666 0.17962962962962964
0 0.24166666666666667 0.33611111111111114 0.11458333333333333 0.20555555555555557
0 0.0703125 0.6333333333333333 0.13854166666666667 0.26296296296296295
0 0.7854166666666667 0.425 0.10416666666666667 0.17592592592592593
0 0.6890625 0.2111111111111111 0.12395833333333334 0.20370370370370372
0 0.8781249999999999 0.17222222222222222 0.10833333333333334 0.18888888888888888
0 0.48072916666666665 0.3314814814814815 0.12395833333333334 0.20370370370370372
0 0.45677083333333335 0.8351851851851853 0.16770833333333332 0.3074074074074074
0 0.12916666666666665 0.17777777777777778 0.11041666666666666 0.15925925925925927
0 0.2453125 0.8388888888888889 0.153125 0.1925925925925926
0 0.346875 0.3148148148148148 0.12291666666666666 0.21481481481481482
0 0.2328125 0.6324074074074074 0.15104166666666666 0.2388888888888889
0 0.9052083333333333 0.4537037037037037 0.12708333333333333 0.16666666666666669
0 0.6 0.16944444444444445 0.08333333333333333 0.18333333333333335
0 0.6104166666666666 0.7925925925925926 0.15416666666666667 0.2925925925925926
0 0.11770833333333333 0.3055555555555556 0.12916666666666665 0.2
0 0.22343749999999998 0.1287037037037037 0.10729166666666666 0.17962962962962964
0 0.09010416666666667 0.4398148148148148 0.13645833333333332 0.20555555555555557
0 0.9244791666666666 0.6268518518518519 0.14270833333333333 0.24629629629629632
0 0.9223958333333333 0.8537037037037037 0.153125 0.2814814814814815
0 0.9541666666666666 0.2388888888888889 0.08333333333333333 0.21851851851851853
0 0.08854166666666667 0.8870370370370371 0.175 0.21851851851851853
0 0.7020833333333333 0.0638888888888889 0.10208333333333333 0.12407407407407407
0 0.43697916666666664 0.0638888888888889 0.09270833333333334 0.12407407407407407
0 0.6010416666666667 0.36203703703703705 0.12291666666666666 0.21296296296296297
0 0.7901041666666666 0.612037037037037 0.134375 0.23148148148148148
0 0.8005208333333333 0.10185185185185186 0.10520833333333333 0.17777777777777778
0 0.7786458333333334 0.8638888888888889 0.18020833333333333 0.2537037037037037
0 0.03125 0.26851851851851855 0.06041666666666667 0.21481481481481482
