0 0.5396174863387978 0.48775510204081635 0.19672131147540983 0.2693877551020408
0 0.7903005464480874 0.5653061224489796 0.20901639344262296 0.2653061224489796
0 0.7650273224043715 0.23571428571428574 0.16939890710382513 0.20612244897959187
0 0.26024590163934425 0.6204081632653062 0.2581967213114754 0.31836734693877555
0 0.15437158469945356 0.19285714285714287 0.15846994535519127 0.1979591836734694
0 0.8640710382513661 0.09183673469387756 0.15437158469945356 0.1673469387755102
0 0.674863387978142 0.3816326530612245 0.17759562841530055 0.27346938775510204
0 0.9207650273224044 0.23571428571428574 0.15300546448087432 0.2142857142857143
0 0.5512295081967213 0.24795918367346942 0.14617486338797814 0.20204081632653062
0 0.30396174863387976 0.10408163265306124 0.17349726775956284 0.20408163265306123
0 0.2896174863387978 0.27346938775510204 0.16120218579234974 0.22040816326530616
0 0.42213114754098363 0.3020408163265306 0.17759562841530055 0.27346938775510204
0 0.8401639344262295 0.3887755102040817 0.16939890710382513 0.20612244897959187
0 0.5280054644808743 0.7510204081632654 0.20081967213114754 0.3102040816326531
0 0.12021857923497267 0.3448979591836735 0.16939890710382513 0.24081632653061227
0 0.5942622950819673 0.12959183673469388 0.15300546448087432 0.1979591836734694
0 0.6612021857923497 0.7010204081632654 0.16939890710382513 0.26734693877551025
0 0.3668032786885246 0.8010204081632654 0.2718579234972678 0.3612244897959184
