0 0.287109375 0.37890625 0.11328125 0.1484375
0 0.37890625 0.5442708333333333 0.12890625 0.16666666666666666
0 0.380859375 0.2591145833333333 0.11328125 0.1484375
0 0.81640625 0.7291666666666666 0.1328125 0.171875
0 0.9345703125 0.65234375 0.123046875 0.20052083333333331
0 0.16796875 0.3138020833333333 0.09375 0.1328125
0 0.0341796875 0.48828125 0.064453125 0.1328125
0 0.693359375 0.16536458333333331 0.09375 0.1171875
0 0.9453125 0.8424479166666666 0.109375 0.19010416666666666
0 0.4921875 0.609375 0.1328125 0.171875
0 0.302734375 0.6653645833333333 0.14453125 0.1796875
0 0.6806640625 0.31119791666666663 0.115234375 0.12760416666666666
0 0.0478515625 0.3828125 0.091796875 0.13020833333333331
0 0.7978515625 0.41015625 0.142578125 0.16927083333333331
0 0.138671875 0.4388020833333333 0.11328125 0.12760416666666666
0 0.0849609375 0.21354166666666666 0.083984375 0.125
0 0.126953125 0.11588541666666666 0.0859375 0.1015625
0 0.4130859375 0.7486979166666666 0.138671875 0.1796875
0 0.6171875 0.09635416666666666 0.08203125 0.10416666666666666
0 0.66015625 0.5885416666666666 0.1328125 0.171875
0 0.3701171875 0.045572916666666664 0.087890625 0.0859375
0 0.0478515625 0.8841145833333333 0.091796875 0.19010416666666666
0 0.546875 0.15234375 0.09375 0.1171875
0 0.0302734375 0.26171875 0.056640625 0.12239583333333333
0 0.4951171875 0.3255208333333333 0.119140625 0.15104166666666666
0 0.84375 0.9088541666666666 0.1640625 0.17708333333333331
0 0.1318359375 0.6276041666666666 0.138671875 0.15625
0 0.6796875 0.7578125 0.1328125 0.171875
0 0.9345703125 0.3098958333333333 0.119140625 0.15104166666666666
0 0.216796875 0.08984375 0.09375 0.09114583333333333
0 0.66796875 0.44140625 0.1171875 0.1484375
0 0.2216796875 0.17317708333333331 0.087890625 0.11197916666666666
0 0.2607421875 0.2552083333333333 0.103515625 0.125
0 0.8154296875 0.25 0.115234375 0.140625
0 0.2021484375 0.8658854166666666 0.138671875 0.1796875
0 0.8056640625 0.5611979166666666 0.142578125 0.16927083333333331
0 0.5185546875 0.46484375 0.126953125 0.1640625
0 0.8076171875 0.13671875 0.115234375 0.11197916666666666
0 0.5556640625 0.91015625 0.138671875 0.1796875
