0 0.06833333333333334 0.11 0.13333333333333333 0.21333333333333335
0 0.5175000000000001 0.8716666666666667 0.26166666666666666 0.24333333333333335
0 0.26 0.61 0.27 0.2966666666666667
0 0.7075 0.3125 0.275 0.28500000000000003
0 0.07583333333333334 0.8650000000000001 0.14166666666666666 0.2566666666666667
0 0.26666666666666666 0.8741666666666668 0.26 0.24166666666666667
0 0.7741666666666667 0.8608333333333333 0.28500000000000003 0.265
0 0.7233333333333334 0.10583333333333333 0.23 0.20500000000000002
0 0.9091666666666667 0.4625 0.18166666666666667 0.2783333333333334
0 0.24583333333333335 0.3383333333333334 0.23833333333333334 0.27
0 0.23583333333333334 0.11333333333333334 0.2816666666666667 0.22333333333333336
0 0.06833333333333334 0.32083333333333336 0.13333333333333333 0.23833333333333334
0 0.06416666666666668 0.5850000000000001 0.125 0.30000000000000004
0 0.9125000000000001 0.11 0.15833333333333335 0.21333333333333335
0 0.49500000000000005 0.11166666666666668 0.23333333333333334 0.22
0 0.48333333333333334 0.35333333333333333 0.24333333333333335 0.27666666666666667
0 0.7508333333333334 0.5900000000000001 0.26833333333333337 0.2833333333333333
