0 0.29250000000000004 0.9366666666666668 0.28833333333333333 0.12333333333333334
0 0.52 0.3716666666666667 0.27666666666666667 0.24333333333333335
0 0.17416666666666666 0.7058333333333334 0.20833333333333334 0.21833333333333335
0 0.7416666666666667 0.4291666666666667 0.18666666666666668 0.15166666666666667
0 0.5675 0.5883333333333334 0.26166666666666666 0.23333333333333334
0 0.30250000000000005 0.525 0.29833333333333334 0.2733333333333334
0 0.7358333333333333 0.2541666666666667 0.24833333333333335 0.23500000000000001
0 0.9466666666666668 0.31583333333333335 0.10666666666666667 0.13833333333333334
0 0.26583333333333337 0.28500000000000003 0.255 0.23333333333333334
0 0.5850000000000001 0.7691666666666667 0.23 0.17500000000000002
0 0.09416666666666668 0.5 0.18500000000000003 0.24000000000000002
0 0.8 0.615 0.23 0.23333333333333334
0 0.15583333333333335 0.1 0.255 0.19666666666666668
0 0.8725 0.8841666666666668 0.24833333333333335 0.2316666666666667
0 0.3091666666666667 0.14083333333333334 0.135 0.09166666666666667
0 0.3741666666666667 0.7708333333333334 0.255 0.255
0 0.8833333333333334 0.09416666666666668 0.21666666666666667 0.18166666666666667
0 0.9158333333333334 0.5041666666666667 0.16833333333333333 0.2516666666666667
0 0.49333333333333335 0.14833333333333334 0.26666666666666666 0.24000000000000002
0 0.6333333333333334 0.9266666666666667 0.27666666666666667 0.14666666666666667
0 0.05333333333333334 0.25583333333333336 0.10333333333333335 0.2516666666666667
0 0.10166666666666667 0.8550000000000001 0.19666666666666668 0.27
