0 0.512 0.8778571428571429 0.254 0.23
0 0.2175 0.125 0.229 0.24714285714285714
0 0.914 0.285 0.16 0.31285714285714283
0 0.4975 0.2864285714285714 0.275 0.39571428571428574
0 0.9065 0.5971428571428572 0.163 0.4685714285714286
0 0.758 0.24428571428571427 0.246 0.33714285714285713
0 0.0365 0.6421428571428571 0.07100000000000001 0.2642857142857143
0 0.078 0.8685714285714285 0.152 0.24857142857142858
0 0.5665 0.6135714285714285 0.303 0.35285714285714287
0 0.11900000000000001 0.36428571428571427 0.228 0.3057142857142857
0 0.2315 0.5628571428571428 0.297 0.42857142857142855
0 0.625 0.08357142857142857 0.258 0.16428571428571428
0 0.787 0.8421428571428572 0.302 0.30428571428571427
