0 0.613 0.898488120950324 0.194 0.1900647948164147
0 0.083 0.47300215982721383 0.15 0.17710583153347734
0 0.491 0.7667386609071275 0.17400000000000002 0.1900647948164147
0 0.926 0.4524838012958964 0.148 0.17494600431965443
0 0.526 0.173866090712743 0.168 0.17926565874730022
0 0.4 0.9125269978401729 0.192 0.16630669546436286
0 0.167 0.3250539956803456 0.162 0.183585313174946
0 0.872 0.623110151187905 0.148 0.16630669546436286
0 0.325 0.3563714902807776 0.178 0.19438444924406048
0 0.077 0.1857451403887689 0.15 0.17710583153347734
0 0.47200000000000003 0.5853131749460043 0.168 0.17710583153347734
0 0.741 0.35205183585313177 0.14200000000000002 0.16846652267818576
0 0.799 0.7775377969762419 0.17400000000000002 0.1857451403887689
0 0.717 0.6177105831533478 0.162 0.16414686825053998
0 0.866 0.2354211663066955 0.17200000000000001 0.1900647948164147
0 0.302 0.7257019438444925 0.168 0.17710583153347734
0 0.219 0.20950323974082075 0.15 0.13822894168466524
0 0.067 0.7429805615550756 0.13 0.1857451403887689
0 0.796 0.5140388768898488 0.148 0.13822894168466524
0 0.334 0.091792656587473 0.168 0.17926565874730022
0 0.646 0.4632829373650108 0.17200000000000001 0.18790496760259182
0 0.686 0.21274298056155508 0.168 0.17926565874730022
0 0.598 0.07451403887688986 0.156 0.14470842332613393
0 0.203 0.5734341252699784 0.17 0.20950323974082075
0 0.203 0.8768898488120951 0.17 0.19870410367170627
0 0.488 0.34017278617710583 0.168 0.17926565874730022
