0 0.28444444444444444 0.18416666666666667 0.2222222222222222 0.2783333333333334
0 0.03166666666666667 0.8466666666666667 0.06111111111111111 0.29333333333333333
0 0.10444444444444445 0.4316666666666667 0.20666666666666667 0.43000000000000005
0 0.19722222222222222 0.65 0.3211111111111111 0.30000000000000004
0 0.8394444444444444 0.8650000000000001 0.31 0.2566666666666667
0 0.61 0.20333333333333334 0.2688888888888889 0.3866666666666667
0 0.5205555555555555 0.5716666666666667 0.3277777777777778 0.4733333333333334
0 0.8794444444444445 0.3275 0.22777777777777777 0.325
0 0.9466666666666667 0.14166666666666666 0.10444444444444445 0.28
0 0.7738888888888888 0.5275000000000001 0.25666666666666665 0.3983333333333334
0 0.46166666666666667 0.8741666666666668 0.20777777777777778 0.22833333333333336
0 0.08555555555555555 0.1575 0.1688888888888889 0.305
0 0.22055555555555556 0.8483333333333334 0.36777777777777776 0.2833333333333333
0 0.7744444444444445 0.12916666666666668 0.23333333333333334 0.255
0 0.37277777777777776 0.3491666666666667 0.29 0.3916666666666667
