0 0.87597503900156 0.5190476190476191 0.23868954758190328 0.380952380952381
0 0.5975039001560063 0.22500000000000003 0.2714508580343214 0.3880952380952381
0 0.2620904836193448 0.18095238095238098 0.1747269890795632 0.24761904761904763
0 0.6443057722308893 0.5892857142857143 0.171606864274571 0.3595238095238096
0 0.4641185647425897 0.5428571428571429 0.2667706708268331 0.40952380952380957
0 0.5070202808112325 0.8607142857142858 0.2464898595943838 0.25952380952380955
0 0.9508580343213728 0.7630952380952382 0.09516380655226209 0.19285714285714287
0 0.23088923556942278 0.8690476190476192 0.25585023400936036 0.24285714285714288
0 0.28939157566302653 0.37619047619047624 0.2293291731669267 0.34285714285714286
0 0.1107644305772231 0.6035714285714286 0.21840873634945399 0.4166666666666667
0 0.7769110764430578 0.8297619047619048 0.2683307332293292 0.3261904761904762
0 0.09282371294851795 0.1773809523809524 0.1794071762870515 0.35000000000000003
