0 0.9316666666666668 0.4391666666666667 0.1366666666666667 0.18833333333333335
0 0.48250000000000004 0.5125000000000001 0.265 0.265
0 0.8283333333333334 0.3441666666666667 0.19666666666666668 0.18833333333333335
0 0.7100000000000001 0.7516666666666667 0.21333333333333335 0.25
0 0.775 0.08833333333333333 0.13 0.08333333333333334
0 0.8775000000000001 0.8116666666666668 0.24166666666666667 0.3566666666666667
0 0.5033333333333334 0.8 0.30333333333333334 0.23333333333333334
0 0.5850000000000001 0.1325 0.12333333333333334 0.10500000000000001
0 0.6366666666666667 0.05583333333333334 0.1366666666666667 0.10833333333333334
0 0.07 0.5950000000000001 0.1366666666666667 0.2866666666666667
0 0.21666666666666667 0.16333333333333333 0.14666666666666667 0.10666666666666667
0 0.8666666666666667 0.545 0.25 0.23333333333333334
0 0.665 0.4066666666666667 0.26333333333333336 0.23333333333333334
0 0.2725 0.5966666666666667 0.28500000000000003 0.30000000000000004
0 0.6333333333333334 0.91 0.38333333333333336 0.16666666666666669
0 0.07250000000000001 0.8533333333333334 0.13833333333333334 0.2866666666666667
0 0.24000000000000002 0.8208333333333334 0.23333333333333334 0.14833333333333334
0 0.23500000000000001 0.26833333333333337 0.2 0.10333333333333335
