0 0.8683333333333334 0.7058165548098434 0.2566666666666667 0.41387024608501116
0 0.5025000000000001 0.7337807606263982 0.2916666666666667 0.40268456375838924
0 0.7183333333333334 0.8814317673378076 0.30333333333333334 0.21476510067114093
0 0.8616666666666667 0.2080536912751678 0.27 0.2639821029082774
0 0.29500000000000004 0.8982102908277405 0.32 0.19463087248322147
0 0.47750000000000004 0.3568232662192394 0.335 0.41834451901565994
0 0.24916666666666668 0.6599552572706935 0.35833333333333334 0.5458612975391499
0 0.2316666666666667 0.2695749440715884 0.19333333333333336 0.3512304250559284
0 0.1 0.13758389261744966 0.19666666666666668 0.27069351230425054
0 0.07166666666666667 0.49217002237136465 0.14 0.44742729306487694
0 0.7841666666666667 0.4664429530201342 0.34833333333333333 0.4272930648769575
0 0.8675 0.09731543624161074 0.265 0.1901565995525727
0 0.3816666666666667 0.09284116331096197 0.30000000000000004 0.18120805369127516
