0 0.2581967213114754 0.19923076923076924 0.19398907103825136 0.10615384615384615
0 0.49453551912568305 0.7884615384615384 0.3551912568306011 0.20153846153846153
0 0.8183060109289617 0.3853846153846154 0.19398907103825136 0.12153846153846154
0 0.22814207650273224 0.03538461538461538 0.1557377049180328 0.03692307692307692
0 0.1953551912568306 0.03076923076923077 0.22131147540983606 0.052307692307692305
0 0.744535519125683 0.27384615384615385 0.1994535519125683 0.11692307692307692
0 0.639344262295082 0.5692307692307692 0.2185792349726776 0.12
0 0.11065573770491803 0.8430769230769231 0.21584699453551912 0.13230769230769232
0 0.42349726775956287 0.5876923076923077 0.2896174863387978 0.14769230769230768
0 0.23087431693989072 0.3292307692307692 0.1885245901639344 0.11076923076923077
0 0.36475409836065575 0.47692307692307695 0.23224043715846995 0.12615384615384614
0 0.6010928961748634 0.20846153846153845 0.18579234972677597 0.10307692307692308
0 0.06147540983606557 0.04384615384615385 0.11748633879781421 0.026153846153846153
0 0.06557377049180328 0.02846153846153846 0.12568306010928962 0.05384615384615385
0 0.4576502732240437 0.26692307692307693 0.21584699453551912 0.12153846153846154
0 0.8729508196721312 0.5746153846153846 0.24863387978142076 0.16153846153846155
0 0.2527322404371585 0.5938461538461538 0.1448087431693989 0.11692307692307692
0 0.22540983606557377 0.7276923076923076 0.2814207650273224 0.15076923076923077
0 0.12568306010928962 0.4753846153846154 0.2459016393442623 0.14153846153846153
0 0.6243169398907104 0.4461538461538462 0.2814207650273224 0.14153846153846153
0 0.4016393442622951 0.3607692307692308 0.23497267759562843 0.13692307692307693
0 0.8907103825136612 0.7853846153846153 0.21311475409836064 0.17076923076923076
0 0.4849726775956284 0.025384615384615384 0.13387978142076504 0.047692307692307694
0 0.7213114754098361 0.6961538461538461 0.273224043715847 0.16153846153846155
