0 0.39 0.8090349075975359 0.20153846153846153 0.22176591375770022
0 0.9446153846153846 0.30595482546201236 0.11076923076923077 0.16427104722792607
0 0.7846153846153846 0.864476386036961 0.10461538461538461 0.15195071868583163
0 0.37 0.6149897330595483 0.1676923076923077 0.2073921971252567
0 0.5838461538461538 0.24948665297741274 0.13384615384615384 0.15811088295687886
0 0.9538461538461539 0.6848049281314169 0.08923076923076922 0.1868583162217659
0 0.8984615384615384 0.16221765913757702 0.12 0.13963039014373718
0 0.15923076923076923 0.11293634496919919 0.10615384615384615 0.13963039014373718
0 0.9176923076923077 0.8583162217659138 0.16153846153846155 0.17248459958932238
0 0.8346153846153846 0.3542094455852156 0.14615384615384616 0.17453798767967146
0 0.24461538461538462 0.7166324435318275 0.1723076923076923 0.20533880903490762
0 0.13076923076923078 0.4075975359342916 0.13538461538461538 0.16632443531827515
0 0.6807692307692308 0.5523613963039015 0.15538461538461537 0.20123203285420946
0 0.4576923076923077 0.2997946611909651 0.12153846153846154 0.15195071868583163
0 0.1776923076923077 0.5626283367556468 0.18307692307692308 0.2135523613963039
0 0.29923076923076924 0.14271047227926079 0.1 0.10472279260780287
0 0.14461538461538462 0.25256673511293637 0.14769230769230768 0.17248459958932238
0 0.7115384615384616 0.2864476386036961 0.11538461538461539 0.17453798767967146
0 0.26153846153846155 0.41170431211498976 0.13230769230769232 0.16221765913757702
0 0.6761538461538461 0.5503080082135524 0.15538461538461537 0.20123203285420946
0 0.5261538461538462 0.6652977412731006 0.15384615384615385 0.22587268993839837
0 0.08538461538461538 0.7392197125256674 0.15846153846153846 0.20533880903490762
0 0.05 0.5944558521560576 0.09692307692307692 0.14989733059548255
0 0.4307692307692308 0.11806981519507187 0.11384615384615385 0.16221765913757702
0 0.6638461538461539 0.7176591375770021 0.14615384615384616 0.15811088295687886
0 0.6323076923076923 0.3726899383983573 0.15692307692307692 0.21149897330595482
0 0.39 0.41786447638603696 0.13384615384615384 0.17453798767967146
0 0.5323076923076923 0.8542094455852156 0.11384615384615385 0.15195071868583163
0 0.32384615384615384 0.2720739219712526 0.14 0.16221765913757702
0 0.87 0.528747433264887 0.15846153846153846 0.2073921971252567
0 0.8315384615384616 0.7176591375770021 0.18615384615384614 0.23203285420944558
0 0.6676923076923077 0.8613963039014374 0.18153846153846154 0.1704312114989733
0 0.7415384615384616 0.4671457905544148 0.10153846153846154 0.17864476386036962
