0 0.8707692307692307 0.4369230769230769 0.24615384615384617 0.23384615384615384
0 0.2623076923076923 0.10923076923076923 0.22 0.20307692307692307
0 0.3607692307692308 0.8676923076923077 0.3 0.2553846153846154
0 0.36538461538461536 0.5423076923076923 0.29384615384615387 0.30923076923076925
0 0.8376923076923077 0.9084615384615384 0.2907692307692308 0.17384615384615384
0 0.47384615384615386 0.6907692307692308 0.23384615384615384 0.2276923076923077
0 0.35846153846153844 0.20615384615384616 0.2123076923076923 0.19384615384615383
0 0.9492307692307692 0.1646153846153846 0.10153846153846154 0.2246153846153846
0 0.21615384615384614 0.3638461538461538 0.2630769230769231 0.25384615384615383
0 0.5876923076923077 0.16692307692307692 0.23384615384615384 0.2753846153846154
0 0.8476923076923077 0.6761538461538461 0.29538461538461536 0.2753846153846154
0 0.23 0.7361538461538462 0.2630769230769231 0.25384615384615383
0 0.6953846153846154 0.7569230769230769 0.23384615384615384 0.2276923076923077
0 0.4707692307692308 0.3869230769230769 0.24615384615384617 0.2569230769230769
0 0.6523076923076923 0.5253846153846153 0.26153846153846155 0.2815384615384615
0 0.8507692307692307 0.2969230769230769 0.23692307692307693 0.19076923076923077
