0 0.19310897435897434 0.8239182692307693 0.2003205128205128 0.14302884615384617
0 0.14743589743589744 0.4447115384615385 0.1378205128205128 0.10096153846153846
0 0.8557692307692307 0.5721153846153847 0.10576923076923077 0.10576923076923078
0 0.5552884615384616 0.7584134615384616 0.16185897435897437 0.12259615384615385
0 0.8373397435897436 0.3629807692307693 0.12339743589743589 0.09615384615384616
0 0.37740384615384615 0.7752403846153847 0.1778846153846154 0.15865384615384617
0 0.547275641025641 0.5931490384615385 0.16185897435897437 0.12860576923076925
0 0.25400641025641024 0.6712740384615385 0.2003205128205128 0.14302884615384617
0 0.45913461538461536 0.4368990384615385 0.14262820512820512 0.09014423076923077
0 0.8669871794871794 0.23918269230769232 0.11217948717948717 0.07692307692307693
0 0.6915064102564102 0.6989182692307693 0.2003205128205128 0.15745192307692307
0 0.561698717948718 0.3359375 0.11698717948717949 0.09014423076923077
0 0.6931089743589743 0.22235576923076925 0.09134615384615384 0.07211538461538462
0 0.8693910256410257 0.47355769230769235 0.1330128205128205 0.10096153846153846
0 0.5745192307692307 0.4867788461538462 0.15224358974358973 0.09615384615384616
0 0.4302884615384615 0.5180288461538461 0.17467948717948717 0.1201923076923077
0 0.9407051282051282 0.5390625 0.11858974358974358 0.11899038461538462
0 0.9455128205128205 0.3816105769230769 0.10576923076923077 0.09014423076923077
0 0.9078525641025641 0.8497596153846154 0.18429487179487178 0.1826923076923077
0 0.25400641025641024 0.4873798076923077 0.16185897435897437 0.11658653846153846
0 0.07692307692307693 0.6105769230769231 0.15064102564102563 0.1201923076923077
0 0.7411858974358974 0.14423076923076925 0.09134615384615384 0.07211538461538462
0 0.10496794871794872 0.34615384615384615 0.12339743589743589 0.09134615384615385
0 0.9190705128205128 0.6484375 0.14903846153846154 0.1358173076923077
0 0.516826923076923 0.850360576923077 0.2580128205128205 0.18629807692307693
0 0.6626602564102564 0.3311298076923077 0.11698717948717949 0.09014423076923077
0 0.33092948717948717 0.4014423076923077 0.14903846153846154 0.10817307692307693
