0 0.5903225806451613 0.5790697674418605 0.18064516129032257 0.2651162790697674
0 0.2967741935483871 0.8883720930232558 0.2 0.20465116279069767
0 0.3629032258064516 0.33488372093023255 0.13870967741935483 0.19534883720930232
0 0.4629032258064516 0.741860465116279 0.1967741935483871 0.2651162790697674
0 0.6887096774193548 0.3953488372093023 0.17096774193548386 0.22325581395348837
0 0.667741935483871 0.8418604651162791 0.17419354838709677 0.24186046511627907
0 0.2967741935483871 0.1697674418604651 0.16129032258064516 0.19069767441860463
0 0.8274193548387097 0.8930232558139535 0.22903225806451613 0.20465116279069767
0 0.06774193548387097 0.6116279069767442 0.12903225806451613 0.2558139534883721
0 0.8483870967741935 0.5348837209302325 0.2129032258064516 0.27906976744186046
0 0.2 0.6767441860465117 0.21935483870967742 0.3116279069767442
0 0.8596774193548387 0.3069767441860465 0.15161290322580645 0.21395348837209302
0 0.5193548387096775 0.38139534883720927 0.14838709677419354 0.21395348837209302
0 0.3790322580645161 0.5348837209302325 0.16451612903225807 0.23255813953488372
0 0.08387096774193549 0.3023255813953488 0.16129032258064516 0.22325581395348837
0 0.8596774193548387 0.1558139534883721 0.0935483870967742 0.12558139534883722
