0 0.051875000000000004 0.48500000000000004 0.10125 0.13333333333333333
0 0.650625 0.7266666666666667 0.11375 0.19666666666666668
0 0.7175 0.8983333333333334 0.155 0.2
0 0.9325 0.7008333333333334 0.135 0.20500000000000002
0 0.094375 0.1691666666666667 0.12875 0.16166666666666668
0 0.53625 0.7016666666666667 0.165 0.22333333333333336
0 0.339375 0.06666666666666667 0.11875000000000001 0.12666666666666668
0 0.888125 0.31 0.14375000000000002 0.16666666666666669
0 0.1875 0.3825 0.1675 0.2016666666666667
0 0.80875 0.5183333333333333 0.1475 0.21333333333333335
0 0.39125 0.32333333333333336 0.125 0.13
0 0.62875 0.465 0.15 0.2
0 0.79625 0.7350000000000001 0.14250000000000002 0.19666666666666668
0 0.275625 0.3066666666666667 0.10625 0.11
0 0.84875 0.18583333333333335 0.14250000000000002 0.1716666666666667
0 0.466875 0.21666666666666667 0.13625 0.18000000000000002
0 0.531875 0.9075000000000001 0.16875 0.17500000000000002
0 0.084375 0.6266666666666667 0.16625 0.22
0 0.260625 0.1525 0.12875 0.16166666666666668
0 0.48562500000000003 0.05416666666666667 0.11375 0.10500000000000001
0 0.700625 0.1391666666666667 0.12625 0.15833333333333335
0 0.319375 0.8841666666666668 0.14625 0.19833333333333333
0 0.6275000000000001 0.29250000000000004 0.1575 0.16833333333333333
0 0.310625 0.685 0.17375000000000002 0.23333333333333334
0 0.068125 0.3175 0.12875 0.16166666666666668
