0 0.5545112781954887 0.5253521126760564 0.10902255639097744 0.08169014084507042
0 0.25469924812030076 0.765492957746479 0.12218045112781954 0.0971830985915493
0 0.6832706766917293 0.42887323943661976 0.11466165413533834 0.08309859154929577
0 0.7471804511278195 0.9380281690140846 0.14097744360902253 0.11267605633802817
0 0.7772556390977443 0.6964788732394367 0.11842105263157894 0.09436619718309859
0 0.9248120300751879 0.7077464788732395 0.10150375939849623 0.08028169014084507
0 0.9031954887218044 0.5316901408450705 0.11090225563909774 0.07464788732394366
0 0.325187969924812 0.3922535211267606 0.10150375939849623 0.07746478873239437
0 0.6898496240601504 0.3514084507042254 0.10150375939849623 0.07746478873239437
0 0.19266917293233082 0.29507042253521126 0.11090225563909774 0.07746478873239437
0 0.5385338345864661 0.6866197183098592 0.12969924812030076 0.10563380281690142
0 0.48684210526315785 0.47605633802816905 0.10902255639097744 0.08169014084507042
0 0.29793233082706766 0.9330985915492959 0.11090225563909774 0.08309859154929577
0 0.6203007518796992 0.9239436619718311 0.10902255639097744 0.08169014084507042
0 0.4201127819548872 0.9394366197183099 0.15601503759398494 0.11830985915492959
0 0.05827067669172932 0.4528169014084507 0.11278195488721804 0.09436619718309859
0 0.06015037593984962 0.7119718309859155 0.11654135338345864 0.09154929577464789
0 0.16165413533834586 0.4795774647887324 0.11654135338345864 0.06901408450704226
0 0.3900375939849624 0.3401408450704225 0.09210526315789473 0.07183098591549296
0 0.5263157894736842 0.8647887323943663 0.14285714285714285 0.11549295774647889
0 0.08458646616541353 0.5492957746478874 0.10150375939849623 0.08169014084507042
0 0.7020676691729323 0.5091549295774648 0.11466165413533834 0.08309859154929577
0 0.381578947368421 0.5957746478873239 0.10150375939849623 0.08169014084507042
0 0.8975563909774436 0.3204225352112676 0.09210526315789473 0.07183098591549296
0 0.7979323308270676 0.5422535211267606 0.11466165413533834 0.08450704225352113
0 0.6362781954887218 0.6514084507042254 0.12969924812030076 0.10563380281690142
0 0.9144736842105262 0.8147887323943662 0.13721804511278196 0.10845070422535212
0 0.662593984962406 0.7485915492957746 0.12969924812030076 0.10563380281690142
0 0.12593984962406013 0.6253521126760564 0.13157894736842105 0.10422535211267606
0 0.5338345864661653 0.40211267605633805 0.10150375939849623 0.07746478873239437
0 0.09304511278195488 0.8373239436619718 0.15977443609022557 0.12253521126760564
0 0.08082706766917293 0.35211267605633806 0.09398496240601503 0.06760563380281691
0 0.2857142857142857 0.5774647887323944 0.10902255639097744 0.08169014084507042
0 0.2781954887218045 0.6676056338028169 0.13157894736842105 0.08732394366197184
0 0.15601503759398494 0.9316901408450705 0.13909774436090225 0.11126760563380282
0 0.22932330827067668 0.43169014084507046 0.10150375939849623 0.06901408450704226
0 0.744360902255639 0.6161971830985916 0.10526315789473684 0.07746478873239437
0 0.650375939849624 0.5669014084507042 0.09774436090225563 0.07746478873239437
0 0.3665413533834586 0.5140845070422535 0.10902255639097744 0.08169014084507042
0 0.8392857142857142 0.3859154929577465 0.10338345864661654 0.07605633802816902
0 0.9069548872180451 0.4584507042253521 0.11090225563909774 0.07464788732394366
0 0.3731203007518797 0.7901408450704226 0.15601503759398494 0.11830985915492959
