0 0.8842857142857142 0.11224489795918366 0.20857142857142857 0.21428571428571427
0 0.4185714285714286 0.17346938775510204 0.2542857142857143 0.32653061224489793
0 0.7885714285714286 0.8010204081632653 0.32 0.37755102040816324
0 0.6728571428571428 0.09948979591836733 0.26 0.18877551020408162
0 0.11 0.5153061224489796 0.18571428571428572 0.37755102040816324
0 0.49857142857142855 0.8061224489795917 0.2885714285714286 0.3469387755102041
0 0.3028571428571429 0.4209183673469387 0.29714285714285715 0.4846938775510204
0 0.1757142857142857 0.18112244897959182 0.2257142857142857 0.33163265306122447
0 0.6014285714285714 0.4107142857142857 0.29428571428571426 0.5255102040816326
0 0.2542857142857143 0.7882653061224489 0.25142857142857145 0.3724489795918367
0 0.8614285714285714 0.4362244897959183 0.26 0.5051020408163265
