0 0.11625 0.625625 0.12 0.10375000000000001
0 0.40625 0.424375 0.075 0.05625
0 0.08750000000000001 0.345625 0.08750000000000001 0.07625
0 0.235625 0.5775 0.11875000000000001 0.115
0 0.4825 0.371875 0.075 0.05625
0 0.31875000000000003 0.725 0.1275 0.1125
0 0.826875 0.589375 0.09125 0.07625
0 0.535625 0.45125 0.08375 0.0625
0 0.27375 0.9075 0.14250000000000002 0.1125
0 0.6012500000000001 0.81625 0.1275 0.1125
0 0.253125 0.345625 0.07875 0.06375
0 0.61375 0.60375 0.0975 0.07
0 0.70625 0.71625 0.1275 0.1125
0 0.384375 0.55375 0.10125 0.085
0 0.5750000000000001 0.90625 0.1275 0.1075
0 0.24 0.8093750000000001 0.12 0.10375000000000001
0 0.40625 0.8250000000000001 0.1275 0.1125
0 0.095 0.8718750000000001 0.12 0.10375000000000001
0 0.7312500000000001 0.56 0.0925 0.0925
0 0.513125 0.803125 0.09375 0.09875
0 0.46875 0.508125 0.08750000000000001 0.08125
0 0.21937500000000001 0.68 0.09875 0.08
0 0.405 0.346875 0.075 0.05625
0 0.92875 0.641875 0.085 0.08875
0 0.7937500000000001 0.87875 0.1275 0.1075
0 0.11937500000000001 0.466875 0.09625 0.09875
0 0.296875 0.5225 0.10125 0.085
0 0.39437500000000003 0.641875 0.10875 0.09625
0 0.66625 0.41625 0.08750000000000001 0.07
0 0.625 0.673125 0.11 0.10875
0 0.40875 0.9175 0.12 0.0925
0 0.5125 0.664375 0.1225 0.10875
0 0.21 0.460625 0.0825 0.08125
0 0.6843750000000001 0.93 0.13125 0.0725
0 0.131875 0.68625 0.10625 0.07
0 0.93 0.775 0.0675 0.0925
0 0.123125 0.774375 0.12375 0.12125
0 0.7975 0.6950000000000001 0.0925 0.0975
0 0.716875 0.816875 0.12125 0.10625
0 0.75875 0.40875 0.08750000000000001 0.07
0 0.33 0.45937500000000003 0.08750000000000001 0.08125
0 0.886875 0.918125 0.11625 0.09375
0 0.64375 0.464375 0.08750000000000001 0.08125
0 0.87625 0.46187500000000004 0.08750000000000001 0.08125
0 0.8562500000000001 0.7975 0.1275 0.1075
0 0.6425 0.3375 0.0775 0.0625
