0 0.3607692307692308 0.5276639344262295 0.30615384615384617 0.4077868852459017
0 0.3346153846153846 0.07581967213114754 0.18923076923076923 0.14754098360655737
0 0.4946153846153846 0.2868852459016394 0.2169230769230769 0.27868852459016397
0 0.33384615384615385 0.8627049180327869 0.21846153846153846 0.27459016393442626
0 0.7807692307692308 0.11168032786885246 0.13692307692307693 0.18237704918032788
0 0.7576923076923077 0.8432377049180328 0.2753846153846154 0.2930327868852459
0 0.12 0.8790983606557378 0.23692307692307693 0.22950819672131148
0 0.16384615384615384 0.6752049180327869 0.2630769230769231 0.2848360655737705
0 0.8946153846153846 0.6567622950819673 0.21076923076923076 0.3422131147540984
0 0.6576923076923077 0.09528688524590165 0.14307692307692307 0.1864754098360656
0 0.6861538461538461 0.4528688524590164 0.24615384615384617 0.3237704918032787
0 0.5230769230769231 0.0973360655737705 0.16923076923076924 0.1905737704918033
0 0.8576923076923076 0.49180327868852464 0.17076923076923076 0.22950819672131148
0 0.62 0.6885245901639344 0.19384615384615383 0.2827868852459017
0 0.8623076923076923 0.3114754098360656 0.17076923076923076 0.1762295081967213
0 0.1523076923076923 0.30327868852459017 0.29846153846153844 0.3770491803278689
0 0.9576923076923077 0.4129098360655738 0.08461538461538462 0.1987704918032787
