0 0.8422131147540984 0.5007692307692307 0.3114754098360656 0.22923076923076924
0 0.8504098360655739 0.9238461538461539 0.29918032786885246 0.14307692307692307
0 0.8422131147540984 0.7323076923076923 0.2827868852459017 0.23384615384615384
0 0.8596311475409837 0.29 0.26844262295081966 0.2230769230769231
0 0.6506147540983607 0.15615384615384614 0.2807377049180328 0.25076923076923074
0 0.39651639344262296 0.33384615384615385 0.24795081967213117 0.20615384615384616
0 0.17725409836065575 0.19538461538461538 0.2930327868852459 0.21846153846153846
0 0.5706967213114754 0.7361538461538462 0.3463114754098361 0.30615384615384617
0 0.1168032786885246 0.5753846153846154 0.22540983606557377 0.17846153846153845
0 0.16905737704918034 0.7292307692307692 0.33401639344262296 0.2553846153846154
0 0.39959016393442626 0.5384615384615384 0.33606557377049184 0.2553846153846154
0 0.6352459016393442 0.4053846153846154 0.27459016393442626 0.2076923076923077
0 0.43032786885245905 0.16923076923076924 0.18032786885245902 0.15692307692307692
0 0.382172131147541 0.06461538461538462 0.2028688524590164 0.11692307692307692
0 0.23155737704918034 0.9084615384615384 0.4016393442622951 0.18307692307692308
0 0.15061475409836067 0.4046153846153846 0.2766393442622951 0.21846153846153846
0 0.5625 0.9223076923076923 0.3176229508196721 0.14923076923076922
0 0.7920081967213115 0.07230769230769231 0.1290983606557377 0.14153846153846153
