0 0.4931930693069307 0.2159090909090909 0.1844059405940594 0.17424242424242425
0 0.4962871287128713 0.6126893939393939 0.2846534653465347 0.4185606060606061
0 0.9028465346534653 0.3503787878787879 0.17698019801980197 0.24621212121212122
0 0.7079207920792079 0.2869318181818182 0.25 0.3314393939393939
0 0.7629950495049505 0.04071969696969697 0.11014851485148515 0.07765151515151515
0 0.26113861386138615 0.3787878787878788 0.297029702970297 0.40151515151515155
0 0.8626237623762376 0.16571969696969696 0.18316831683168316 0.19886363636363638
0 0.5823019801980198 0.12878787878787878 0.12995049504950495 0.18181818181818182
0 0.4870049504950495 0.3475378787878788 0.19183168316831684 0.19886363636363638
0 0.6441831683168316 0.03977272727272727 0.13242574257425743 0.07575757575757576
0 0.08787128712871287 0.7130681818181819 0.17326732673267328 0.5284090909090909
0 0.09467821782178218 0.2916666666666667 0.18688118811881188 0.33712121212121215
0 0.265470297029703 0.8011363636363636 0.4591584158415842 0.3939393939393939
0 0.926980198019802 0.6534090909090909 0.13366336633663367 0.45833333333333337
0 0.7252475247524752 0.7045454545454546 0.41336633663366334 0.5568181818181819
0 0.8997524752475248 0.2547348484848485 0.1707920792079208 0.16856060606060608
