0 0.06799999999999999 0.49500998003992014 0.13066666666666665 0.14770459081836326
0 0.37466666666666665 0.5109780439121756 0.25866666666666666 0.17564870259481036
0 0.852 0.68562874251497 0.2906666666666667 0.22155688622754488
0 0.4333333333333333 0.25049900199600794 0.12533333333333332 0.08582834331337325
0 0.3373333333333333 0.2245508982035928 0.11466666666666667 0.07385229540918163
0 0.5826666666666667 0.6207584830339321 0.25866666666666666 0.17564870259481036
0 0.36133333333333334 0.3682634730538922 0.18933333333333333 0.12574850299401197
0 0.6853333333333333 0.3512974051896207 0.21333333333333332 0.1437125748502994
0 0.852 0.8822355289421157 0.2906666666666667 0.21556886227544908
0 0.07866666666666666 0.7564870259481037 0.152 0.2115768463073852
0 0.8146666666666667 0.311377245508982 0.13066666666666665 0.06387225548902195
0 0.8306666666666667 0.4481037924151696 0.20533333333333334 0.11377245508982035
0 0.6493333333333333 0.23552894211576844 0.13066666666666665 0.09580838323353293
0 0.8026666666666666 0.25948103792415167 0.13333333333333333 0.0718562874251497
0 0.6186666666666667 0.5029940119760479 0.23466666666666666 0.16766467065868262
0 0.62 0.8003992015968063 0.30666666666666664 0.24750499001996007
0 0.17466666666666666 0.5588822355289421 0.24266666666666667 0.17964071856287422
0 0.27599999999999997 0.28443113772455086 0.12533333333333332 0.08982035928143711
0 0.27999999999999997 0.717564870259481 0.31466666666666665 0.20159680638722552
0 0.3293333333333333 0.8592814371257484 0.36533333333333334 0.2614770459081836
