0 0.24846153846153846 0.37672811059907835 0.09076923076923077 0.1359447004608295
0 0.5869230769230769 0.3974654377880184 0.21384615384615385 0.3433179723502304
0 0.9215384615384615 0.06451612903225806 0.12923076923076923 0.12442396313364056
0 0.5107692307692308 0.18087557603686635 0.13846153846153847 0.24193548387096775
0 0.40692307692307694 0.6244239631336406 0.10307692307692308 0.16129032258064516
0 0.54 0.902073732718894 0.12 0.16359447004608296
0 0.8153846153846154 0.19930875576036866 0.12307692307692308 0.1497695852534562
0 0.40307692307692305 0.326036866359447 0.12 0.18663594470046083
0 0.7976923076923077 0.41013824884792627 0.19846153846153847 0.31797235023041476
0 0.2561538461538462 0.6094470046082949 0.10615384615384615 0.16820276497695852
0 0.12846153846153846 0.586405529953917 0.1 0.10829493087557604
0 0.6476923076923077 0.22811059907834103 0.16307692307692306 0.2350230414746544
0 0.41384615384615386 0.9792626728110599 0.055384615384615386 0.03686635944700461
0 0.3392307692307692 0.4251152073732719 0.10615384615384615 0.16820276497695852
0 0.12615384615384614 0.7154377880184332 0.11384615384615385 0.1728110599078341
0 0.6107692307692307 0.07142857142857142 0.20615384615384616 0.1382488479262673
