0 0.3603515625 0.16796875 0.220703125 0.29947916666666663
0 0.14794921875 0.228515625 0.2490234375 0.30859375
0 0.5693359375 0.15364583333333331 0.224609375 0.3046875
0 0.7998046875 0.8203125 0.248046875 0.3098958333333333
0 0.53369140625 0.42578125 0.2158203125 0.27604166666666663
0 0.79296875 0.291015625 0.240234375 0.30859375
0 0.89306640625 0.5579427083333333 0.1962890625 0.30338541666666663
0 0.34765625 0.8287760416666666 0.248046875 0.29557291666666663
0 0.123046875 0.642578125 0.244140625 0.33463541666666663
0 0.53955078125 0.7408854166666666 0.2099609375 0.29166666666666663
0 0.708984375 0.6067708333333333 0.228515625 0.33854166666666663
0 0.37890625 0.517578125 0.265625 0.3216145833333333
0 0.82470703125 0.17643229166666666 0.2236328125 0.2513020833333333
