0 0.24416666666666667 0.245 0.035 0.075
0 0.2316666666666667 0.84375 0.08666666666666667 0.0975
0 0.6966666666666667 0.51 0.18666666666666668 0.25
0 0.5691666666666667 0.94125 0.13166666666666668 0.1075
0 0.09916666666666667 0.4675 0.095 0.215
0 0.7958333333333334 0.6875 0.11166666666666668 0.165
0 0.9600000000000001 0.78 0.08 0.155
0 0.3225 0.6075 0.08166666666666667 0.13
0 0.91 0.8 0.08333333333333334 0.15
0 0.8825000000000001 0.49 0.195 0.3
0 0.5491666666666667 0.36625 0.16833333333333333 0.2325
0 0.1975 0.48875 0.14500000000000002 0.2175
0 0.3875 0.55 0.12166666666666667 0.185
0 0.5891666666666667 0.67875 0.11166666666666668 0.1675
0 0.5 0.53625 0.15000000000000002 0.2025
0 0.4108333333333334 0.7475 0.07833333333333334 0.105
0 0.6075 0.8200000000000001 0.07833333333333334 0.14
0 0.305 0.26875 0.1 0.11750000000000001
