0 0.9258333333333334 0.6375000000000001 0.13833333333333334 0.155
0 0.885 0.4891666666666667 0.13333333333333333 0.11833333333333335
0 0.6741666666666667 0.5291666666666667 0.125 0.12166666666666667
0 0.67 0.36583333333333334 0.10333333333333335 0.09833333333333334
0 0.058333333333333334 0.8191666666666667 0.11333333333333334 0.14833333333333334
0 0.7083333333333334 0.7841666666666667 0.14666666666666667 0.14500000000000002
0 0.07083333333333333 0.935 0.13833333333333334 0.13
0 0.3591666666666667 0.3016666666666667 0.10833333333333334 0.08333333333333334
0 0.5491666666666667 0.12250000000000001 0.11833333333333335 0.12166666666666667
0 0.7641666666666667 0.6166666666666667 0.14166666666666666 0.12333333333333334
0 0.28 0.51 0.14333333333333334 0.12000000000000001
0 0.265 0.39083333333333337 0.12000000000000001 0.11833333333333335
0 0.7558333333333334 0.5041666666666667 0.11833333333333335 0.10833333333333334
0 0.07666666666666667 0.44833333333333336 0.1366666666666667 0.12666666666666668
0 0.8783333333333334 0.3775 0.11333333333333334 0.10500000000000001
0 0.43750000000000006 0.5516666666666667 0.155 0.14666666666666667
0 0.4633333333333334 0.8458333333333334 0.14666666666666667 0.14500000000000002
0 0.6433333333333334 0.9383333333333334 0.14666666666666667 0.12000000000000001
0 0.8316666666666667 0.17083333333333334 0.11 0.09166666666666667
0 0.8450000000000001 0.2625 0.12000000000000001 0.115
0 0.3491666666666667 0.9291666666666667 0.14166666666666666 0.135
0 0.45 0.9500000000000001 0.14333333333333334 0.09333333333333334
0 0.5783333333333334 0.8158333333333334 0.14666666666666667 0.14500000000000002
0 0.41833333333333333 0.6916666666666668 0.1366666666666667 0.14333333333333334
0 0.9383333333333334 0.7925000000000001 0.12333333333333334 0.16833333333333333
0 0.8500000000000001 0.06833333333333334 0.11 0.11666666666666667
0 0.7891666666666667 0.8783333333333334 0.15166666666666667 0.14
0 0.4266666666666667 0.05666666666666667 0.10333333333333335 0.09666666666666668
0 0.265 0.7300000000000001 0.14666666666666667 0.16
0 0.4 0.225 0.10333333333333335 0.09666666666666668
0 0.04833333333333334 0.34 0.09333333333333334 0.12666666666666668
0 0.5766666666666667 0.48250000000000004 0.11333333333333334 0.125
0 0.8350000000000001 0.7291666666666667 0.14 0.135
0 0.7033333333333334 0.155 0.1 0.11333333333333334
0 0.54 0.6975 0.11333333333333334 0.12833333333333335
0 0.52 0.34500000000000003 0.12666666666666668 0.11
0 0.20583333333333334 0.16416666666666668 0.11833333333333335 0.12166666666666667
0 0.4891666666666667 0.4366666666666667 0.10166666666666667 0.11
0 0.21416666666666667 0.8783333333333334 0.1716666666666667 0.18333333333333335
0 0.12416666666666668 0.6233333333333334 0.165 0.16333333333333333
0 0.6133333333333334 0.2791666666666667 0.12000000000000001 0.115
0 0.37833333333333335 0.4525 0.13333333333333333 0.13833333333333334
0 0.775 0.4008333333333334 0.11333333333333334 0.10500000000000001
0 0.0625 0.1716666666666667 0.12166666666666667 0.12666666666666668
0 0.21833333333333335 0.30333333333333334 0.11333333333333334 0.10333333333333335
