0 0.49086538461538465 0.35976562500000003 0.23942307692307693 0.18515625000000002
0 0.8822115384615385 0.833984375 0.22596153846153846 0.24609375
0 0.78125 0.354296875 0.23942307692307693 0.18515625000000002
0 0.7658653846153847 0.151171875 0.23942307692307693 0.18515625000000002
0 0.826923076923077 0.566015625 0.2711538461538462 0.20859375000000002
0 0.1860576923076923 0.37265625 0.28942307692307695 0.21875
0 0.4903846153846154 0.1453125 0.24230769230769234 0.2015625
0 0.5182692307692308 0.8503906250000001 0.31153846153846154 0.24921875000000002
0 0.19759615384615387 0.13125 0.2355769230769231 0.18281250000000002
0 0.1918269230769231 0.58984375 0.28942307692307695 0.21875
0 0.14951923076923077 0.8562500000000001 0.28942307692307695 0.21875
0 0.520673076923077 0.5875 0.26634615384615384 0.22031250000000002
