0 0.92 0.6116666666666667 0.14222222222222222 0.11
0 0.5733333333333334 0.3816666666666667 0.13333333333333333 0.09333333333333334
0 0.8166666666666667 0.7841666666666667 0.14888888888888888 0.135
0 0.6766666666666666 0.7058333333333334 0.1622222222222222 0.13833333333333334
0 0.5055555555555555 0.6366666666666667 0.18888888888888888 0.13333333333333333
0 0.8888888888888888 0.5008333333333334 0.11555555555555555 0.10166666666666667
0 0.8044444444444444 0.6641666666666667 0.1511111111111111 0.11833333333333335
0 0.18777777777777777 0.39083333333333337 0.15333333333333332 0.11166666666666668
0 0.7088888888888889 0.5700000000000001 0.14222222222222222 0.11
0 0.5822222222222222 0.4658333333333334 0.13777777777777778 0.09166666666666667
0 0.10888888888888888 0.6766666666666667 0.21333333333333332 0.12666666666666668
0 0.7811111111111111 0.36500000000000005 0.09555555555555556 0.07666666666666667
0 0.41444444444444445 0.7408333333333333 0.21555555555555556 0.17500000000000002
0 0.38222222222222224 0.29000000000000004 0.12444444444444444 0.08
0 0.5666666666666667 0.7716666666666667 0.13777777777777778 0.14666666666666667
0 0.08444444444444445 0.445 0.16444444444444445 0.12666666666666668
0 0.39666666666666667 0.5391666666666667 0.1711111111111111 0.125
0 0.22 0.8250000000000001 0.26666666666666666 0.22333333333333336
0 0.44666666666666666 0.8991666666666667 0.2 0.16166666666666668
0 0.6388888888888888 0.8966666666666667 0.18444444444444444 0.14666666666666667
0 0.7155555555555555 0.43000000000000005 0.12444444444444444 0.08333333333333334
0 0.13777777777777778 0.55 0.2222222222222222 0.14333333333333334
0 0.41 0.42583333333333334 0.15333333333333332 0.11166666666666668
0 0.5688888888888889 0.5533333333333333 0.16 0.12333333333333334
0 0.29888888888888887 0.6275000000000001 0.1711111111111111 0.125
