0 0.09108910891089109 0.7207692307692307 0.1782178217821782 0.2076923076923077
0 0.4633663366336634 0.09615384615384616 0.24554455445544554 0.18615384615384614
0 0.27623762376237626 0.20846153846153845 0.27524752475247527 0.2230769230769231
0 0.7495049504950495 0.3176923076923077 0.27524752475247527 0.19230769230769232
0 0.6445544554455446 0.8469230769230769 0.3504950495049505 0.2846153846153846
0 0.1603960396039604 0.4084615384615385 0.31287128712871287 0.20153846153846153
0 0.06732673267326733 0.8953846153846153 0.1306930693069307 0.20923076923076922
0 0.904950495049505 0.3984615384615385 0.1782178217821782 0.23384615384615384
0 0.2841584158415842 0.7 0.3346534653465347 0.28
0 0.7257425742574257 0.5546153846153846 0.3306930693069307 0.25076923076923074
0 0.25346534653465347 0.926923076923077 0.4 0.14615384615384616
0 0.7178217821782178 0.11461538461538462 0.24356435643564356 0.20153846153846153
0 0.4425742574257426 0.4930769230769231 0.27920792079207923 0.2353846153846154
0 0.21485148514851485 0.5461538461538461 0.19603960396039605 0.13846153846153847
0 0.9178217821782179 0.09769230769230769 0.15247524752475247 0.18923076923076923
0 0.45841584158415843 0.31384615384615383 0.2831683168316832 0.18461538461538463
0 0.8841584158415842 0.8015384615384615 0.2316831683168317 0.2553846153846154
