0 0.9013888888888889 0.9212962962962963 0.18981481481481483 0.14444444444444446
0 0.49768518518518523 0.11805555555555557 0.10092592592592593 0.1212962962962963
0 0.2351851851851852 0.12268518518518519 0.12037037037037038 0.1287037037037037
0 0.8300925925925926 0.4273148148148148 0.16944444444444445 0.16203703703703703
0 0.7162037037037037 0.6805555555555556 0.19907407407407407 0.1962962962962963
0 0.09305555555555556 0.2601851851851852 0.13425925925925927 0.1277777777777778
0 0.40370370370370373 0.9282407407407408 0.20555555555555557 0.14351851851851852
0 0.15185185185185185 0.7537037037037038 0.20370370370370372 0.19444444444444445
0 0.13657407407407407 0.39490740740740743 0.16944444444444445 0.1287037037037037
0 0.6101851851851852 0.49583333333333335 0.14814814814814814 0.13611111111111113
0 0.6888888888888889 0.5439814814814815 0.1574074074074074 0.13240740740740742
0 0.3800925925925926 0.600462962962963 0.16944444444444445 0.1287037037037037
0 0.8583333333333334 0.6245370370370371 0.18703703703703706 0.17500000000000002
0 0.28194444444444444 0.5023148148148149 0.14351851851851852 0.14537037037037037
0 0.5509259259259259 0.6490740740740741 0.16111111111111112 0.16296296296296298
0 0.40740740740740744 0.7166666666666667 0.1814814814814815 0.17222222222222222
0 0.3592592592592593 0.08564814814814815 0.11481481481481481 0.13055555555555556
0 0.6851851851851852 0.40601851851851856 0.12592592592592594 0.14166666666666666
0 0.2152777777777778 0.2986111111111111 0.14351851851851852 0.13425925925925927
0 0.5888888888888889 0.14305555555555557 0.10925925925925926 0.13055555555555556
0 0.1300925925925926 0.5078703703703704 0.1712962962962963 0.16018518518518518
0 0.6310185185185185 0.22962962962962963 0.125 0.13333333333333333
0 0.5995370370370371 0.8407407407407408 0.24166666666666667 0.23148148148148148
0 0.7046296296296296 0.1277777777777778 0.13518518518518519 0.13518518518518519
