0 0.32581967213114754 0.23153846153846153 0.16803278688524592 0.12461538461538461
0 0.6598360655737705 0.047692307692307694 0.09836065573770492 0.06769230769230769
0 0.9631147540983607 0.7423076923076923 0.06967213114754099 0.09692307692307692
0 0.7366803278688525 0.5876923076923077 0.24385245901639346 0.19384615384615383
0 0.12192622950819673 0.45076923076923076 0.23155737704918034 0.14461538461538462
0 0.6209016393442623 0.8830769230769231 0.33606557377049184 0.2246153846153846
0 0.9426229508196722 0.5615384615384615 0.11475409836065574 0.15384615384615385
0 0.9108606557377049 0.8938461538461538 0.17827868852459017 0.20923076923076922
0 0.7991803278688525 0.4 0.20081967213114754 0.15076923076923077
0 0.4702868852459017 0.7792307692307693 0.17418032786885246 0.17384615384615384
0 0.33094262295081966 0.44153846153846155 0.17827868852459017 0.13230769230769232
0 0.8022540983606558 0.7646153846153846 0.2725409836065574 0.17846153846153845
0 0.125 0.3 0.19672131147540983 0.14153846153846153
0 0.24077868852459017 0.12692307692307692 0.14549180327868852 0.09384615384615384
0 0.5409836065573771 0.05307692307692308 0.1434426229508197 0.1
0 0.09631147540983608 0.13230769230769232 0.18032786885245902 0.11384615384615385
0 0.5235655737704918 0.42846153846153845 0.2028688524590164 0.1676923076923077
0 0.4713114754098361 0.25076923076923074 0.1434426229508197 0.12307692307692308
0 0.7991803278688525 0.19076923076923077 0.14754098360655737 0.11384615384615385
0 0.11782786885245902 0.05692307692307692 0.17418032786885246 0.09230769230769231
0 0.4077868852459017 0.05 0.11065573770491804 0.09384615384615384
0 0.11475409836065574 0.6507692307692308 0.22540983606557377 0.16923076923076924
0 0.6311475409836066 0.2823076923076923 0.16803278688524592 0.11846153846153847
0 0.5256147540983607 0.6084615384615385 0.1905737704918033 0.16153846153846155
0 0.2551229508196721 0.7638461538461538 0.32581967213114754 0.25076923076923074
0 0.32479508196721313 0.59 0.194672131147541 0.17384615384615384
