0 0.296 0.21466666666666667 0.26 0.3173333333333333
0 0.887 0.8013333333333333 0.218 0.3333333333333333
0 0.5760000000000001 0.892 0.248 0.20533333333333334
0 0.306 0.604 0.248 0.38666666666666666
0 0.117 0.37866666666666665 0.23 0.3413333333333333
0 0.544 0.6146666666666667 0.228 0.328
0 0.728 0.2866666666666667 0.20800000000000002 0.20533333333333334
0 0.757 0.512 0.25 0.33066666666666666
0 0.511 0.3426666666666667 0.20600000000000002 0.264
0 0.627 0.11866666666666666 0.198 0.23199999999999998
0 0.125 0.09066666666666666 0.218 0.176
0 0.17 0.7053333333333333 0.20800000000000002 0.312
0 0.876 0.13466666666666666 0.244 0.264
