0 0.37000000000000005 0.0475 0.21000000000000002 0.09166666666666667
0 0.1716666666666667 0.19583333333333336 0.24333333333333335 0.255
0 0.11666666666666667 0.5525 0.23 0.26166666666666666
0 0.5775 0.8308333333333334 0.2916666666666667 0.29833333333333334
0 0.8416666666666667 0.49250000000000005 0.3066666666666667 0.29833333333333334
0 0.8641666666666667 0.7991666666666667 0.27166666666666667 0.34500000000000003
0 0.7816666666666667 0.05416666666666667 0.24333333333333335 0.10500000000000001
0 0.5375000000000001 0.33416666666666667 0.25833333333333336 0.24833333333333335
0 0.29333333333333333 0.38833333333333336 0.25333333333333335 0.2
0 0.5858333333333333 0.12250000000000001 0.21500000000000002 0.22166666666666668
0 0.12083333333333333 0.8416666666666667 0.23833333333333334 0.2966666666666667
0 0.7758333333333334 0.24083333333333334 0.3016666666666667 0.2916666666666667
0 0.34750000000000003 0.7966666666666667 0.225 0.2066666666666667
0 0.39 0.17083333333333334 0.24333333333333335 0.255
0 0.6091666666666667 0.5733333333333334 0.26166666666666666 0.2733333333333334
0 0.3566666666666667 0.5908333333333333 0.29000000000000004 0.30833333333333335
