0 0.9149590163934427 0.8584615384615385 0.16598360655737707 0.26153846153846155
0 0.1168032786885246 0.11846153846153847 0.22950819672131148 0.2153846153846154
0 0.6168032786885246 0.34307692307692306 0.2868852459016394 0.2553846153846154
0 0.6700819672131147 0.68 0.33196721311475413 0.26153846153846155
0 0.444672131147541 0.8684615384615385 0.26639344262295084 0.22
0 0.30942622950819676 0.67 0.43032786885245905 0.2907692307692308
0 0.38422131147540983 0.17 0.39959016393442626 0.33384615384615385
0 0.8647540983606558 0.35384615384615387 0.26639344262295084 0.28
0 0.10245901639344263 0.5023076923076923 0.18852459016393444 0.31846153846153846
0 0.7848360655737705 0.12538461538461537 0.36475409836065575 0.23846153846153847
0 0.34118852459016397 0.41615384615384615 0.32991803278688525 0.24461538461538462
0 0.8954918032786886 0.6061538461538462 0.20491803278688525 0.23384615384615384
0 0.7172131147540984 0.8838461538461538 0.27049180327868855 0.2169230769230769
0 0.16495901639344263 0.8815384615384615 0.32581967213114754 0.2276923076923077
