0 0.034375 0.6771523178807947 0.06625 0.10927152317880795
0 0.630625 0.8576158940397351 0.07625 0.11258278145695365
0 0.125 0.11754966887417219 0.125 0.12251655629139073
0 0.36062500000000003 0.8940397350993378 0.07875 0.10927152317880795
0 0.6075 0.6225165562913907 0.08750000000000001 0.10596026490066225
0 0.28375 0.37996688741721857 0.11750000000000001 0.1672185430463576
0 0.375 0.6076158940397351 0.105 0.1423841059602649
0 0.551875 0.7235099337748344 0.08625000000000001 0.10264900662251655
0 0.19187500000000002 0.8178807947019867 0.11625 0.1423841059602649
0 0.785 0.9644039735099338 0.1 0.06788079470198675
0 0.486875 0.18211920529801323 0.10625 0.1357615894039735
0 0.04125 0.6663907284768212 0.0475 0.07119205298013245
0 0.26125 0.7268211920529801 0.105 0.1490066225165563
0 0.72875 0.8269867549668874 0.1 0.13741721854304637
0 0.13 0.23509933774834438 0.12 0.152317880794702
0 0.843125 0.7127483443708609 0.11375 0.14072847682119205
0 0.41125 0.7698675496688742 0.0825 0.11920529801324503
0 0.636875 0.375 0.08875 0.09437086092715231
0 0.855625 0.4900662251655629 0.15125 0.2052980132450331
0 0.7225 0.5066225165562914 0.10250000000000001 0.13245033112582782
0 0.6925 0.08609271523178808 0.0975 0.1490066225165563
0 0.4975 0.5480132450331126 0.08750000000000001 0.11920529801324503
