0 0.254 0.8648648648648649 0.124 0.1021021021021021
0 0.561 0.6629129129129129 0.094 0.07057057057057058
0 0.23800000000000002 0.9594594594594594 0.12 0.08108108108108109
0 0.224 0.786036036036036 0.116 0.08558558558558559
0 0.605 0.8566066066066066 0.126 0.1006006006006006
0 0.402 0.8048048048048048 0.12 0.09309309309309309
0 0.636 0.7732732732732732 0.112 0.0960960960960961
0 0.727 0.7462462462462462 0.11 0.08408408408408408
0 0.368 0.9219219219219219 0.124 0.1021021021021021
0 0.641 0.6741741741741741 0.074 0.07207207207207207
0 0.47700000000000004 0.9466966966966966 0.126 0.1006006006006006
0 0.331 0.7695195195195195 0.106 0.0915915915915916
0 0.397 0.6981981981981982 0.106 0.08708708708708708
0 0.503 0.7102102102102102 0.094 0.07807807807807808
