0 0.46923828125 0.4438040345821325 0.1669921875 0.26512968299711814
0 0.41162109375 0.6714697406340058 0.1689453125 0.2276657060518732
0 0.908203125 0.47190201729106623 0.1484375 0.21181556195965417
0 0.94287109375 0.829250720461095 0.1103515625 0.2089337175792507
0 0.27197265625 0.8465417867435158 0.1826171875 0.28097982708933716
0 0.59228515625 0.37247838616714696 0.1591796875 0.23775216138328528
0 0.86474609375 0.6599423631123918 0.1376953125 0.20749279538904897
0 0.92919921875 0.27665706051873196 0.1298828125 0.18731988472622477
0 0.7109375 0.2802593659942363 0.16015625 0.21181556195965417
0 0.27587890625 0.5144092219020172 0.1611328125 0.2276657060518732
0 0.39013671875 0.8904899135446686 0.1923828125 0.2190201729106628
0 0.0830078125 0.7824207492795389 0.16015625 0.25936599423631124
0 0.15478515625 0.19596541786743515 0.1142578125 0.18731988472622477
0 0.09619140625 0.47622478386167144 0.1787109375 0.24351585014409222
0 0.38134765625 0.22694524495677232 0.1767578125 0.22622478386167144
0 0.73486328125 0.5893371757925072 0.1318359375 0.1930835734870317
0 0.63525390625 0.8659942363112392 0.1650390625 0.2564841498559078
0 0.2548828125 0.23054755043227665 0.169921875 0.2276657060518732
0 0.2080078125 0.6829971181556196 0.177734375 0.2881844380403458
0 0.412109375 0.12752161383285301 0.07421875 0.1138328530259366
