0 0.8053278688524591 0.16692307692307692 0.26229508196721313 0.17076923076923076
0 0.6475409836065574 0.3046153846153846 0.25 0.20307692307692307
0 0.4743852459016394 0.44 0.23155737704918034 0.18153846153846154
0 0.6516393442622951 0.52 0.19262295081967215 0.12307692307692308
0 0.4211065573770492 0.2746153846153846 0.22336065573770492 0.16153846153846155
0 0.37602459016393447 0.8576923076923076 0.2069672131147541 0.13076923076923078
0 0.9702868852459017 0.49923076923076926 0.059426229508196725 0.06923076923076923
0 0.39959016393442626 0.7346153846153847 0.2377049180327869 0.2076923076923077
0 0.5491803278688525 0.10230769230769231 0.2336065573770492 0.18
0 0.4047131147540984 0.16 0.15368852459016394 0.11076923076923077
0 0.375 0.5623076923076923 0.2377049180327869 0.17076923076923076
0 0.6331967213114754 0.66 0.27868852459016397 0.2
0 0.6209016393442623 0.8569230769230769 0.27049180327868855 0.20923076923076922
