0 0.949375 0.0975 0.09375 0.19166666666666668
0 0.706875 0.39583333333333337 0.29125 0.34500000000000003
0 0.20500000000000002 0.6358333333333334 0.295 0.385
0 0.4225 0.15000000000000002 0.2675 0.29333333333333333
0 0.905625 0.335 0.18375 0.3166666666666667
0 0.775625 0.7258333333333333 0.29375 0.3983333333333334
0 0.471875 0.4266666666666667 0.25125000000000003 0.3066666666666667
0 0.4675 0.7200000000000001 0.28 0.35333333333333333
0 0.12125 0.8991666666666667 0.23750000000000002 0.19166666666666668
0 0.37 0.9191666666666667 0.29 0.15166666666666667
0 0.169375 0.23750000000000002 0.26875 0.36500000000000005
0 0.9243750000000001 0.63 0.15125 0.33
0 0.780625 0.12916666666666668 0.27125 0.255
0 0.07 0.3825 0.1375 0.385
