0 0.125 0.29923076923076924 0.24590163934426232 0.18
0 0.7930327868852459 0.29615384615384616 0.33606557377049184 0.25384615384615383
0 0.5256147540983607 0.3553846153846154 0.2602459016393443 0.18769230769230769
0 0.8668032786885246 0.62 0.26229508196721313 0.23384615384615384
0 0.5348360655737705 0.8723076923076923 0.4877049180327869 0.2553846153846154
0 0.6649590163934427 0.12615384615384614 0.23155737704918034 0.15384615384615385
0 0.6147540983606558 0.5046153846153846 0.29918032786885246 0.2153846153846154
0 0.555327868852459 0.6861538461538461 0.3278688524590164 0.2
0 0.30225409836065575 0.566923076923077 0.3831967213114754 0.2784615384615385
0 0.45696721311475413 0.16076923076923078 0.19262295081967215 0.15846153846153846
0 0.1280737704918033 0.7184615384615385 0.2520491803278689 0.27692307692307694
0 0.26434426229508196 0.19384615384615383 0.19672131147540983 0.15692307692307692
0 0.2520491803278689 0.3769230769230769 0.26639344262295084 0.16615384615384615
