0 0.1240234375 0.6451822916666666 0.24609375 0.33463541666666663
0 0.7998046875 0.82421875 0.25 0.3177083333333333
0 0.568359375 0.15755208333333331 0.224609375 0.3125
0 0.392578125 0.5188802083333333 0.25 0.3372395833333333
0 0.82763671875 0.171875 0.2197265625 0.24479166666666666
0 0.794921875 0.2890625 0.240234375 0.30729166666666663
0 0.5341796875 0.4290364583333333 0.2109375 0.2825520833333333
0 0.70947265625 0.6080729166666666 0.2314453125 0.33854166666666663
0 0.5419921875 0.7395833333333333 0.208984375 0.3177083333333333
0 0.34765625 0.8307291666666666 0.248046875 0.2942708333333333
0 0.90283203125 0.556640625 0.1923828125 0.3216145833333333
0 0.14990234375 0.22721354166666666 0.2529296875 0.3059895833333333
0 0.3603515625 0.173828125 0.21875 0.30338541666666663
