0 0.20849609375 0.2913616398243045 0.1416015625 0.21376281112737922
0 0.48046875 0.6120058565153734 0.1796875 0.2664714494875549
0 0.5595703125 0.4033674963396779 0.158203125 0.212298682284041
0 0.3818359375 0.7613469985358712 0.1484375 0.2020497803806735
0 0.07861328125 0.9165446559297219 0.1552734375 0.16398243045387995
0 0.94287109375 0.8711566617862372 0.1064453125 0.22547584187408493
0 0.88818359375 0.308199121522694 0.1513671875 0.17130307467057102
0 0.70458984375 0.8455344070278185 0.2158203125 0.294289897510981
0 0.29541015625 0.9158125915080527 0.1865234375 0.16251830161054173
0 0.57568359375 0.7445095168374817 0.2158203125 0.294289897510981
0 0.29541015625 0.3404099560761347 0.1396484375 0.20351390922401172
0 0.7724609375 0.40556368960468525 0.17578125 0.2108345534407028
0 0.333984375 0.44363103953147875 0.150390625 0.24597364568081992
0 0.45654296875 0.8879941434846267 0.1494140625 0.19472913616398244
0 0.716796875 0.6325036603221084 0.18359375 0.24890190336749635
0 0.861328125 0.4758418740849195 0.17578125 0.2108345534407028
0 0.1669921875 0.7306002928257687 0.154296875 0.18740849194729137
0 0.078125 0.554904831625183 0.154296875 0.18740849194729137
0 0.1162109375 0.6412884333821376 0.154296875 0.18740849194729137
0 0.93896484375 0.6222547584187409 0.1162109375 0.2957540263543192
0 0.21875 0.8455344070278185 0.17578125 0.22986822840409957
0 0.0595703125 0.8060029282576867 0.1171875 0.1595900439238653
0 0.30810546875 0.6632503660322109 0.1396484375 0.1903367496339678
0 0.0498046875 0.2430453879941435 0.09765625 0.19912152269399708
0 0.84326171875 0.7210834553440703 0.2158203125 0.294289897510981
0 0.8603515625 0.9282576866764276 0.1484375 0.13469985358711567
0 0.6337890625 0.513909224011713 0.173828125 0.21669106881405564
0 0.42041015625 0.49487554904831627 0.1787109375 0.26061493411420206
