0 0.09631147540983608 0.18846153846153846 0.18852459016393444 0.15538461538461537
0 0.5112704918032788 0.2553846153846154 0.22336065573770492 0.16
0 0.521516393442623 0.44 0.30122950819672134 0.21846153846153846
0 0.1915983606557377 0.36923076923076925 0.21926229508196723 0.16615384615384615
0 0.5061475409836066 0.9130769230769231 0.3524590163934426 0.1676923076923077
0 0.8022540983606558 0.23 0.23565573770491804 0.19230769230769232
0 0.18135245901639346 0.5246153846153846 0.24795081967213117 0.1723076923076923
0 0.23668032786885246 0.23923076923076922 0.23975409836065575 0.15846153846153846
0 0.8780737704918034 0.73 0.24385245901639346 0.24769230769230768
0 0.6034836065573771 0.7176923076923077 0.2725409836065574 0.2353846153846154
0 0.3852459016393443 0.1276923076923077 0.2377049180327869 0.19076923076923077
0 0.2377049180327869 0.8346153846153846 0.36885245901639346 0.26615384615384613
0 0.39549180327868855 0.6038461538461538 0.27049180327868855 0.20461538461538462
0 0.764344262295082 0.5323076923076923 0.29098360655737704 0.2123076923076923
0 0.5911885245901639 0.14153846153846153 0.2028688524590164 0.15076923076923077
0 0.8729508196721312 0.4 0.25 0.16615384615384615
