0 0.18937500000000002 0.2139945652173913 0.25375000000000003 0.24864130434782608
0 0.110625 0.4137228260869565 0.21875 0.28396739130434784
0 0.124375 0.8926630434782609 0.24625 0.2092391304347826
0 0.328125 0.6807065217391304 0.29375 0.3233695652173913
0 0.096875 0.6589673913043478 0.19125 0.296195652173913
0 0.874375 0.37703804347826086 0.25125000000000003 0.25679347826086957
0 0.346875 0.4123641304347826 0.27375 0.25679347826086957
0 0.42562500000000003 0.21195652173913043 0.22375 0.25
0 0.879375 0.6338315217391304 0.23625000000000002 0.34646739130434784
0 0.6168750000000001 0.405570652173913 0.26875 0.25679347826086957
0 0.41000000000000003 0.8885869565217391 0.3425 0.20652173913043478
0 0.666875 0.1983695652173913 0.25375000000000003 0.2418478260869565
0 0.9556250000000001 0.8885869565217391 0.08875 0.22010869565217392
0 0.895625 0.1800271739130435 0.20375000000000001 0.21331521739130435
0 0.759375 0.8831521739130435 0.31625000000000003 0.21739130434782608
0 0.62 0.6786684782608695 0.28750000000000003 0.34103260869565216
