0 0.8266666666666667 0.8934108527131783 0.224 0.2054263565891473
0 0.5906666666666667 0.5775193798449613 0.18133333333333332 0.2596899224806202
0 0.298 0.17248062015503876 0.15333333333333332 0.2131782945736434
0 0.29866666666666664 0.8905038759689923 0.18666666666666665 0.20736434108527133
0 0.09133333333333334 0.1560077519379845 0.15333333333333332 0.18023255813953487
0 0.08333333333333333 0.3071705426356589 0.164 0.22674418604651161
0 0.21066666666666667 0.43992248062015504 0.176 0.2248062015503876
0 0.45999999999999996 0.7374031007751938 0.19466666666666665 0.25
0 0.5213333333333333 0.37693798449612403 0.14933333333333332 0.2189922480620155
0 0.6719999999999999 0.8410852713178294 0.17066666666666666 0.24031007751937983
0 0.06866666666666667 0.6065891472868217 0.13466666666666666 0.2441860465116279
0 0.43133333333333335 0.2315891472868217 0.12133333333333333 0.18410852713178294
0 0.8653333333333333 0.3003875968992248 0.14666666666666667 0.19767441860465115
0 0.37866666666666665 0.5339147286821705 0.16266666666666665 0.23062015503875968
0 0.692 0.3875968992248062 0.17333333333333334 0.22868217054263565
0 0.366 0.32848837209302323 0.13999999999999999 0.19186046511627908
0 0.8433333333333333 0.5310077519379844 0.21733333333333332 0.2751937984496124
0 0.7526666666666666 0.14147286821705427 0.12933333333333333 0.18604651162790697
0 0.5606666666666666 0.2054263565891473 0.13733333333333334 0.1937984496124031
0 0.8826666666666666 0.7451550387596899 0.18666666666666665 0.22674418604651161
0 0.19799999999999998 0.6744186046511628 0.21733333333333332 0.313953488372093
0 0.516 0.9253875968992248 0.18933333333333333 0.14147286821705427
0 0.6693333333333333 0.18604651162790697 0.10666666666666666 0.12403100775193798
