0 0.08750000000000001 0.3908629441624365 0.16833333333333333 0.1979695431472081
0 0.7216666666666667 0.46573604060913704 0.22 0.28680203045685276
0 0.5091666666666667 0.16624365482233502 0.17500000000000002 0.1751269035532995
0 0.9058333333333334 0.21065989847715735 0.16833333333333333 0.22842639593908629
0 0.925 0.4543147208121827 0.14333333333333334 0.29441624365482233
0 0.9450000000000001 0.7550761421319796 0.11 0.2918781725888325
0 0.29250000000000004 0.416243654822335 0.20500000000000002 0.2893401015228426
0 0.5058333333333334 0.4098984771573604 0.1716666666666667 0.22588832487309643
0 0.525 0.7601522842639593 0.23 0.38832487309644664
0 0.13416666666666668 0.1446700507614213 0.1716666666666667 0.18274111675126903
0 0.7075 0.18020304568527917 0.18833333333333335 0.22842639593908629
0 0.7383333333333334 0.7703045685279187 0.17666666666666667 0.32741116751269034
0 0.255 0.7588832487309644 0.2733333333333334 0.34010152284263956
0 0.07833333333333334 0.7284263959390862 0.15333333333333335 0.3299492385786802
0 0.335 0.15862944162436546 0.15666666666666668 0.21065989847715735
