0 0.13661971830985917 0.5146592709984152 0.27042253521126763 0.20047543581616484
0 0.828169014084507 0.23375594294770208 0.323943661971831 0.16957210776545167
0 0.5464788732394367 0.6006339144215531 0.37746478873239436 0.20126782884310618
0 0.8577464788732395 0.555863708399366 0.28450704225352114 0.22583201267828845
0 0.13661971830985917 0.7765451664025357 0.27042253521126763 0.28526148969889065
0 0.5176056338028169 0.20681458003169573 0.31408450704225355 0.17591125198098256
0 0.173943661971831 0.312202852614897 0.3450704225352113 0.24088748019017434
0 0.36901408450704226 0.7904120443740096 0.24788732394366197 0.22266244057052298
0 0.6992957746478874 0.8011093502377179 0.5253521126760564 0.24405705229793978
0 0.16971830985915493 0.20206022187004755 0.30845070422535215 0.10935023771790808
0 0.5802816901408451 0.3958003169572108 0.37746478873239436 0.2115689381933439
0 0.8647887323943663 0.3783676703645008 0.26197183098591553 0.15451664025356576
