0 0.8596643518518517 0.5162760416666666 0.21122685185185183 0.14887152777777776
0 0.6591435185185185 0.6979166666666666 0.23379629629629628 0.18229166666666666
0 0.2228009259259259 0.2339409722222222 0.2037037037037037 0.1519097222222222
0 0.42332175925925924 0.2261284722222222 0.1753472222222222 0.1423611111111111
0 0.8478009259259259 0.8645833333333333 0.26967592592592593 0.2144097222222222
0 0.2795138888888889 0.4756944444444444 0.21990740740740738 0.1388888888888889
0 0.8616898148148148 0.6725260416666666 0.21990740740740738 0.15842013888888887
0 0.2641782407407407 0.6994357638888888 0.22627314814814814 0.17491319444444445
0 0.4638310185185185 0.6397569444444444 0.2621527777777778 0.19270833333333331
0 0.16348379629629628 0.37369791666666663 0.20428240740740738 0.12934027777777776
0 0.31915509259259256 0.12630208333333331 0.18576388888888887 0.11458333333333333
0 0.5865162037037037 0.2322048611111111 0.1753472222222222 0.1423611111111111
0 0.6059027777777778 0.8726128472222222 0.21990740740740738 0.1792534722222222
0 0.11979166666666666 0.8359375 0.2384259259259259 0.18229166666666666
0 0.7080439814814814 0.4034288194444444 0.22627314814814814 0.16796875
0 0.3648726851851852 0.3582899305555555 0.20775462962962962 0.1349826388888889
0 0.7861689814814814 0.23155381944444442 0.21122685185185183 0.14887152777777776
0 0.43026620370370366 0.8148871527777777 0.24710648148148145 0.19574652777777776
0 0.6617476851851851 0.1345486111111111 0.17650462962962962 0.10763888888888888
0 0.8365162037037036 0.11588541666666666 0.19039351851851852 0.15451388888888887
0 0.49710648148148145 0.1130642361111111 0.17476851851851852 0.12890625
0 0.4733796296296296 0.4939236111111111 0.21990740740740738 0.1388888888888889
