0 0.79 0.6481250000000001 0.1975 0.17625
0 0.124375 0.308125 0.23375 0.18625
0 0.283125 0.181875 0.21875 0.17375000000000002
0 0.280625 0.179375 0.21875 0.17375000000000002
0 0.589375 0.618125 0.21875 0.17125
0 0.31 0.89375 0.25 0.2
0 0.3575 0.54125 0.26 0.20500000000000002
0 0.56875 0.446875 0.2525 0.19875
0 0.913125 0.261875 0.17125 0.14625
0 0.405625 0.725 0.21625 0.17250000000000001
0 0.863125 0.88625 0.26125 0.2125
0 0.77625 0.371875 0.22 0.18375
0 0.358125 0.356875 0.24125 0.17375000000000002
0 0.121875 0.779375 0.23875000000000002 0.22625
0 0.56375 0.274375 0.22 0.18375
0 0.681875 0.164375 0.19125 0.16875
0 0.60875 0.89625 0.2525 0.1925
0 0.4975 0.17 0.165 0.105
