0 0.1653543307086614 0.8350877192982457 0.32545931758530183 0.3087719298245614
0 0.6456692913385826 0.5771929824561404 0.14698162729658792 0.30526315789473685
0 0.33727034120734906 0.1385964912280702 0.18110236220472442 0.2
0 0.7322834645669292 0.3105263157894737 0.2204724409448819 0.2771929824561404
0 0.07480314960629922 0.2614035087719298 0.1443569553805774 0.256140350877193
0 0.494750656167979 0.775438596491228 0.35958005249343833 0.4
0 0.6732283464566929 0.1 0.21784776902887137 0.1929824561403509
0 0.8280839895013123 0.5298245614035088 0.3333333333333333 0.5263157894736842
0 0.16010498687664043 0.4543859649122807 0.30446194225721784 0.4245614035087719
0 0.910761154855643 0.23508771929824562 0.1732283464566929 0.23157894736842105
0 0.46062992125984253 0.38070175438596493 0.31758530183727035 0.41754385964912283
0 0.7493438320209974 0.8473684210526315 0.24934383202099736 0.2771929824561404
0 0.5249343832020997 0.16842105263157894 0.2204724409448819 0.23157894736842105
