0 0.5633333333333334 0.88 0.09333333333333334 0.05666666666666667
0 0.03916666666666667 0.49083333333333334 0.07500000000000001 0.15166666666666667
0 0.39916666666666667 0.315 0.155 0.16333333333333333
0 0.10500000000000001 0.3091666666666667 0.1366666666666667 0.15166666666666667
0 0.5166666666666667 0.6708333333333334 0.1366666666666667 0.14500000000000002
0 0.8141666666666667 0.8683333333333334 0.09833333333333334 0.11
0 0.5675 0.8158333333333334 0.14166666666666666 0.10833333333333334
0 0.8991666666666667 0.6683333333333333 0.14833333333333334 0.14333333333333334
0 0.9650000000000001 0.7791666666666667 0.06666666666666667 0.14166666666666666
0 0.8833333333333334 0.2733333333333334 0.14666666666666667 0.16666666666666669
0 0.9191666666666667 0.14583333333333334 0.13833333333333334 0.11833333333333335
0 0.23750000000000002 0.6783333333333333 0.15833333333333335 0.16333333333333333
0 0.30583333333333335 0.37333333333333335 0.16166666666666668 0.14
