0 0.1484375 0.17078993055555555 0.11979166666666666 0.06293402777777778
0 0.2999131944444444 0.6401909722222222 0.2265625 0.13368055555555555
0 0.6801215277777778 0.30902777777777773 0.4939236111111111 0.24131944444444442
0 0.8038194444444444 0.7762586805555555 0.24652777777777776 0.11675347222222221
0 0.4409722222222222 0.5049913194444444 0.30729166666666663 0.14973958333333331
0 0.5941840277777778 0.6896701388888888 0.2421875 0.1388888888888889
0 0.634548611111111 0.1657986111111111 0.24131944444444442 0.10503472222222221
0 0.4765625 0.654079861111111 0.16319444444444445 0.09114583333333333
0 0.8033854166666666 0.7795138888888888 0.2560763888888889 0.11805555555555555
0 0.8350694444444444 0.6469184027777778 0.30729166666666663 0.14973958333333331
0 0.09201388888888888 0.5308159722222222 0.18229166666666666 0.10416666666666666
