0 0.739041095890411 0.8261682242990654 0.1958904109589041 0.24299065420560748
0 0.19794520547945205 0.8242990654205608 0.17945205479452056 0.24299065420560748
0 0.3835616438356164 0.45700934579439256 0.14246575342465753 0.14392523364485982
0 0.13287671232876713 0.6691588785046729 0.16164383561643836 0.19065420560747665
0 0.6787671232876712 0.5607476635514019 0.13835616438356166 0.17196261682242991
0 0.45958904109589044 0.7093457943925234 0.15753424657534246 0.2
0 0.13424657534246576 0.5364485981308411 0.1452054794520548 0.14953271028037385
0 0.23904109589041095 0.4392523364485981 0.1273972602739726 0.11214953271028037
0 0.5232876712328767 0.4738317757009346 0.14246575342465753 0.14392523364485982
0 0.8986301369863013 0.4542056074766355 0.12328767123287672 0.19439252336448598
0 0.5506849315068493 0.8448598130841122 0.1726027397260274 0.26168224299065423
0 0.29315068493150687 0.6710280373831776 0.16164383561643836 0.19065420560747665
0 0.8315068493150685 0.5588785046728972 0.1643835616438356 0.1869158878504673
0 0.6513698630136986 0.43644859813084114 0.12191780821917808 0.1252336448598131
0 0.10068493150684932 0.4411214953271028 0.13287671232876713 0.14579439252336449
0 0.7767123287671233 0.6878504672897197 0.1643835616438356 0.1869158878504673
0 0.776027397260274 0.46261682242990654 0.12191780821917808 0.1252336448598131
0 0.41164383561643836 0.5757009345794393 0.13561643835616438 0.14953271028037385
0 0.5465753424657535 0.5962616822429907 0.13972602739726028 0.17196261682242991
0 0.6205479452054795 0.7140186915887851 0.1643835616438356 0.1869158878504673
0 0.3767123287671233 0.8242990654205608 0.18082191780821918 0.24299065420560748
0 0.2684931506849315 0.5364485981308411 0.1452054794520548 0.14953271028037385
0 0.9075342465753424 0.8551401869158879 0.1136986301369863 0.25233644859813087
