0 0.6451612903225806 0.40254237288135597 0.07903225806451612 0.12469733656174335
0 0.594758064516129 0.2778450363196126 0.0717741935483871 0.08837772397094432
0 0.2713709677419355 0.4067796610169492 0.0846774193548387 0.11138014527845037
0 0.8604838709677419 0.6416464891041163 0.1 0.12832929782082325
0 0.0939516129032258 0.2506053268765133 0.06854838709677419 0.09200968523002422
0 0.8475806451612903 0.4667070217917676 0.08548387096774193 0.112590799031477
0 0.9419354838709677 0.32808716707021796 0.07258064516129033 0.09685230024213076
0 0.5221774193548387 0.8244552058111381 0.1153225806451613 0.162227602905569
0 0.4459677419354839 0.7711864406779662 0.09516129032258064 0.15254237288135594
0 0.5459677419354839 0.6949152542372882 0.11129032258064517 0.13317191283292978
0 0.5669354838709677 0.38922518159806296 0.07741935483870968 0.10774818401937046
0 0.3431451612903226 0.364406779661017 0.0814516129032258 0.09200968523002422
0 0.8758064516129033 0.33232445520581116 0.07903225806451612 0.09322033898305085
0 0.7270161290322581 0.6216707021791767 0.11209677419354838 0.14648910411622276
0 0.4963709677419355 0.2802663438256659 0.0717741935483871 0.08837772397094432
0 0.6616935483870968 0.27663438256658596 0.0717741935483871 0.08837772397094432
0 0.7725806451612903 0.32506053268765134 0.07096774193548387 0.10290556900726393
0 0.12379032258064517 0.3686440677966102 0.0717741935483871 0.07869249394673124
0 0.7221774193548387 0.7851089588377724 0.13306451612903225 0.20217917675544794
0 0.49032258064516127 0.4213075060532688 0.08548387096774193 0.12106537530266344
0 0.18185483870967742 0.3165859564164649 0.0717741935483871 0.07869249394673124
0 0.3620967741935484 0.25544794188861986 0.06129032258064516 0.09927360774818403
0 0.6391129032258065 0.6458837772397095 0.08629032258064516 0.1368038740920097
0 0.24153225806451614 0.5732445520581114 0.09919354838709678 0.13438256658595643
0 0.7262096774193548 0.425544794188862 0.08306451612903226 0.08837772397094432
0 0.10927419354838709 0.5066585956416465 0.09919354838709678 0.12469733656174335
0 0.4564516129032258 0.6234866828087168 0.11129032258064517 0.14285714285714288
0 0.20725806451612902 0.4854721549636804 0.0935483870967742 0.1089588377723971
0 0.30524193548387096 0.30690072639225185 0.07338709677419354 0.08595641646489105
0 0.3350806451612903 0.5236077481840195 0.09919354838709678 0.13438256658595643
0 0.6237903225806452 0.7953995157384989 0.1153225806451613 0.162227602905569
0 0.11612903225806452 0.6930992736077483 0.09193548387096774 0.14164648910411623
0 0.1879032258064516 0.3904358353510896 0.07903225806451612 0.09564164648910412
0 0.6278225806451613 0.5145278450363197 0.07661290322580645 0.11380145278450364
0 0.3149193548387097 0.8746973365617434 0.13306451612903225 0.20217917675544794
0 0.7794354838709677 0.23062953995157387 0.0717741935483871 0.08837772397094432
0 0.5689516129032258 0.5708232445520581 0.09919354838709678 0.13438256658595643
0 0.3088709677419355 0.673728813559322 0.11129032258064517 0.1440677966101695
0 0.1870967741935484 0.3922518159806296 0.07741935483870968 0.09685230024213076
0 0.13830645161290323 0.5841404358353511 0.09919354838709678 0.13438256658595643
0 0.419758064516129 0.08171912832929783 0.050806451612903224 0.07869249394673124
0 0.4217741935483871 0.4957627118644068 0.09193548387096774 0.13438256658595643
