0 0.426252319109462 0.5588888888888889 0.2625231910946197 0.21259259259259258
0 0.25834879406307976 0.28888888888888886 0.17717996289424862 0.14666666666666667
0 0.5839517625231911 0.14814814814814814 0.23840445269016697 0.17185185185185184
0 0.3098330241187384 0.41037037037037033 0.2541743970315399 0.20444444444444443
0 0.786178107606679 0.2225925925925926 0.19944341372912802 0.1874074074074074
0 0.5306122448979592 0.3085185185185185 0.21706864564007422 0.16814814814814813
0 0.6739332096474954 0.5833333333333333 0.24397031539888683 0.17703703703703702
0 0.6113172541743971 0.7318518518518519 0.23562152133580705 0.16296296296296295
0 0.7226345083487941 0.41962962962962963 0.23747680890538034 0.18
0 0.26391465677179965 0.6955555555555555 0.29035250463821893 0.2222222222222222
