0 0.5489004629629629 0.07747395833333333 0.18460648148148148 0.11935763888888888
0 0.576099537037037 0.3331163194444444 0.30497685185185186 0.23046875
0 0.36979166666666663 0.13953993055555555 0.2546296296296296 0.22526041666666666
0 0.3891782407407407 0.46896701388888884 0.30497685185185186 0.23046875
0 0.4212962962962963 0.6840277777777778 0.3032407407407407 0.22743055555555555
0 0.16087962962962962 0.4188368055555555 0.26273148148148145 0.2204861111111111
0 0.1351273148148148 0.20594618055555555 0.2690972222222222 0.2495659722222222
0 0.7913773148148148 0.8292100694444444 0.3501157407407407 0.2947048611111111
0 0.4950810185185185 0.8869357638888888 0.3663194444444444 0.21744791666666666
0 0.5711805555555555 0.1929253472222222 0.23032407407407407 0.13585069444444445
0 0.7254050925925926 0.1677517361111111 0.19386574074074073 0.18185763888888887
0 0.8926504629629629 0.5807291666666666 0.21469907407407407 0.2204861111111111
0 0.28327546296296297 0.7934027777777777 0.21238425925925924 0.23350694444444442
0 0.8405671296296295 0.3878038194444444 0.30266203703703703 0.22873263888888887
0 0.6472800925925926 0.5479600694444444 0.30497685185185186 0.23046875
0 0.2204861111111111 0.5959201388888888 0.21412037037037035 0.17100694444444445
