0 0.5460140679953106 0.630859375 0.1951934349355217 0.29609375
0 0.16090269636576787 0.148828125 0.2022274325908558 0.25703125
0 0.3558030480656506 0.15703125 0.1735052754982415 0.240625
0 0.6960726846424384 0.423828125 0.17174677608440797 0.23515625
0 0.37661195779601403 0.7140625 0.2092614302461899 0.2921875
0 0.38657678780773735 0.44843750000000004 0.18112543962485345 0.26406250000000003
0 0.5354630715123094 0.373046875 0.17174677608440797 0.23515625
0 0.5161195779601406 0.134375 0.175263774912075 0.2671875
0 0.8821805392731535 0.6734375 0.20867526377491205 0.2890625
0 0.09994138335287221 0.6472656250000001 0.19871043376318873 0.24765625000000002
0 0.26348182883939036 0.309375 0.2022274325908558 0.25625000000000003
0 0.8601992966002344 0.1265625 0.22215709261430244 0.2515625
0 0.10082063305978897 0.39921875 0.20046893317702227 0.265625
0 0.7075029308323564 0.6839843750000001 0.1805392731535756 0.28359375000000003
0 0.23270808909730362 0.575390625 0.20281359906213364 0.25078125
0 0.8613716295427901 0.39140625 0.21395076201641264 0.2859375
0 0.6773153575615475 0.17500000000000002 0.175263774912075 0.2671875
