0 0.42562500000000003 0.26407129455909945 0.21125 0.175422138836773
0 0.388125 0.42166979362101314 0.25375000000000003 0.19606003752345216
0 0.8668750000000001 0.3325515947467167 0.22875 0.16041275797373358
0 0.165 0.44090056285178236 0.24 0.17823639774859287
0 0.32125 0.8180112570356473 0.2475 0.21200750469043153
0 0.80125 0.8874296435272045 0.2775 0.21388367729831145
0 0.415625 0.08161350844277673 0.20625000000000002 0.16135084427767354
0 0.629375 0.6655722326454033 0.25375000000000003 0.19606003752345216
0 0.750625 0.07833020637898687 0.24125 0.15103189493433397
0 0.10187500000000001 0.8283302063789869 0.20125 0.225140712945591
0 0.375625 0.6083489681050657 0.25375000000000003 0.19606003752345216
0 0.229375 0.2865853658536585 0.22875 0.16041275797373358
0 0.613125 0.47795497185741087 0.25375000000000003 0.19606003752345216
0 0.1325 0.6285178236397748 0.2575 0.2026266416510319
0 0.85875 0.5032833020637899 0.28250000000000003 0.2129455909943715
0 0.545 0.8653846153846154 0.27 0.2373358348968105
0 0.260625 0.13320825515947468 0.21875 0.17448405253283303
0 0.5543750000000001 0.13086303939962476 0.24125 0.18105065666041276
0 0.645625 0.2847091932457786 0.25375000000000003 0.19606003752345216
0 0.8718750000000001 0.15384615384615385 0.25625 0.2045028142589118
