0 0.123046875 0.6427083333333333 0.24453125 0.33541666666666664
0 0.8011718750000001 0.8213541666666666 0.24453125 0.31354166666666666
0 0.3921875 0.5171875 0.25 0.340625
0 0.539453125 0.7348958333333333 0.21015625000000002 0.31979166666666664
0 0.708984375 0.60625 0.22890625 0.3375
0 0.34765625 0.8286458333333333 0.2484375 0.2947916666666667
0 0.9015625 0.5552083333333333 0.1953125 0.31875
0 0.82734375 0.17291666666666666 0.22031250000000002 0.24583333333333332
0 0.794921875 0.2890625 0.23984375000000002 0.3072916666666667
0 0.14921875 0.22604166666666667 0.253125 0.30833333333333335
0 0.35976562500000003 0.17135416666666667 0.21796875000000002 0.3072916666666667
0 0.567578125 0.1546875 0.22421875000000002 0.3072916666666667
0 0.534375 0.4265625 0.215625 0.28229166666666666
