0 0.8791666666666668 0.3016666666666667 0.2316666666666667 0.28
0 0.47000000000000003 0.11333333333333334 0.26666666666666666 0.22333333333333336
0 0.06416666666666668 0.2041666666666667 0.125 0.3216666666666667
0 0.6658333333333334 0.26166666666666666 0.32833333333333337 0.32666666666666666
0 0.19333333333333336 0.5983333333333334 0.21000000000000002 0.30333333333333334
0 0.9133333333333334 0.49250000000000005 0.17333333333333334 0.3216666666666667
0 0.36250000000000004 0.3541666666666667 0.34500000000000003 0.32833333333333337
0 0.4116666666666667 0.9083333333333334 0.32 0.16666666666666669
0 0.20083333333333334 0.3016666666666667 0.225 0.2966666666666667
0 0.8708333333333333 0.8225 0.2516666666666667 0.34500000000000003
0 0.3975 0.6666666666666667 0.35500000000000004 0.31
0 0.6725000000000001 0.5783333333333334 0.32833333333333337 0.32666666666666666
