0 0.20430107526881722 0.9107981220657277 0.1532258064516129 0.17370892018779344
0 0.810483870967742 0.7605633802816901 0.1370967741935484 0.25821596244131456
0 0.5396505376344086 0.7523474178403756 0.14650537634408603 0.2746478873239437
0 0.23588709677419356 0.45422535211267606 0.13844086021505378 0.24178403755868544
0 0.09677419354838711 0.13145539906103287 0.07258064516129033 0.15492957746478875
0 0.560483870967742 0.046948356807511735 0.12096774193548387 0.07042253521126761
0 0.7137096774193549 0.5375586854460094 0.1478494623655914 0.25821596244131456
0 0.34610215053763443 0.6748826291079812 0.14381720430107528 0.2605633802816901
0 0.45497311827956993 0.5328638497652582 0.13575268817204303 0.23943661971830987
0 0.43750000000000006 0.062206572769953054 0.12768817204301075 0.11502347417840376
0 0.04166666666666667 0.4507042253521127 0.07258064516129033 0.10328638497652583
0 0.8306451612903226 0.5422535211267606 0.10483870967741936 0.19248826291079812
0 0.6491935483870969 0.6936619718309859 0.13978494623655915 0.2511737089201878
0 0.8259408602150539 0.3685446009389671 0.13037634408602153 0.2112676056338028
0 0.21572580645161293 0.7382629107981221 0.12231182795698926 0.18544600938967137
0 0.5530913978494624 0.3392018779342723 0.14112903225806453 0.14788732394366197
0 0.5651881720430108 0.49295774647887325 0.15188172043010753 0.26760563380281693
0 0.37163978494623656 0.3415492957746479 0.13306451612903228 0.22769953051643194
0 0.7170698924731184 0.36619718309859156 0.09811827956989248 0.13145539906103287
0 0.3823924731182796 0.9107981220657277 0.1599462365591398 0.17370892018779344
0 0.04435483870967742 0.5938967136150235 0.08333333333333334 0.18779342723004694
