0 0.3858870967741935 0.728898426323319 0.08629032258064516 0.11874105865522175
0 0.23669354838709677 0.6359084406294707 0.08306451612903226 0.11301859799713877
0 0.19314516129032258 0.9206008583690987 0.1217741935483871 0.1530758226037196
0 0.18185483870967742 0.6044349070100143 0.075 0.11301859799713877
0 0.23225806451612904 0.5429184549356223 0.07258064516129033 0.07582260371959942
0 0.1814516129032258 0.24964234620886983 0.16612903225806452 0.2875536480686695
0 0.3487903225806452 0.5708154506437768 0.07338709677419354 0.09728183118741059
0 0.4721774193548387 0.8733905579399142 0.125 0.17882689556509299
0 0.5028225806451613 0.5350500715307582 0.06048387096774194 0.09155937052932761
0 0.5415322580645161 0.5665236051502146 0.06532258064516129 0.08583690987124463
0 0.9209677419354839 0.8547925608011445 0.08709677419354839 0.11874105865522175
0 0.10201612903225807 0.8562231759656652 0.1217741935483871 0.1530758226037196
0 0.7560483870967742 0.8741058655221745 0.06854838709677419 0.12589413447782546
0 0.8270161290322581 0.8326180257510729 0.09274193548387097 0.11158798283261803
0 0.3092741935483871 0.9234620886981402 0.1217741935483871 0.1530758226037196
0 0.6060483870967742 0.6695278969957081 0.08629032258064516 0.12875536480686695
0 0.6818548387096774 0.6344778254649499 0.07983870967741935 0.14449213161659513
0 0.19435483870967743 0.7639484978540773 0.09193548387096774 0.13733905579399142
0 0.6637096774193548 0.907725321888412 0.08387096774193549 0.16738197424892703
0 0.6661290322580645 0.6573676680972819 0.07096774193548387 0.12732474964234622
0 0.4729838709677419 0.6673819742489271 0.08951612903225807 0.12446351931330472
0 0.7778225806451613 0.7024320457796852 0.08629032258064516 0.12875536480686695
0 0.7495967741935484 0.9542203147353362 0.10887096774193548 0.08583690987124463
0 0.6193548387096774 0.8025751072961373 0.09516129032258064 0.17453505007153075
0 0.2923387096774194 0.6917024320457796 0.10241935483870968 0.1530758226037196
0 0.7431451612903226 0.5550786838340487 0.06532258064516129 0.08583690987124463
0 0.08629032258064516 0.7424892703862661 0.0935483870967742 0.12017167381974249
0 0.8451612903225807 0.9256080114449213 0.0967741935483871 0.13733905579399142
