0 0.5666666666666667 0.36000000000000004 0.36333333333333334 0.26666666666666666
0 0.7658333333333334 0.27166666666666667 0.21833333333333335 0.23333333333333334
0 0.4675 0.5983333333333334 0.35500000000000004 0.25333333333333335
0 0.5275000000000001 0.8083333333333333 0.29833333333333334 0.20333333333333334
0 0.255 0.8458333333333334 0.19 0.14500000000000002
0 0.6416666666666667 0.1275 0.39333333333333337 0.2516666666666667
0 0.20500000000000002 0.7158333333333334 0.19 0.14500000000000002
0 0.3075 0.35583333333333333 0.255 0.21833333333333335
0 0.6641666666666667 0.9633333333333334 0.225 0.06666666666666667
0 0.7816666666666667 0.5075000000000001 0.3166666666666667 0.23833333333333334
0 0.0675 0.6525000000000001 0.13166666666666668 0.18500000000000003
0 0.09083333333333334 0.8266666666666668 0.17833333333333334 0.15333333333333335
0 0.7366666666666667 0.7525000000000001 0.21666666666666667 0.18500000000000003
