0 0.87158203125 0.2786458333333333 0.1416015625 0.22916666666666666
0 0.14794921875 0.638671875 0.1982421875 0.24609375
0 0.302734375 0.2805989583333333 0.2109375 0.29296875
0 0.7646484375 0.4544270833333333 0.25 0.3125
0 0.39501953125 0.8958333333333333 0.2294921875 0.1953125
0 0.4755859375 0.3359375 0.2109375 0.2890625
0 0.71484375 0.08463541666666666 0.20703125 0.16666666666666666
0 0.4189453125 0.7428385416666666 0.224609375 0.2903645833333333
0 0.701171875 0.24348958333333331 0.21875 0.2630208333333333
0 0.55078125 0.55859375 0.232421875 0.32291666666666663
0 0.5478515625 0.18619791666666666 0.18359375 0.2265625
0 0.6123046875 0.9303385416666666 0.212890625 0.13151041666666666
0 0.767578125 0.7135416666666666 0.228515625 0.2552083333333333
