0 0.114375 0.06894934333958724 0.19125 0.1303939962476548
0 0.39375 0.22420262664165103 0.2525 0.17073170731707318
0 0.811875 0.6041275797373359 0.30875 0.20637898686679174
0 0.739375 0.34849906191369606 0.23375 0.1378986866791745
0 0.868125 0.4432457786116323 0.26125 0.2223264540337711
0 0.70125 0.7889305816135085 0.31 0.24390243902439024
0 0.4025 0.054409005628517824 0.195 0.10694183864915573
0 0.4275 0.702626641651032 0.2625 0.18761726078799248
0 0.060625 0.17401500938086303 0.11875000000000001 0.1529080675422139
0 0.5275 0.50187617260788 0.20750000000000002 0.17448405253283303
0 0.95625 0.6294559099437148 0.085 0.18198874296435272
0 0.109375 0.575984990619137 0.21625 0.18386491557223264
0 0.49312500000000004 0.14399624765478425 0.19125 0.13602251407129456
0 0.134375 0.35647279549718575 0.23625000000000002 0.18198874296435272
0 0.38875 0.8954033771106942 0.3175 0.19793621013133209
0 0.6687500000000001 0.10694183864915573 0.185 0.1726078799249531
0 0.31875000000000003 0.5609756097560976 0.20750000000000002 0.17448405253283303
0 0.843125 0.2354596622889306 0.21625 0.14821763602251406
0 0.16125 0.7922138836772983 0.28 0.22045028142589118
0 0.534375 0.324108818011257 0.19125 0.13602251407129456
