0 0.2650462962962963 0.9670138888888888 0.08449074074074074 0.06597222222222222
0 0.5570023148148148 0.851345486111111 0.11168981481481481 0.10112847222222221
0 0.8943865740740741 0.47677951388888884 0.08043981481481481 0.06293402777777778
0 0.9088541666666666 0.3133680555555555 0.08275462962962962 0.06944444444444445
0 0.790798611111111 0.8832465277777777 0.06770833333333333 0.06944444444444445
0 0.8758680555555555 0.34244791666666663 0.06076388888888889 0.04079861111111111
0 0.8851273148148148 0.33246527777777773 0.08159722222222222 0.06163194444444444
0 0.2867476851851852 0.5169270833333333 0.1105324074074074 0.09114583333333333
0 0.5902777777777778 0.30338541666666663 0.1736111111111111 0.1362847222222222
0 0.5228587962962963 0.7211371527777778 0.10821759259259259 0.09244791666666666
0 0.6310763888888888 0.09396701388888888 0.08275462962962962 0.11762152777777778
0 0.15827546296296297 0.3865017361111111 0.109375 0.08637152777777778
0 0.9519675925925926 0.1968315972222222 0.08333333333333333 0.07682291666666666
0 0.421875 0.08680555555555555 0.16435185185185183 0.15451388888888887
0 0.6704282407407407 0.607421875 0.10821759259259259 0.11154513888888888
0 0.5656828703703703 0.09852430555555555 0.13252314814814814 0.12065972222222221
0 0.9618055555555555 0.49088541666666663 0.07407407407407407 0.056423611111111105
0 0.38773148148148145 0.3604600694444444 0.1597222222222222 0.1271701388888889
0 0.17592592592592593 0.7311197916666666 0.07060185185185185 0.05859375
0 0.10185185185185185 0.9401041666666666 0.05208333333333333 0.04253472222222222
0 0.8851273148148148 0.6831597222222222 0.030671296296296294 0.026041666666666664
0 0.8090277777777777 0.4759114583333333 0.059027777777777776 0.04817708333333333
