0 0.115234375 0.854421768707483 0.224609375 0.24489795918367346
0 0.03076171875 0.34285714285714286 0.0615234375 0.1986394557823129
0 0.21533203125 0.6693877551020407 0.1904296875 0.28299319727891153
0 0.85009765625 0.664625850340136 0.2490234375 0.3224489795918367
0 0.7373046875 0.47551020408163264 0.173828125 0.23809523809523808
0 0.8818359375 0.8938775510204081 0.2265625 0.2040816326530612
0 0.49658203125 0.4843537414965986 0.9814453125 0.9687074829931972
0 0.30126953125 0.8571428571428571 0.2021484375 0.26938775510204077
0 0.09228515625 0.7768707482993197 0.1845703125 0.26666666666666666
0 0.69287109375 0.7897959183673469 0.6142578125 0.4122448979591836
0 0.12939453125 0.919047619047619 0.2451171875 0.15646258503401358
0 0.2109375 0.8353741496598639 0.3984375 0.3292517006802721
0 0.068359375 0.5666666666666667 0.13671875 0.25442176870748295
