0 0.3224932249322493 0.2744413407821229 0.37398373983739835 0.18016759776536315
0 0.7384823848238482 0.32122905027932963 0.5040650406504065 0.26256983240223464
0 0.9044715447154471 0.2660614525139665 0.1910569105691057 0.11033519553072627
0 0.08197831978319783 0.2779329608938548 0.06368563685636856 0.0446927374301676
0 0.6822493224932249 0.7074022346368716 0.12601626016260162 0.1270949720670391
0 0.39634146341463417 0.5412011173184358 0.13685636856368563 0.12430167597765364
0 0.06775067750677506 0.263268156424581 0.13550135501355012 0.12150837988826817
0 0.6619241192411924 0.26256983240223464 0.3021680216802168 0.13966480446927373
0 0.37669376693766937 0.7255586592178771 0.7533875338753387 0.5181564245810056
0 0.6714092140921409 0.5789106145251397 0.13414634146341464 0.14664804469273743
0 0.08943089430894309 0.2185754189944134 0.07046070460704607 0.046089385474860335
0 0.18834688346883469 0.9322625698324023 0.24390243902439024 0.13268156424581007
0 0.06775067750677506 0.26955307262569833 0.1111111111111111 0.07262569832402235
