0 0.3779296875 0.8375 0.111328125 0.14868421052631578
0 0.1005859375 0.6835526315789473 0.111328125 0.14868421052631578
0 0.873046875 0.6730263157894737 0.134765625 0.17763157894736842
0 0.2373046875 0.669078947368421 0.111328125 0.14868421052631578
0 0.24609375 0.8401315789473685 0.111328125 0.14868421052631578
0 0.1005859375 0.48486842105263156 0.119140625 0.1355263157894737
0 0.7216796875 0.6822368421052631 0.126953125 0.17763157894736842
0 0.72412109375 0.8717105263157895 0.1318359375 0.18552631578947368
0 0.8701171875 0.08421052631578947 0.1328125 0.16578947368421051
0 0.376953125 0.656578947368421 0.123046875 0.16052631578947368
0 0.564453125 0.6881578947368421 0.123046875 0.16052631578947368
0 0.5751953125 0.2723684210526316 0.123046875 0.16052631578947368
0 0.5634765625 0.8802631578947369 0.123046875 0.16052631578947368
0 0.0947265625 0.3019736842105263 0.119140625 0.1355263157894737
0 0.37109375 0.31052631578947365 0.123046875 0.16052631578947368
0 0.5712890625 0.09999999999999999 0.123046875 0.16052631578947368
0 0.8740234375 0.8657894736842106 0.130859375 0.16052631578947368
0 0.7216796875 0.4789473684210526 0.123046875 0.16052631578947368
0 0.8759765625 0.29078947368421054 0.134765625 0.18947368421052632
0 0.3671875 0.4789473684210526 0.123046875 0.16052631578947368
0 0.232421875 0.1368421052631579 0.123046875 0.16052631578947368
0 0.0947265625 0.1401315789473684 0.119140625 0.1355263157894737
0 0.56640625 0.46842105263157896 0.123046875 0.16052631578947368
0 0.107421875 0.8513157894736841 0.119140625 0.15526315789473683
0 0.3662109375 0.125 0.123046875 0.16052631578947368
0 0.869140625 0.4776315789473684 0.123046875 0.16052631578947368
0 0.7255859375 0.09999999999999999 0.123046875 0.16052631578947368
0 0.234375 0.3078947368421053 0.123046875 0.16052631578947368
0 0.724609375 0.2723684210526316 0.123046875 0.16052631578947368
