0 0.4173177083333333 0.90966796875 0.18359375 0.1513671875
0 0.06966145833333333 0.4892578125 0.10026041666666666 0.0703125
0 0.36002604166666663 0.83935546875 0.15755208333333331 0.1259765625
0 0.119140625 0.5791015625 0.08203125 0.076171875
0 0.8118489583333333 0.5302734375 0.17838541666666666 0.115234375
0 0.5188802083333333 0.26904296875 0.15755208333333331 0.1162109375
0 0.5677083333333333 0.36328125 0.140625 0.1015625
0 0.9713541666666666 0.326171875 0.057291666666666664 0.052734375
0 0.7154947916666666 0.21533203125 0.08984375 0.0615234375
0 0.10286458333333333 0.283203125 0.15104166666666666 0.091796875
0 0.41080729166666663 0.357421875 0.16796875 0.123046875
0 0.16080729166666666 0.63720703125 0.08984375 0.0634765625
