0 0.3702865761689291 0.5412946428571428 0.13423831070889894 0.203125
0 0.17722473604826547 0.4776785714285714 0.1493212669683258 0.2232142857142857
0 0.5882352941176471 0.6651785714285714 0.11764705882352941 0.16964285714285712
0 0.7021116138763198 0.4933035714285714 0.19155354449472098 0.25
0 0.303921568627451 0.5970982142857143 0.0889894419306184 0.13616071428571427
0 0.5437405731523379 0.34598214285714285 0.17647058823529413 0.23660714285714285
0 0.9298642533936652 0.7924107142857142 0.110105580693816 0.17410714285714285
0 0.9668174962292609 0.7745535714285714 0.06636500754147813 0.15625
0 0.49547511312217196 0.5133928571428571 0.14027149321266968 0.20089285714285712
0 0.8981900452488688 0.46763392857142855 0.20361990950226244 0.3013392857142857
0 0.7390648567119156 0.6941964285714285 0.09049773755656108 0.14285714285714285
0 0.8099547511312217 0.6785714285714285 0.11764705882352941 0.16964285714285712
