0 0.2633333333333333 0.12020033388981637 0.12222222222222222 0.1636060100166945
0 0.33166666666666667 0.5141903171953256 0.17 0.2637729549248748
0 0.44 0.5592654424040067 0.09111111111111111 0.1636060100166945
0 0.9538888888888889 0.6101836393989983 0.09 0.23873121869782973
0 0.9283333333333333 0.20367278797996663 0.13 0.1969949916527546
0 0.7483333333333333 0.9123539232053423 0.17 0.16193656093489148
0 0.10555555555555556 0.8956594323873122 0.16666666666666666 0.15191986644407346
0 0.7561111111111111 0.3647746243739566 0.15222222222222223 0.2287145242070117
0 0.5633333333333334 0.3973288814691152 0.15555555555555556 0.21702838063439064
0 0.2338888888888889 0.24457429048414023 0.1388888888888889 0.20868113522537562
0 0.39166666666666666 0.15776293823038398 0.14333333333333334 0.1986644407345576
0 0.09222222222222222 0.0951585976627713 0.1511111111111111 0.18697829716193656
0 0.9061111111111111 0.4482470784641069 0.16111111111111112 0.24540901502504175
0 0.20444444444444446 0.05676126878130217 0.1288888888888889 0.11018363939899833
0 0.8566666666666667 0.07095158597662772 0.14666666666666667 0.13856427378964942
0 0.905 0.8555926544240401 0.17888888888888888 0.2687813021702838
0 0.06777777777777778 0.5325542570951586 0.13333333333333333 0.21702838063439064
0 0.43555555555555553 0.7646076794657763 0.18222222222222223 0.2838063439065109
0 0.16777777777777778 0.41736227045075125 0.15555555555555556 0.22036727879799667
0 0.03666666666666667 0.7504173622704507 0.07111111111111111 0.23873121869782973
0 0.15722222222222224 0.7595993322203674 0.14555555555555555 0.2270450751252087
0 0.6933333333333334 0.6143572621035058 0.1622222222222222 0.25375626043405675
0 0.5433333333333333 0.5968280467445743 0.14666666666666667 0.21535893155258765
0 0.5144444444444445 0.09599332220367279 0.1111111111111111 0.1652754590984975
0 0.43777777777777777 0.3931552587646077 0.12666666666666668 0.21202003338898165
