0 0.7277777777777777 0.6480865224625624 0.21555555555555556 0.3610648918469218
0 0.5727777777777778 0.7637271214642263 0.3188888888888889 0.4459234608985025
0 0.4766666666666667 0.20632279534109818 0.3288888888888889 0.40931780366056575
0 0.45166666666666666 0.5848585690515807 0.33666666666666667 0.47420965058236275
0 0.21722222222222223 0.8344425956738769 0.3877777777777778 0.33111480865224624
0 0.06888888888888889 0.8028286189683861 0.11555555555555555 0.17138103161397672
0 0.9 0.6198003327787022 0.2 0.5207986688851913
0 0.17277777777777778 0.2628951747088186 0.2877777777777778 0.4858569051580699
0 0.8788888888888889 0.370216306156406 0.24 0.2911813643926789
0 0.8061111111111111 0.8826955074875208 0.31 0.22129783693843594
0 0.9338888888888889 0.11896838602329451 0.13 0.23460898502495842
0 0.7266666666666667 0.16722129783693843 0.2822222222222222 0.33111480865224624
0 0.13111111111111112 0.4966722129783694 0.26 0.4575707154742097
