0 0.2611111111111111 0.5722222222222223 0.2555555555555556 0.32592592592592595
0 0.19375 0.312962962962963 0.25972222222222224 0.3111111111111111
0 0.9041666666666667 0.16296296296296298 0.18611111111111112 0.24444444444444446
0 0.38472222222222224 0.8268518518518518 0.3 0.3462962962962963
0 0.8145833333333333 0.3824074074074074 0.23194444444444445 0.27592592592592596
0 0.6444444444444445 0.7324074074074074 0.2888888888888889 0.38703703703703707
0 0.7902777777777779 0.9324074074074075 0.3416666666666667 0.1277777777777778
0 0.7458333333333333 0.549074074074074 0.2138888888888889 0.3314814814814815
0 0.5083333333333333 0.3907407407407408 0.3 0.3740740740740741
0 0.9104166666666667 0.7361111111111112 0.17916666666666667 0.38333333333333336
