0 0.81125 0.6233333333333334 0.2225 0.32666666666666666
0 0.5375 0.35500000000000004 0.23 0.30333333333333334
0 0.93 0.08166666666666667 0.135 0.15666666666666668
0 0.40750000000000003 0.8666666666666667 0.22 0.24000000000000002
0 0.4475 0.06666666666666667 0.23 0.12666666666666668
0 0.62875 0.7916666666666667 0.1975 0.29000000000000004
0 0.19 0.24000000000000002 0.225 0.2866666666666667
0 0.89 0.9083333333333334 0.195 0.17666666666666667
0 0.48625 0.5666666666666667 0.20750000000000002 0.2733333333333334
0 0.745 0.07833333333333334 0.22 0.15000000000000002
0 0.44375000000000003 0.8066666666666668 0.1875 0.23333333333333334
0 0.07125000000000001 0.13833333333333334 0.1375 0.27
0 0.935 0.255 0.13 0.31
0 0.18875 0.9266666666666667 0.2225 0.13333333333333333
0 0.4025 0.25833333333333336 0.22 0.3166666666666667
0 0.9550000000000001 0.7683333333333334 0.09 0.29000000000000004
0 0.2625 0.5166666666666667 0.245 0.3066666666666667
0 0.23125 0.76 0.20750000000000002 0.24000000000000002
0 0.75875 0.305 0.2275 0.33
