0 0.4416666666666667 0.895 0.33666666666666667 0.18
0 0.4541666666666667 0.1 0.24166666666666667 0.195
0 0.9075000000000001 0.41375 0.18500000000000003 0.3275
0 0.155 0.7475 0.3066666666666667 0.465
0 0.2966666666666667 0.38875 0.20333333333333334 0.3775
0 0.4083333333333334 0.65625 0.23333333333333334 0.3325
0 0.6608333333333334 0.7375 0.3383333333333334 0.46
0 0.7458333333333333 0.195 0.24500000000000002 0.365
0 0.5125000000000001 0.35625 0.24500000000000002 0.34750000000000003
0 0.1575 0.27375 0.305 0.4625
