0 0.2288135593220339 0.31900452488687786 0.24745762711864405 0.3484162895927602
0 0.38813559322033897 0.581447963800905 0.3084745762711864 0.36651583710407243
0 0.17627118644067796 0.7601809954751132 0.2576271186440678 0.35294117647058826
0 0.06610169491525424 0.330316742081448 0.12542372881355932 0.3076923076923077
0 0.39999999999999997 0.8665158371040724 0.20338983050847456 0.2398190045248869
0 0.8101694915254237 0.3552036199095023 0.24406779661016947 0.30316742081447967
0 0.04915254237288135 0.6380090497737557 0.09152542372881356 0.3076923076923077
0 0.6152542372881356 0.24434389140271495 0.2271186440677966 0.31674208144796384
0 0.5694915254237288 0.5248868778280543 0.18983050847457628 0.2714932126696833
0 0.6305084745762711 0.8099547511312218 0.26440677966101694 0.3257918552036199
0 0.4406779661016949 0.16063348416289594 0.27796610169491526 0.30316742081447967
0 0.8186440677966101 0.6221719457013575 0.26101694915254237 0.30316742081447967
