0 0.756 0.42042755344418054 0.216 0.20427553444180524
0 0.09533333333333333 0.25534441805225655 0.188 0.11163895486935868
0 0.6053333333333333 0.3610451306413302 0.17866666666666667 0.17339667458432304
0 0.20466666666666666 0.3919239904988124 0.36666666666666664 0.30641330166270786
0 0.7273333333333333 0.28681710213776723 0.15333333333333332 0.0653206650831354
0 0.4073333333333333 0.3616389548693587 0.18533333333333332 0.331353919239905
0 0.8886666666666666 0.3438242280285036 0.188 0.16270783847981
0 0.734 0.8889548693586699 0.46799999999999997 0.2173396674584323
0 0.962 0.8824228028503563 0.07333333333333333 0.21852731591448932
0 0.266 0.22802850356294538 0.16133333333333333 0.057007125890736345
