0 0.7441666666666668 0.11595744680851064 0.10166666666666667 0.12553191489361704
0 0.5291666666666667 0.41382978723404257 0.20500000000000002 0.26170212765957446
0 0.20083333333333334 0.34361702127659577 0.155 0.20638297872340425
0 0.4366666666666667 0.8042553191489362 0.24333333333333335 0.2936170212765957
0 0.06583333333333334 0.873404255319149 0.12833333333333335 0.1595744680851064
0 0.8966666666666667 0.15319148936170213 0.2066666666666667 0.3021276595744681
0 0.66 0.6276595744680851 0.2366666666666667 0.2893617021276596
0 0.6025 0.13404255319148936 0.21166666666666667 0.26382978723404255
0 0.08583333333333334 0.4127659574468085 0.16833333333333333 0.2553191489361702
0 0.24333333333333335 0.6585106382978724 0.24666666666666667 0.30425531914893617
0 0.09000000000000001 0.16170212765957448 0.17666666666666667 0.28085106382978725
0 0.9658333333333334 0.3574468085106383 0.065 0.225531914893617
0 0.7458333333333333 0.31382978723404253 0.23833333333333334 0.2957446808510638
0 0.3491666666666667 0.3627659574468085 0.20500000000000002 0.26170212765957446
0 0.4025 0.13829787234042554 0.20500000000000002 0.2723404255319149
0 0.775 0.8361702127659575 0.23333333333333334 0.2297872340425532
0 0.06583333333333334 0.6648936170212766 0.12833333333333335 0.2574468085106383
0 0.8400000000000001 0.5170212765957447 0.21333333333333335 0.23404255319148937
