0 0.30583333333333335 0.5456570155902004 0.14166666666666666 0.18708240534521156
0 0.6908333333333334 0.39309576837416477 0.14833333333333334 0.22048997772828507
0 0.18916666666666668 0.8719376391982182 0.14166666666666666 0.16703786191536749
0 0.6766666666666667 0.18819599109131402 0.14 0.18930957683741648
0 0.8433333333333334 0.12917594654788417 0.14666666666666667 0.17371937639198218
0 0.32 0.18262806236080179 0.15000000000000002 0.16926503340757237
0 0.5483333333333333 0.6258351893095768 0.1366666666666667 0.18708240534521156
0 0.6816666666666668 0.7371937639198218 0.1366666666666667 0.18708240534521156
0 0.4466666666666667 0.4899777282850779 0.15000000000000002 0.19153674832962136
0 0.5433333333333333 0.16369710467706014 0.14333333333333334 0.18485523385300667
0 0.54 0.37639198218262804 0.13333333333333333 0.17817371937639198
0 0.7825000000000001 0.8496659242761693 0.125 0.18485523385300667
0 0.335 0.8385300668151447 0.1366666666666667 0.18040089086859687
0 0.8091666666666667 0.5044543429844098 0.14166666666666666 0.18485523385300667
0 0.8075000000000001 0.6804008908685969 0.12833333333333335 0.16258351893095768
0 0.9391666666666667 0.7037861915367483 0.12166666666666667 0.155902004454343
0 0.41250000000000003 0.6904231625835189 0.155 0.20044543429844097
0 0.08916666666666667 0.7739420935412027 0.14833333333333334 0.18040089086859687
0 0.4091666666666667 0.3028953229398664 0.135 0.17817371937639198
0 0.30250000000000005 0.36971046770601335 0.135 0.17817371937639198
0 0.16583333333333333 0.38307349665924273 0.135 0.17817371937639198
0 0.8750000000000001 0.2806236080178174 0.1366666666666667 0.1514476614699332
0 0.05416666666666667 0.22939866369710465 0.10500000000000001 0.17371937639198218
0 0.18166666666666667 0.11915367483296213 0.15666666666666668 0.16258351893095768
0 0.16166666666666668 0.611358574610245 0.14 0.18485523385300667
0 0.5816666666666667 0.9008908685968819 0.14 0.19821826280623608
