0 0.1956521739130435 0.3789855072463768 0.09565217391304348 0.09130434782608696
0 0.8079710144927537 0.6376811594202899 0.07971014492753624 0.06666666666666667
0 0.22681159420289856 0.8666666666666667 0.08260869565217391 0.07536231884057971
0 0.7659420289855072 0.3615942028985507 0.09420289855072464 0.07681159420289856
0 0.20724637681159422 0.45072463768115945 0.08985507246376812 0.08985507246376812
0 0.5898550724637681 0.3355072463768116 0.11884057971014493 0.12028985507246377
0 0.3536231884057971 0.10507246376811594 0.10434782608695653 0.10869565217391304
0 0.7681159420289855 0.8797101449275363 0.11014492753623188 0.11304347826086956
0 0.3507246376811594 0.5442028985507247 0.1391304347826087 0.14057971014492754
0 0.4007246376811594 0.38768115942028986 0.1144927536231884 0.11739130434782609
