0 0.9109375000000001 0.5351185250219491 0.1125 0.04302019315188762
0 0.41484375 0.9157155399473222 0.1703125 0.09833187006145742
0 0.16640625 0.6624231782265145 0.1453125 0.06584723441615452
0 0.26875 0.6066725197541704 0.12187500000000001 0.061457418788410885
0 0.39921875 0.5355575065847235 0.1078125 0.05267778753292362
0 0.9390625 0.48244073748902544 0.115625 0.06409130816505706
0 0.7875000000000001 0.4569798068481124 0.10625000000000001 0.03775241439859526
0 0.11484375000000001 0.733099209833187 0.15781250000000002 0.07199297629499561
0 0.85078125 0.5122914837576822 0.09531250000000001 0.05179982440737489
0 0.49062500000000003 0.8266022827041264 0.15937500000000002 0.09745390693590869
0 0.3015625 0.5166812993854258 0.10625000000000001 0.046532045654082525
0 0.6421875 0.8371378402107111 0.146875 0.08340649692712906
0 0.14609375 0.5083406496927129 0.1171875 0.056189640035118525
0 0.31640625 0.6812993854258121 0.15781250000000002 0.07199297629499561
0 0.6796875 0.6211589113257243 0.134375 0.06233538191395961
0 0.6421875 0.6834942932396839 0.14375000000000002 0.06584723441615452
0 0.55078125 0.4881474978050922 0.1078125 0.05267778753292362
0 0.63828125 0.9139596136962248 0.16718750000000002 0.08077260755048288
0 0.34296875000000004 0.733099209833187 0.1609375 0.08604038630377524
0 0.8289062500000001 0.6769095697980685 0.13593750000000002 0.07199297629499561
0 0.60078125 0.42098331870061456 0.0859375 0.041264266900790166
0 0.49296875 0.707638279192274 0.1390625 0.07023705004389816
0 0.60078125 0.7532923617208077 0.1609375 0.08604038630377524
0 0.8460937500000001 0.7471466198419666 0.1484375 0.07374890254609306
0 0.9500000000000001 0.8525021949078139 0.1 0.11237928007023705
0 0.45859375 0.4100087796312555 0.09531250000000001 0.050921861281826165
0 0.37031250000000004 0.5891132572431957 0.125 0.05970149253731343
0 0.5906250000000001 0.5579455662862159 0.115625 0.06409130816505706
0 0.75703125 0.7857769973661106 0.16718750000000002 0.07199297629499561
0 0.06171875 0.641352063213345 0.1203125 0.07638279192273925
0 0.13046875 0.800702370500439 0.1609375 0.08604038630377524
0 0.81015625 0.6220368744512731 0.1328125 0.048287971905179985
0 0.3203125 0.844161545215101 0.15937500000000002 0.09745390693590869
0 0.36640625000000004 0.47761194029850745 0.11093750000000001 0.05443371378402107
0 0.91171875 0.5750658472344161 0.1078125 0.050921861281826165
0 0.80625 0.8577699736611062 0.184375 0.09306409130816505
0 0.7195312500000001 0.5237050043898156 0.1046875 0.05179982440737489
0 0.6960937500000001 0.5649692712906058 0.09843750000000001 0.05004389815627744
0 0.16796875 0.8762071992976295 0.1609375 0.08604038630377524
0 0.73828125 0.4798068481123793 0.1015625 0.04302019315188762
