0 0.36 0.5873333333333333 0.27466666666666667 0.28933333333333333
0 0.36666666666666664 0.856 0.312 0.2693333333333333
0 0.854 0.8926666666666666 0.24933333333333332 0.20933333333333332
0 0.488 0.15533333333333332 0.216 0.23333333333333334
0 0.9193333333333333 0.324 0.16133333333333333 0.30933333333333335
0 0.05733333333333333 0.15066666666666667 0.112 0.2533333333333333
0 0.6373333333333333 0.7 0.296 0.27466666666666667
0 0.5786666666666667 0.42266666666666663 0.3413333333333333 0.3173333333333333
0 0.854 0.5433333333333333 0.28933333333333333 0.2813333333333333
0 0.6626666666666666 0.9 0.32266666666666666 0.18933333333333333
0 0.7806666666666666 0.23266666666666666 0.24933333333333332 0.244
0 0.19133333333333333 0.09933333333333333 0.22799999999999998 0.16933333333333334
0 0.27799999999999997 0.3133333333333333 0.3 0.2773333333333333
0 0.16 0.8093333333333333 0.23199999999999998 0.29333333333333333
0 0.12133333333333333 0.5426666666666666 0.24 0.288
