0 0.7433333333333334 0.26 0.33333333333333337 0.31333333333333335
0 0.25333333333333335 0.4966666666666667 0.38 0.33333333333333337
0 0.09166666666666667 0.095 0.17666666666666667 0.18333333333333335
0 0.17500000000000002 0.20500000000000002 0.2966666666666667 0.30333333333333334
0 0.5566666666666668 0.16 0.18000000000000002 0.19333333333333336
0 0.6166666666666667 0.5183333333333333 0.32666666666666666 0.3566666666666667
0 0.7583333333333334 0.8600000000000001 0.48333333333333334 0.26666666666666666
0 0.43833333333333335 0.7983333333333333 0.37000000000000005 0.37000000000000005
0 0.13333333333333333 0.805 0.26 0.38333333333333336
0 0.8700000000000001 0.6733333333333333 0.26 0.2733333333333334
0 0.445 0.2833333333333333 0.2833333333333333 0.22666666666666668
0 0.3916666666666667 0.09000000000000001 0.29000000000000004 0.17333333333333334
