0 0.39583333333333337 0.40520833333333334 0.16111111111111112 0.23124999999999998
0 0.5548611111111111 0.19895833333333332 0.1625 0.23541666666666666
0 0.5604166666666667 0.43124999999999997 0.16805555555555557 0.21666666666666667
0 0.39513888888888893 0.6229166666666667 0.16527777777777777 0.2375
0 0.63125 0.61875 0.17916666666666667 0.2583333333333333
0 0.7694444444444445 0.546875 0.1638888888888889 0.2604166666666667
0 0.8180555555555555 0.29375 0.1527777777777778 0.22083333333333333
0 0.2388888888888889 0.4041666666666667 0.15833333333333333 0.25416666666666665
0 0.2465277777777778 0.690625 0.16805555555555557 0.28125
0 0.6993055555555556 0.26458333333333334 0.15416666666666667 0.22083333333333333
