0 0.644542772861357 0.4751381215469614 0.1504424778761062 0.112707182320442
0 0.42551622418879054 0.938121546961326 0.1607669616519174 0.11712707182320443
0 0.4786135693215339 0.5375690607734807 0.17256637168141592 0.11823204419889503
0 0.6814159292035398 0.3425414364640884 0.16224188790560473 0.13701657458563538
0 0.3967551622418879 0.4232044198895028 0.14749262536873156 0.10165745856353592
0 0.49188790560471973 0.6513812154696134 0.1873156342182891 0.1403314917127072
0 0.9402654867256637 0.6486187845303868 0.11651917404129794 0.13259668508287295
0 0.1799410029498525 0.6850828729281768 0.16224188790560473 0.12375690607734807
0 0.36430678466076694 0.24309392265193372 0.13864306784660768 0.08397790055248619
0 0.9019174041297935 0.914364640883978 0.19321533923303835 0.15359116022099448
0 0.10914454277286136 0.23093922651933704 0.11504424778761062 0.07513812154696133
0 0.3193215339233038 0.5972375690607735 0.16666666666666666 0.11823204419889503
0 0.3001474926253687 0.3348066298342542 0.13716814159292035 0.12154696132596686
0 0.11799410029498525 0.8701657458563536 0.1799410029498525 0.1403314917127072
0 0.08849557522123894 0.17182320441988952 0.14749262536873156 0.08729281767955802
0 0.28982300884955753 0.9193370165745857 0.1902654867256637 0.1414364640883978
0 0.39896755162241887 0.1530386740331492 0.14601769911504425 0.10276243093922653
0 0.7249262536873157 0.19226519337016576 0.14896755162241887 0.1259668508287293
0 0.8738938053097345 0.8027624309392266 0.11946902654867256 0.1270718232044199
0 0.5796460176991151 0.7464088397790056 0.15634218289085544 0.12928176795580112
0 0.5331858407079646 0.30165745856353593 0.14896755162241887 0.12154696132596686
0 0.6231563421828908 0.5889502762430939 0.1430678466076696 0.1259668508287293
0 0.3274336283185841 0.7082872928176797 0.16224188790560473 0.12154696132596686
0 0.09070796460176991 0.3243093922651934 0.08702064896755163 0.09834254143646409
0 0.22566371681415928 0.5005524861878453 0.14749262536873156 0.10386740331491713
0 0.9535398230088495 0.7867403314917127 0.08997050147492625 0.14806629834254145
