0 0.19111111111111112 0.4540740740740741 0.07333333333333333 0.0874074074074074
0 0.39055555555555554 0.3496296296296296 0.07222222222222222 0.09185185185185185
0 0.08444444444444445 0.13037037037037036 0.07111111111111111 0.09185185185185185
0 0.105 0.5711111111111111 0.07666666666666666 0.09925925925925926
0 0.5727777777777778 0.5007407407407407 0.08777777777777777 0.10074074074074074
0 0.11888888888888889 0.2740740740740741 0.08222222222222222 0.1037037037037037
0 0.050555555555555555 0.06296296296296296 0.07888888888888888 0.09925925925925926
0 0.5727777777777778 0.7414814814814814 0.08777777777777777 0.11407407407407406
0 0.23222222222222222 0.5251851851851852 0.07777777777777778 0.10222222222222221
0 0.045 0.6229629629629629 0.07666666666666666 0.09925925925925926
0 0.1811111111111111 0.38814814814814813 0.06888888888888889 0.08888888888888888
0 0.2038888888888889 0.31777777777777777 0.06555555555555556 0.07259259259259258
0 0.4461111111111111 0.5 0.07666666666666666 0.0962962962962963
0 0.041666666666666664 0.4348148148148148 0.07666666666666666 0.09925925925925926
0 0.03888888888888889 0.5281481481481481 0.07555555555555556 0.09925925925925926
0 0.6177777777777778 0.377037037037037 0.07333333333333333 0.0874074074074074
0 0.6605555555555556 0.5466666666666666 0.08777777777777777 0.10074074074074074
0 0.27666666666666667 0.4451851851851852 0.06666666666666667 0.08148148148148147
0 0.6494444444444445 0.4488888888888889 0.07888888888888888 0.1037037037037037
0 0.20944444444444443 0.16 0.058888888888888886 0.08888888888888888
0 0.11444444444444445 0.38370370370370366 0.06888888888888889 0.08888888888888888
0 0.455 0.33925925925925926 0.06777777777777778 0.07407407407407407
0 0.10555555555555556 0.4792592592592592 0.07333333333333333 0.0874074074074074
0 0.5166666666666667 0.4185185185185185 0.07333333333333333 0.0874074074074074
0 0.4738888888888889 0.7296296296296296 0.08777777777777777 0.11407407407407406
0 0.058888888888888886 0.21333333333333332 0.07111111111111111 0.09185185185185185
0 0.15666666666666668 0.1985185185185185 0.09777777777777778 0.08296296296296296
0 0.6722222222222223 0.6785185185185185 0.10888888888888888 0.13333333333333333
0 0.5622222222222222 0.29407407407407404 0.07333333333333333 0.0874074074074074
0 0.5888888888888889 0.5948148148148148 0.09333333333333334 0.11703703703703704
0 0.48277777777777775 0.5896296296296296 0.08555555555555555 0.1037037037037037
0 0.058888888888888886 0.3251851851851852 0.08 0.0874074074074074
0 0.16722222222222222 0.5940740740740741 0.07222222222222222 0.10074074074074074
