0 0.7101449275362319 0.17506631299734748 0.07246376811594203 0.10610079575596816
0 0.44420289855072465 0.2480106100795756 0.06811594202898551 0.1246684350132626
0 0.6304347826086957 0.2639257294429708 0.0782608695652174 0.11405835543766578
0 0.5079710144927536 0.20557029177718833 0.06811594202898551 0.1246684350132626
0 0.7898550724637681 0.2015915119363395 0.07536231884057971 0.10610079575596816
0 0.42318840579710143 0.34615384615384615 0.0927536231884058 0.1246684350132626
0 0.572463768115942 0.35145888594164454 0.0927536231884058 0.1246684350132626
0 0.6840579710144927 0.3222811671087533 0.0927536231884058 0.1246684350132626
0 0.6231884057971014 0.16976127320954906 0.07536231884057971 0.10610079575596816
0 0.3746376811594203 0.2692307692307692 0.06811594202898551 0.1246684350132626
0 0.7724637681159421 0.29310344827586204 0.08695652173913043 0.14058355437665782
