0 0.35595703125 0.5924479166666666 0.1162109375 0.13802083333333331
0 0.45703125 0.5462239583333333 0.10546875 0.16796875
0 0.5673828125 0.5533854166666666 0.115234375 0.14583333333333331
0 0.33203125 0.71875 0.115234375 0.140625
0 0.78662109375 0.4446614583333333 0.1162109375 0.13932291666666666
0 0.6474609375 0.29166666666666663 0.138671875 0.1484375
0 0.34521484375 0.451171875 0.1142578125 0.15494791666666666
0 0.234375 0.69140625 0.10546875 0.1484375
0 0.68408203125 0.5729166666666666 0.1279296875 0.18229166666666666
0 0.6669921875 0.42838541666666663 0.123046875 0.125
0 0.78076171875 0.3059895833333333 0.1318359375 0.15625
0 0.24951171875 0.5520833333333333 0.1162109375 0.13802083333333331
0 0.24609375 0.4251302083333333 0.103515625 0.12630208333333331
0 0.5458984375 0.6966145833333333 0.1171875 0.15885416666666666
0 0.2353515625 0.298828125 0.09765625 0.12630208333333331
0 0.7861328125 0.61328125 0.111328125 0.16145833333333331
0 0.666015625 0.7369791666666666 0.130859375 0.16666666666666666
0 0.44775390625 0.7272135416666666 0.1142578125 0.15234375
0 0.51904296875 0.2884114583333333 0.1181640625 0.14713541666666666
0 0.435546875 0.38932291666666663 0.119140625 0.15885416666666666
0 0.34375 0.3020833333333333 0.1171875 0.14322916666666666
0 0.5478515625 0.42643229166666663 0.111328125 0.13411458333333331
