0 0.855530474040632 0.2032484635645303 0.21218961625282165 0.15539947322212466
0 0.9029345372460496 0.42010535557506584 0.19413092550790065 0.17647058823529413
0 0.1247178329571106 0.35118525021949076 0.20654627539503384 0.12818261633011413
0 0.18453724604966137 0.14969271290605796 0.23589164785553046 0.17120280948200176
0 0.6264108352144468 0.33845478489903424 0.21218961625282165 0.15539947322212466
0 0.3927765237020316 0.4872695346795435 0.2799097065462754 0.21949078138718173
0 0.15632054176072233 0.9113257243195786 0.2516930022573363 0.17559262510974538
0 0.5987584650112866 0.10052677787532924 0.18171557562076748 0.11150131694468832
0 0.9029345372460496 0.6597892888498683 0.19413092550790065 0.17647058823529413
0 0.34255079006772005 0.24100087796312555 0.18171557562076748 0.11150131694468832
0 0.3764108352144469 0.7743634767339772 0.2652370203160271 0.23529411764705882
0 0.6597065462753949 0.8823529411764706 0.3532731376975169 0.23353819139596138
0 0.9260722347629796 0.926251097453907 0.14785553047404063 0.1369622475856014
0 0.6506772009029345 0.5952589991220368 0.2516930022573363 0.17559262510974538
0 0.11907449209932279 0.6527655838454784 0.23589164785553046 0.2344161545215101
