0 0.2230769230769231 0.9166666666666666 0.20512820512820512 0.16666666666666666
0 0.5974358974358974 0.9282051282051282 0.2 0.14358974358974358
0 0.4076923076923077 0.367948717948718 0.2153846153846154 0.23846153846153847
0 0.7769230769230769 0.4025641025641026 0.22564102564102564 0.2153846153846154
0 0.4551282051282051 0.06923076923076923 0.14615384615384616 0.13333333333333333
0 0.2833333333333333 0.06538461538461539 0.18717948717948718 0.12564102564102564
0 0.767948717948718 0.8397435897435898 0.2282051282051282 0.23846153846153847
0 0.6089743589743589 0.28846153846153844 0.20256410256410257 0.19230769230769232
0 0.732051282051282 0.6012820512820513 0.19230769230769232 0.18717948717948718
0 0.5756410256410256 0.48333333333333334 0.20256410256410257 0.19230769230769232
0 0.32564102564102565 0.5884615384615385 0.2153846153846154 0.2076923076923077
0 0.4128205128205128 0.20384615384615384 0.18461538461538463 0.14615384615384616
0 0.34487179487179487 0.791025641025641 0.2076923076923077 0.19743589743589743
0 0.517948717948718 0.6807692307692308 0.2358974358974359 0.2282051282051282
0 0.7923076923076923 0.24358974358974358 0.15897435897435896 0.12307692307692308
0 0.5897435897435898 0.11666666666666667 0.2 0.18205128205128204
0 0.42435897435897435 0.9038461538461539 0.19743589743589743 0.19230769230769232
0 0.2 0.43205128205128207 0.24102564102564103 0.20256410256410257
0 0.18974358974358974 0.7128205128205128 0.16923076923076924 0.1794871794871795
0 0.26282051282051283 0.2012820512820513 0.15128205128205127 0.16153846153846155
