0 0.23984375000000002 0.70625 0.3171875 0.4
0 0.95859375 0.47604166666666664 0.0671875 0.08125
0 0.49375 0.60625 0.275 0.35833333333333334
0 0.57578125 0.853125 0.1703125 0.23958333333333334
0 0.77265625 0.19375 0.060937500000000006 0.0625
0 0.878125 0.590625 0.1 0.13958333333333334
0 0.8132812500000001 0.653125 0.09843750000000001 0.13125
0 0.40468750000000003 0.28854166666666664 0.28125 0.3729166666666667
0 0.7117187500000001 0.453125 0.2265625 0.32708333333333334
0 0.7664062500000001 0.08541666666666667 0.0328125 0.0625
