0 0.9477777777777778 0.4166666666666667 0.1 0.16666666666666669
0 0.2588888888888889 0.21000000000000002 0.1288888888888889 0.17333333333333334
0 0.15222222222222223 0.7350000000000001 0.18666666666666668 0.25333333333333335
0 0.057777777777777775 0.515 0.11333333333333333 0.2366666666666667
0 0.13944444444444445 0.12416666666666668 0.15666666666666668 0.23833333333333334
0 0.30833333333333335 0.8116666666666668 0.15666666666666668 0.24000000000000002
0 0.45 0.8016666666666667 0.1622222222222222 0.26
0 0.3688888888888889 0.26416666666666666 0.13555555555555557 0.19833333333333333
0 0.5222222222222223 0.028333333333333335 0.11333333333333333 0.05333333333333334
0 0.6516666666666666 0.0575 0.13 0.11166666666666668
0 0.56 0.9158333333333334 0.16666666666666666 0.16166666666666668
0 0.3616666666666667 0.09083333333333334 0.15222222222222223 0.17833333333333334
0 0.895 0.5525 0.15444444444444444 0.22166666666666668
0 0.5861111111111111 0.49250000000000005 0.17888888888888888 0.26166666666666666
0 0.755 0.445 0.14777777777777779 0.24333333333333335
0 0.44277777777777777 0.4008333333333334 0.15222222222222223 0.275
0 0.6988888888888889 0.8775000000000001 0.16666666666666666 0.24500000000000002
0 0.24555555555555555 0.39333333333333337 0.1622222222222222 0.24333333333333335
0 0.9011111111111111 0.92 0.12 0.15333333333333335
0 0.6261111111111111 0.6950000000000001 0.15666666666666668 0.23
0 0.22055555555555556 0.5950000000000001 0.1388888888888889 0.2066666666666667
0 0.81 0.21583333333333335 0.14666666666666667 0.19833333333333333
0 0.8511111111111112 0.3775 0.11555555555555555 0.17500000000000002
0 0.5944444444444444 0.2758333333333334 0.1511111111111111 0.20500000000000002
0 0.05 0.18916666666666668 0.09111111111111111 0.18833333333333335
0 0.49 0.16166666666666668 0.13777777777777778 0.21666666666666667
0 0.12222222222222222 0.33416666666666667 0.15555555555555556 0.24166666666666667
0 0.3427777777777778 0.5641666666666667 0.15444444444444444 0.24166666666666667
0 0.8033333333333333 0.7025 0.15333333333333332 0.225
0 0.9511111111111111 0.6391666666666667 0.09777777777777778 0.20500000000000002
0 0.23555555555555555 0.905 0.1711111111111111 0.15333333333333335
0 0.7205555555555555 0.13 0.11666666666666667 0.16
