0 0.875 0.802734375 0.25 0.20546875
0 0.08489583333333334 0.74140625 0.16770833333333332 0.17343750000000002
0 0.8385416666666666 0.39765625000000004 0.20833333333333334 0.1171875
0 0.10416666666666667 0.48671875000000003 0.1375 0.084375
0 0.2765625 0.4859375 0.128125 0.065625
0 0.4583333333333333 0.919140625 0.30625 0.16171875000000002
0 0.3453125 0.36054687500000004 0.11770833333333333 0.07890625000000001
0 0.884375 0.6253906250000001 0.21875 0.16640625
0 0.6786458333333333 0.237109375 0.10520833333333333 0.07265625
0 0.4947916666666667 0.5453125 0.13958333333333334 0.1265625
0 0.9635416666666666 0.409765625 0.06875 0.12265625000000001
0 0.4 0.5750000000000001 0.13958333333333334 0.1265625
0 0.2552083333333333 0.423828125 0.12916666666666665 0.08671875000000001
0 0.6260416666666666 0.311328125 0.09791666666666667 0.07578125000000001
0 0.8947916666666667 0.24726562500000002 0.08958333333333333 0.06171875
0 0.14114583333333333 0.9164062500000001 0.28020833333333334 0.16562500000000002
0 0.5380208333333333 0.33710937500000004 0.12604166666666666 0.08671875000000001
0 0.20104166666666667 0.662109375 0.18333333333333332 0.11796875000000001
0 0.3140625 0.8441406250000001 0.278125 0.20390625
0 0.68125 0.7390625000000001 0.24375 0.20468750000000002
0 0.8791666666666667 0.201953125 0.09583333333333333 0.07265625
0 0.46458333333333335 0.32851562500000003 0.09791666666666667 0.07578125000000001
0 0.8927083333333333 0.24570312500000002 0.08958333333333333 0.06171875
0 0.6333333333333333 0.559765625 0.21875 0.16640625
0 0.7296875 0.259375 0.109375 0.0578125
0 0.7864583333333334 0.211328125 0.09583333333333333 0.07265625
0 0.4005208333333333 0.416796875 0.121875 0.09140625000000001
