0 0.8210937500000001 0.19791666666666666 0.1296875 0.14583333333333331
0 0.8375 0.6076388888888888 0.1125 0.1736111111111111
0 0.025 0.9629629629629629 0.046875 0.07407407407407407
0 0.33359375 0.4212962962962963 0.11093750000000001 0.17129629629629628
0 0.48125 0.6192129629629629 0.08750000000000001 0.15046296296296297
0 0.11406250000000001 0.7210648148148148 0.115625 0.18287037037037035
0 0.40625 0.6273148148148148 0.1125 0.16203703703703703
0 0.6578125 0.22800925925925924 0.146875 0.23379629629629628
0 0.5906250000000001 0.3935185185185185 0.22187500000000002 0.3472222222222222
0 0.5125000000000001 0.17129629629629628 0.140625 0.24537037037037035
0 0.80859375 0.4143518518518518 0.20468750000000002 0.3333333333333333
0 0.11953125 0.5891203703703703 0.09843750000000001 0.1087962962962963
0 0.24140625000000002 0.3726851851851852 0.0859375 0.12962962962962962
0 0.40234375 0.32523148148148145 0.1203125 0.1875
0 0.54140625 0.90625 0.1203125 0.16898148148148148
0 0.93125 0.059027777777777776 0.12812500000000002 0.11342592592592592
0 0.24921875000000002 0.6157407407407407 0.11406250000000001 0.16666666666666666
0 0.6179687500000001 0.06712962962962962 0.20468750000000002 0.12962962962962962
