0 0.21855345911949686 0.8240506329113925 0.10377358490566038 0.15443037974683543
0 0.824685534591195 0.34556962025316457 0.11477987421383648 0.1848101265822785
0 0.6823899371069183 0.2139240506329114 0.1069182389937107 0.16962025316455698
0 0.944182389937107 0.3708860759493671 0.10849056603773585 0.20506329113924052
0 0.2727987421383648 0.389873417721519 0.10849056603773585 0.19240506329113924
0 0.7012578616352202 0.7367088607594937 0.12264150943396226 0.1620253164556962
0 0.7429245283018868 0.05063291139240506 0.13050314465408805 0.09620253164556962
0 0.3616352201257862 0.48607594936708864 0.11006289308176101 0.1569620253164557
0 0.11320754716981132 0.830379746835443 0.11006289308176101 0.18734177215189873
0 0.6297169811320755 0.25443037974683547 0.10849056603773585 0.15949367088607594
0 0.6784591194968553 0.529113924050633 0.1179245283018868 0.18227848101265823
0 0.4567610062893082 0.7987341772151899 0.12735849056603774 0.21012658227848102
