0 0.48281250000000003 0.26697892271662765 0.028125 0.04215456674473068
0 0.1875 0.14637002341920374 0.040625 0.0585480093676815
0 0.07734375 0.08899297423887588 0.0484375 0.06557377049180328
0 0.37421875000000004 0.4063231850117096 0.026562500000000003 0.03981264637002342
0 0.6578125 0.19789227166276346 0.040625 0.06323185011709602
0 0.9734375000000001 0.2681498829039813 0.03125 0.04918032786885246
0 0.67578125 0.3992974238875878 0.035937500000000004 0.0585480093676815
0 0.10546875 0.20491803278688525 0.0484375 0.06791569086651054
0 0.25703125 0.040983606557377046 0.029687500000000002 0.053864168618266976
0 0.3921875 0.5597189695550351 0.028125 0.03747072599531616
0 0.67578125 0.33138173302107726 0.035937500000000004 0.0585480093676815
0 0.40625 0.6252927400468384 0.028125 0.03747072599531616
0 0.65546875 0.4859484777517564 0.0328125 0.04918032786885246
0 0.4375 0.4016393442622951 0.03125 0.04449648711943794
0 0.22031250000000002 0.20725995316159251 0.040625 0.0585480093676815
