0 0.1806640625 0.1796875 0.08203125 0.076171875
0 0.36767578125 0.40673828125 0.1005859375 0.0771484375
0 0.69189453125 0.48681640625 0.0791015625 0.0791015625
0 0.30517578125 0.78857421875 0.0966796875 0.1220703125
0 0.61572265625 0.56103515625 0.0947265625 0.0869140625
0 0.146484375 0.04541015625 0.068359375 0.0673828125
0 0.68798828125 0.6142578125 0.0732421875 0.07421875
0 0.26708984375 0.1572265625 0.0751953125 0.0703125
0 0.919921875 0.3935546875 0.087890625 0.09765625
0 0.978515625 0.8173828125 0.04296875 0.072265625
0 0.8759765625 0.744140625 0.095703125 0.09375
0 0.02783203125 0.11376953125 0.0537109375 0.0693359375
0 0.39990234375 0.78955078125 0.1220703125 0.1376953125
0 0.412109375 0.13134765625 0.09765625 0.0888671875
0 0.54736328125 0.26806640625 0.0751953125 0.0693359375
0 0.97412109375 0.6416015625 0.0498046875 0.06640625
0 0.36474609375 0.50244140625 0.1025390625 0.0908203125
0 0.30224609375 0.08544921875 0.0869140625 0.0751953125
