0 0.899169921875 0.5026041666666666 0.04150390625 0.06380208333333333
0 0.305908203125 0.6266276041666666 0.05712890625 0.068359375
0 0.97705078125 0.34440104166666663 0.02734375 0.03255208333333333
0 0.824462890625 0.8024088541666666 0.06201171875 0.087890625
0 0.53271484375 0.8779296875 0.0361328125 0.044921875
0 0.72900390625 0.6197916666666666 0.0576171875 0.08072916666666666
0 0.465576171875 0.34342447916666663 0.04443359375 0.068359375
0 0.46435546875 0.5247395833333333 0.0478515625 0.05078125
0 0.14697265625 0.7711588541666666 0.0322265625 0.05794270833333333
0 0.8798828125 0.7731119791666666 0.0498046875 0.048828125
0 0.166748046875 0.0615234375 0.03857421875 0.051432291666666664
0 0.929443359375 0.3294270833333333 0.02685546875 0.033854166666666664
0 0.490478515625 0.3662109375 0.04443359375 0.068359375
0 0.85107421875 0.40592447916666663 0.033203125 0.031901041666666664
0 0.255859375 0.12760416666666666 0.0302734375 0.0390625
0 0.468017578125 0.46256510416666663 0.05517578125 0.076171875
0 0.67578125 0.5221354166666666 0.0498046875 0.0703125
0 0.200439453125 0.5231119791666666 0.03173828125 0.041015625
0 0.272705078125 0.44303385416666663 0.05029296875 0.056640625
0 0.88916015625 0.4052734375 0.0439453125 0.060546875
0 0.5927734375 0.9228515625 0.0322265625 0.043619791666666664
0 0.31103515625 0.9270833333333333 0.0537109375 0.06640625
0 0.271240234375 0.8255208333333333 0.05029296875 0.06770833333333333
0 0.53271484375 0.3919270833333333 0.05078125 0.0703125
0 0.564208984375 0.03255208333333333 0.05712890625 0.06380208333333333
0 0.320068359375 0.27897135416666663 0.05419921875 0.07877604166666666
0 0.22802734375 0.9378255208333333 0.046875 0.05794270833333333
0 0.36083984375 0.2578125 0.06640625 0.09375
0 0.603515625 0.3675130208333333 0.0537109375 0.07747395833333333
0 0.974853515625 0.4563802083333333 0.03369140625 0.04427083333333333
0 0.24267578125 0.474609375 0.0419921875 0.057291666666666664
0 0.966552734375 0.3782552083333333 0.03173828125 0.03515625
0 0.2734375 0.8932291666666666 0.0498046875 0.06770833333333333
0 0.599853515625 0.6484375 0.03857421875 0.06770833333333333
0 0.271240234375 0.9557291666666666 0.04443359375 0.05989583333333333
0 0.168212890625 0.3779296875 0.05810546875 0.06966145833333333
0 0.293212890625 0.6826171875 0.04248046875 0.056640625
0 0.372802734375 0.3577473958333333 0.03369140625 0.043619791666666664
0 0.86474609375 0.48828125 0.0439453125 0.061197916666666664
0 0.14013671875 0.3255208333333333 0.064453125 0.06640625
0 0.651123046875 0.34440104166666663 0.05908203125 0.05598958333333333
0 0.13232421875 0.27408854166666663 0.04296875 0.05078125
0 0.95068359375 0.3466796875 0.0244140625 0.035807291666666664
