0 0.3765625 0.14285714285714285 0.0625 0.09367681498829039
0 0.55625 0.09133489461358314 0.065625 0.08899297423887588
0 0.47890625000000003 0.38875878220140514 0.0703125 0.10772833723653395
0 0.6156250000000001 0.8969555035128806 0.05625 0.07962529274004684
0 0.49765625 0.8067915690866511 0.0578125 0.08665105386416862
0 0.37734375000000003 0.8992974238875878 0.060937500000000006 0.09367681498829039
0 0.5859375 0.29508196721311475 0.06875 0.09367681498829039
0 0.5328125 0.6334894613583139 0.07187500000000001 0.08196721311475409
0 0.43046875 0.6135831381733021 0.0734375 0.10772833723653395
0 0.56953125 0.45433255269320844 0.0671875 0.09367681498829039
0 0.4421875 0.9391100702576113 0.053125000000000006 0.08899297423887588
0 0.6726562500000001 0.8840749414519906 0.06406250000000001 0.10070257611241218
0 0.6468750000000001 0.16978922716627634 0.05625 0.07259953161592506
