0 0.88 0.9035714285714287 0.055384615384615386 0.07857142857142858
0 0.5776923076923077 0.4047619047619048 0.06 0.1
0 0.39615384615384613 0.12023809523809526 0.08153846153846153 0.12142857142857144
0 0.5115384615384615 0.8261904761904763 0.03230769230769231 0.04761904761904762
0 0.41846153846153844 0.5178571428571429 0.05846153846153846 0.09285714285714286
0 0.5584615384615385 0.7916666666666667 0.055384615384615386 0.07857142857142858
0 0.5223076923076924 0.09047619047619049 0.05692307692307692 0.08095238095238096
0 0.6253846153846154 0.48809523809523814 0.06307692307692307 0.09047619047619049
0 0.27076923076923076 0.36190476190476195 0.07692307692307693 0.10476190476190478
0 0.7876923076923077 0.4892857142857143 0.046153846153846156 0.06904761904761905
0 0.9738461538461538 0.43214285714285716 0.04923076923076923 0.09761904761904763
0 0.40384615384615385 0.4357142857142858 0.06923076923076923 0.1
0 0.4646153846153846 0.12261904761904763 0.05846153846153846 0.09761904761904763
0 0.49153846153846154 0.5190476190476191 0.05692307692307692 0.09047619047619049
0 0.5430769230769231 0.4773809523809524 0.06461538461538462 0.10238095238095239
0 0.20846153846153845 0.2285714285714286 0.08461538461538462 0.1380952380952381
0 0.71 0.805952380952381 0.05692307692307692 0.09285714285714286
0 0.8869230769230769 0.5535714285714286 0.05692307692307692 0.09761904761904763
0 0.8023076923076923 0.9166666666666667 0.038461538461538464 0.05714285714285715
0 0.7061538461538461 0.46190476190476193 0.052307692307692305 0.08571428571428572
