0 0.17 0.6238095238095238 0.10615384615384615 0.15714285714285717
0 0.43923076923076926 0.7654761904761905 0.09076923076923077 0.13095238095238096
0 0.16692307692307692 0.9309523809523811 0.07846153846153846 0.10952380952380954
0 0.9207692307692308 0.505952380952381 0.12153846153846154 0.17380952380952383
0 0.9846153846153847 0.6321428571428572 0.027692307692307693 0.0642857142857143
0 0.21076923076923076 0.39047619047619053 0.08923076923076922 0.1142857142857143
0 0.09923076923076923 0.41785714285714287 0.10615384615384615 0.15952380952380954
0 0.36538461538461536 0.611904761904762 0.1 0.14761904761904762
0 0.4946153846153846 0.3047619047619048 0.13384615384615384 0.2142857142857143
0 0.2453846153846154 0.5476190476190477 0.11538461538461539 0.15714285714285717
0 0.6584615384615384 0.8273809523809524 0.04 0.05476190476190477
