0 0.3473333333333333 0.21441281138790033 0.08399999999999999 0.1192170818505338
0 0.8486666666666667 0.4679715302491103 0.044 0.05693950177935943
0 0.9266666666666666 0.6396797153024911 0.03733333333333333 0.04448398576512455
0 0.44666666666666666 0.46441281138790036 0.06666666666666667 0.07117437722419928
0 0.858 0.6005338078291814 0.04666666666666666 0.055160142348754444
0 0.7973333333333333 0.692170818505338 0.04 0.0498220640569395
0 0.8913333333333333 0.4581850533807829 0.052 0.06227758007117437
0 0.974 0.6370106761565836 0.036 0.042704626334519574
0 0.9213333333333333 0.49288256227758004 0.04 0.0498220640569395
0 0.35 0.2900355871886121 0.07333333333333333 0.06761565836298931
0 0.5439999999999999 0.7749110320284697 0.06666666666666667 0.08718861209964412
0 0.38066666666666665 0.4688612099644128 0.06266666666666666 0.08007117437722419
0 0.474 0.6245551601423487 0.05733333333333333 0.08185053380782918
0 0.44666666666666666 0.5702846975088968 0.064 0.08007117437722419
0 0.7993333333333333 0.6334519572953736 0.04666666666666666 0.060498220640569395
