0 0.31214285714285717 0.5842857142857143 0.11 0.13142857142857142
0 0.8692857142857143 0.5421428571428571 0.08428571428571428 0.12428571428571429
0 0.4135714285714286 0.3364285714285714 0.11857142857142858 0.15571428571428572
0 0.5178571428571429 0.4585714285714286 0.09857142857142857 0.13142857142857142
0 0.20714285714285716 0.3492857142857143 0.11428571428571428 0.16142857142857142
0 0.3192857142857143 0.4207142857142857 0.11857142857142858 0.15571428571428572
0 0.7878571428571428 0.51 0.09857142857142857 0.13142857142857142
0 0.41214285714285714 0.6371428571428571 0.12428571428571429 0.1457142857142857
0 0.6785714285714286 0.5807142857142857 0.08 0.11285714285714285
0 0.7392857142857143 0.6564285714285715 0.07571428571428572 0.10142857142857142
0 0.5235714285714286 0.5878571428571429 0.09571428571428571 0.12714285714285714
0 0.8092857142857143 0.6328571428571429 0.07857142857142857 0.12285714285714286
0 0.40785714285714286 0.485 0.11857142857142858 0.15571428571428572
