0 0.1394736842105263 0.4789473684210526 0.04473684210526316 0.052631578947368425
0 0.44144736842105264 0.2710526315789474 0.043421052631578944 0.06140350877192983
0 0.3092105263157895 0.2280701754385965 0.034210526315789476 0.0456140350877193
0 0.19342105263157894 0.27280701754385966 0.03684210526315789 0.05087719298245614
0 0.5703947368421053 0.2885964912280702 0.046052631578947366 0.0649122807017544
0 0.3006578947368421 0.17894736842105263 0.030263157894736843 0.031578947368421054
0 0.20526315789473684 0.46403508771929824 0.034210526315789476 0.04035087719298246
0 0.8368421052631578 0.40263157894736845 0.039473684210526314 0.0368421052631579
0 0.12434210526315789 0.6078947368421053 0.035526315789473684 0.043859649122807015
0 0.08157894736842106 0.6114035087719298 0.039473684210526314 0.043859649122807015
0 0.5953947368421052 0.4692982456140351 0.07236842105263158 0.1
0 0.4855263157894737 0.15526315789473685 0.03684210526315789 0.05087719298245614
0 0.6348684210526315 0.5280701754385965 0.08026315789473684 0.08070175438596491
0 0.6375 0.3 0.046052631578947366 0.06315789473684211
0 0.6 0.31491228070175437 0.02894736842105263 0.02280701754385965
0 0.7855263157894736 0.9210526315789473 0.060526315789473685 0.07719298245614035
0 0.9032894736842105 0.8701754385964913 0.04078947368421053 0.0456140350877193
0 0.7322368421052632 0.7947368421052632 0.03289473684210526 0.0456140350877193
0 0.39539473684210524 0.6429824561403509 0.02763157894736842 0.0368421052631579
0 0.1756578947368421 0.518421052631579 0.035526315789473684 0.0368421052631579
0 0.6171052631578947 0.4929824561403509 0.09999999999999999 0.14035087719298245
0 0.2855263157894737 0.31315789473684214 0.08684210526315789 0.11403508771929825
0 0.6019736842105263 0.1543859649122807 0.04078947368421053 0.04912280701754386
0 0.8032894736842106 0.4885964912280702 0.06710526315789474 0.04736842105263158
0 0.04276315789473684 0.9456140350877194 0.08289473684210526 0.09824561403508772
0 0.9342105263157895 0.8201754385964912 0.060526315789473685 0.06842105263157895
0 0.3394736842105263 0.5675438596491228 0.039473684210526314 0.05087719298245614
0 0.4151315789473684 0.19649122807017544 0.03289473684210526 0.042105263157894736
0 0.5144736842105263 0.5947368421052631 0.03684210526315789 0.04912280701754386
0 0.5625 0.1649122807017544 0.043421052631578944 0.056140350877192984
0 0.05592105263157895 0.7228070175438597 0.038157894736842106 0.04912280701754386
0 0.6546052631578947 0.16403508771929826 0.04078947368421053 0.054385964912280704
0 0.17171052631578948 0.35000000000000003 0.046052631578947366 0.06140350877192983
0 0.8111842105263157 0.37280701754385964 0.04868421052631579 0.06140350877192983
0 0.3703947368421053 0.2017543859649123 0.03289473684210526 0.0456140350877193
0 0.3026315789473684 0.39035087719298245 0.07631578947368421 0.08947368421052632
0 0.6671052631578948 0.8728070175438597 0.060526315789473685 0.0824561403508772
0 0.7256578947368421 0.3508771929824561 0.046052631578947366 0.05964912280701754
0 0.3927631578947368 0.2192982456140351 0.017105263157894738 0.028070175438596492
0 0.07697368421052632 0.4763157894736842 0.08026315789473684 0.09298245614035087
0 0.7914473684210526 0.26052631578947366 0.04078947368421053 0.05789473684210526
0 0.5190789473684211 0.8122807017543859 0.05657894736842105 0.08421052631578947
0 0.4236842105263158 0.23157894736842105 0.04473684210526316 0.056140350877192984
0 0.4236842105263158 0.31315789473684214 0.031578947368421054 0.043859649122807015
