0 0.6477611940298508 0.5 0.05970149253731343 0.09009009009009009
0 0.16044776119402984 0.3671171171171171 0.06119402985074627 0.0945945945945946
0 0.4828358208955224 0.36824324324324326 0.05522388059701493 0.08783783783783784
0 0.12014925373134329 0.5056306306306306 0.07014925373134329 0.08333333333333333
0 0.42835820895522386 0.38175675675675674 0.056716417910447764 0.09684684684684684
0 0.12388059701492538 0.42905405405405406 0.05970149253731343 0.08783783783783784
0 0.44328358208955226 0.7162162162162162 0.056716417910447764 0.07657657657657657
0 0.09701492537313433 0.24662162162162163 0.05970149253731343 0.08333333333333333
0 0.3746268656716418 0.24549549549549549 0.0626865671641791 0.0990990990990991
0 0.06940298507462686 0.18468468468468469 0.07014925373134329 0.0990990990990991
0 0.4097014925373134 0.6542792792792793 0.06119402985074627 0.10135135135135136
0 0.7007462686567164 0.6137387387387387 0.05522388059701493 0.08783783783783784
