0 0.10541666666666667 0.133 0.05583333333333334 0.082
0 0.17416666666666666 0.754 0.05333333333333334 0.124
0 0.3766666666666667 0.513 0.025 0.066
0 0.13625 0.637 0.03916666666666667 0.058
0 0.31375000000000003 0.073 0.04083333333333333 0.114
0 0.29375 0.152 0.04916666666666667 0.096
0 0.34708333333333335 0.516 0.03916666666666667 0.096
0 0.03333333333333333 0.073 0.065 0.14200000000000002
0 0.06958333333333334 0.366 0.07250000000000001 0.152
0 0.022083333333333333 0.9560000000000001 0.0425 0.084
0 0.3741666666666667 0.63 0.03833333333333334 0.088
0 0.15625 0.515 0.022500000000000003 0.078
0 0.22625 0.796 0.0675 0.156
0 0.16041666666666668 0.033 0.05583333333333334 0.062
0 0.31375000000000003 0.468 0.04416666666666667 0.096
0 0.3666666666666667 0.122 0.03833333333333334 0.092
0 0.10750000000000001 0.052000000000000005 0.05666666666666667 0.1
0 0.51875 0.363 0.04083333333333333 0.114
