0 0.30234375 0.5407407407407407 0.059895833333333336 0.10555555555555556
0 0.5143229166666666 0.09490740740740741 0.028645833333333332 0.04166666666666667
0 0.20390624999999998 0.15787037037037038 0.0390625 0.062037037037037036
0 0.56484375 0.9222222222222223 0.0328125 0.05555555555555556
0 0.19114583333333332 0.6097222222222223 0.057291666666666664 0.10462962962962963
0 0.8442708333333333 0.5 0.030208333333333334 0.06666666666666667
0 0.6403645833333333 0.20231481481481484 0.025520833333333333 0.05277777777777778
0 0.018489583333333334 0.19768518518518519 0.0359375 0.08425925925925926
0 0.6716145833333333 0.4087962962962963 0.04114583333333333 0.09722222222222222
0 0.42994791666666665 0.1564814814814815 0.04114583333333333 0.05
0 0.2872395833333333 0.3541666666666667 0.057812499999999996 0.10648148148148148
0 0.06588541666666667 0.5314814814814816 0.04635416666666667 0.07962962962962963
0 0.4049479166666667 0.11805555555555557 0.0515625 0.0712962962962963
0 0.3619791666666667 0.7222222222222222 0.042708333333333334 0.07222222222222223
0 0.3919270833333333 0.225 0.0515625 0.10370370370370371
0 0.22994791666666667 0.04120370370370371 0.04739583333333333 0.08055555555555556
0 0.05963541666666666 0.8439814814814816 0.03802083333333333 0.06574074074074074
0 0.23489583333333333 0.16527777777777777 0.027083333333333334 0.058333333333333334
0 0.6450520833333333 0.08703703703703704 0.03802083333333333 0.07222222222222223
