0 0.41206896551724137 0.7804597701149425 0.03103448275862069 0.05747126436781609
0 0.9344827586206896 0.32068965517241377 0.06551724137931034 0.08045977011494253
0 0.3396551724137931 0.5344827586206896 0.04482758620689655 0.06666666666666667
0 0.5517241379310345 0.5505747126436782 0.05172413793103448 0.07126436781609195
0 0.46551724137931033 0.33793103448275863 0.03793103448275862 0.05517241379310345
0 0.20344827586206896 0.46091954022988507 0.05517241379310345 0.07126436781609195
0 0.496551724137931 0.6379310344827586 0.05517241379310345 0.06666666666666667
0 0.6551724137931034 0.7574712643678161 0.041379310344827586 0.06666666666666667
0 0.378448275862069 0.7931034482758621 0.0396551724137931 0.059770114942528735
0 0.5060344827586207 0.3781609195402299 0.029310344827586206 0.04367816091954023
0 0.6922413793103448 0.4862068965517241 0.056896551724137934 0.07126436781609195
0 0.8051724137931034 0.7057471264367816 0.06206896551724138 0.08275862068965517
0 0.8793103448275862 0.7942528735632184 0.07586206896551724 0.08045977011494253
0 0.20517241379310344 0.5827586206896551 0.05517241379310345 0.07126436781609195
0 0.2939655172413793 0.5770114942528736 0.0396551724137931 0.059770114942528735
0 0.41551724137931034 0.38275862068965516 0.03103448275862069 0.04827586206896552
0 0.2939655172413793 0.4666666666666667 0.04310344827586207 0.05517241379310345
0 0.2517241379310345 0.46091954022988507 0.041379310344827586 0.06206896551724138
0 0.253448275862069 0.5885057471264368 0.03793103448275862 0.05517241379310345
0 0.5698275862068966 0.7402298850574712 0.04310344827586207 0.06436781609195402
0 0.6646551724137931 0.6183908045977011 0.06379310344827586 0.0735632183908046
