0 0.3983333333333334 0.828125 0.11666666666666667 0.08288043478260869
0 0.4366666666666667 0.3138586956521739 0.12000000000000001 0.08423913043478261
0 0.48833333333333334 0.40489130434782605 0.07333333333333333 0.04619565217391304
0 0.5491666666666667 0.11888586956521739 0.10833333333333334 0.09103260869565218
0 0.4166666666666667 0.5679347826086957 0.09666666666666668 0.07608695652173914
0 0.6575000000000001 0.5285326086956521 0.08166666666666667 0.07065217391304347
0 0.5508333333333334 0.30027173913043476 0.08833333333333333 0.06793478260869565
0 0.15166666666666667 0.3967391304347826 0.07 0.0625
0 0.6675000000000001 0.7207880434782609 0.065 0.05570652173913043
0 0.3225 0.8831521739130435 0.09833333333333334 0.07065217391304347
0 0.6358333333333334 0.8940217391304348 0.06833333333333334 0.051630434782608696
