0 0.7085852478839177 0.507258064516129 0.04836759371221282 0.05967741935483871
0 0.8784764207980652 0.6629032258064516 0.06166868198307134 0.07096774193548387
0 0.3246674727932285 0.4508064516129032 0.0592503022974607 0.08548387096774193
0 0.1505441354292624 0.7580645161290323 0.06892382103990326 0.08709677419354839
0 0.7043530834340991 0.9290322580645162 0.044740024183796856 0.05806451612903226
0 0.3633615477629988 0.5629032258064516 0.06166868198307134 0.09032258064516129
0 0.6136638452237001 0.9669354838709677 0.06166868198307134 0.06612903225806452
0 0.0592503022974607 0.8225806451612904 0.05562273276904474 0.08387096774193549
0 0.2926239419588875 0.7 0.058041112454655375 0.08064516129032258
0 0.467956469165659 0.3790322580645161 0.06045949214026602 0.08387096774193549
0 0.39238210399032647 0.9637096774193549 0.054413542926239414 0.06290322580645161
0 0.017533252720677146 0.8290322580645161 0.03264812575574365 0.07419354838709677
0 0.11970979443772672 0.6943548387096774 0.03143893591293833 0.06935483870967742
0 0.5846432889963724 0.707258064516129 0.06166868198307134 0.09193548387096774
0 0.09310761789600967 0.4959677419354839 0.05078597339782345 0.05967741935483871
0 0.7654171704957679 0.40403225806451615 0.05078597339782345 0.06290322580645161
0 0.30713422007255137 0.5653225806451613 0.053204353083434096 0.08870967741935484
0 0.4770253929866989 0.4588709677419355 0.06166868198307134 0.09516129032258064
0 0.8216444981862152 0.5887096774193549 0.04715840386940749 0.07096774193548387
0 0.5241837968561064 0.9540322580645161 0.049576783555018135 0.07580645161290323
0 0.5356711003627569 0.4508064516129032 0.053204353083434096 0.07580645161290323
0 0.7049576783555018 0.4491935483870968 0.04836759371221282 0.05967741935483871
0 0.027206771463119707 0.9661290322580646 0.049576783555018135 0.06774193548387097
0 0.3802902055622733 0.4483870967741935 0.05199516324062878 0.07096774193548387
0 0.07376058041112454 0.9387096774193548 0.05562273276904474 0.08064516129032258
0 0.7805320435308343 0.5129032258064516 0.054413542926239414 0.07741935483870968
0 0.5731559854897219 0.6040322580645161 0.0652962515114873 0.07903225806451612
0 0.4721886336154776 0.7217741935483871 0.05199516324062878 0.05967741935483871
0 0.21281741233373638 0.45806451612903226 0.053204353083434096 0.07419354838709677
0 0.8125755743651752 0.6717741935483871 0.06287787182587666 0.08225806451612903
0 0.08524788391777509 0.582258064516129 0.06892382103990326 0.07741935483870968
0 0.624546553808948 0.7314516129032258 0.049576783555018135 0.07903225806451612
