0 0.05333333333333333 0.7992895204262878 0.034666666666666665 0.04262877442273535
0 0.29666666666666663 0.6119005328596803 0.030666666666666665 0.03730017761989343
0 0.3 0.5426287744227354 0.032 0.04085257548845471
0 0.622 0.7868561278863233 0.025333333333333333 0.03197158081705151
0 0.33266666666666667 0.6394316163410302 0.028 0.03907637655417407
0 0.7586666666666666 0.5159857904085258 0.034666666666666665 0.04085257548845471
0 0.3213333333333333 0.6829484902309059 0.029333333333333333 0.03730017761989343
0 0.618 0.7655417406749556 0.025333333333333333 0.035523978685612786
0 0.724 0.6714031971580817 0.024 0.035523978685612786
0 0.33199999999999996 0.5621669626998224 0.032 0.04085257548845471
