0 0.3925 0.340960240060015 0.037 0.0277569392348087
0 0.7785 0.6174043510877719 0.053 0.03900975243810953
0 0.7845 0.7404351087771943 0.041 0.027006751687921982
0 0.5735 0.17854463615903976 0.059000000000000004 0.040510127531882975
0 0.28600000000000003 0.699549887471868 0.046 0.03675918979744936
0 0.47800000000000004 0.31095273818454616 0.04 0.0277569392348087
0 0.4175 0.34846211552888223 0.033 0.029257314328582147
0 0.11800000000000001 0.20855213803450864 0.052000000000000005 0.045011252813203305
0 0.8655 0.7194298574643662 0.041 0.027006751687921982
0 0.8365 0.15941485371342837 0.043000000000000003 0.03375843960990248
0 0.4465 0.7104276069017255 0.041 0.027006751687921982
0 0.14 0.19204801200300076 0.054 0.040510127531882975
0 0.181 0.4898724681170293 0.044 0.03000750187546887
0 0.8565 0.08439609902475619 0.053 0.04126031507876969
0 0.3385 0.748312078019505 0.035 0.03225806451612903
0 0.891 0.18267066766691673 0.042 0.03075768942235559
