0 0.33544921875 0.2962239583333333 0.0419921875 0.05078125
0 0.6796875 0.31705729166666663 0.044921875 0.053385416666666664
0 0.15673828125 0.5930989583333333 0.0302734375 0.04296875
0 0.53076171875 0.3059895833333333 0.0341796875 0.05208333333333333
0 0.55078125 0.33463541666666663 0.033203125 0.049479166666666664
0 0.28662109375 0.5325520833333333 0.0341796875 0.04427083333333333
0 0.2421875 0.189453125 0.044921875 0.053385416666666664
0 0.41259765625 0.25455729166666663 0.0458984375 0.053385416666666664
0 0.328125 0.6783854166666666 0.04296875 0.0546875
0 0.439453125 0.44205729166666663 0.037109375 0.04817708333333333
0 0.46826171875 0.33463541666666663 0.0380859375 0.046875
0 0.39697265625 0.466796875 0.0419921875 0.05078125
0 0.5419921875 0.779296875 0.04296875 0.05598958333333333
0 0.09033203125 0.458984375 0.0380859375 0.045572916666666664
0 0.56787109375 0.7623697916666666 0.0419921875 0.05078125
0 0.32080078125 0.224609375 0.0419921875 0.05598958333333333
0 0.205078125 0.662109375 0.03125 0.04036458333333333
0 0.23828125 0.09244791666666666 0.048828125 0.05989583333333333
0 0.24951171875 0.6692708333333333 0.0361328125 0.049479166666666664
0 0.283203125 0.20638020833333331 0.044921875 0.053385416666666664
0 0.04833984375 0.54296875 0.0439453125 0.0546875
0 0.814453125 0.3938802083333333 0.04296875 0.053385416666666664
0 0.38916015625 0.8157552083333333 0.0380859375 0.05078125
0 0.38916015625 0.5364583333333333 0.0302734375 0.046875
