0 0.12375 0.42146596858638746 0.0375 0.05759162303664921
0 0.95625 0.6230366492146597 0.03 0.038394415357766144
0 0.704375 0.7303664921465969 0.03375 0.04712041884816754
0 0.398125 0.5052356020942409 0.051250000000000004 0.07155322862129145
0 0.8175 0.6832460732984293 0.025 0.03664921465968587
0 0.569375 0.49127399650959863 0.04625 0.05759162303664921
0 0.896875 0.6780104712041884 0.02875 0.04013961605584642
0 0.36 0.5750436300174521 0.0525 0.06108202443280977
0 0.50875 0.468586387434555 0.045 0.05759162303664921
0 0.16125 0.13961605584642234 0.0425 0.059336823734729496
0 0.7937500000000001 0.49912739965095987 0.0325 0.038394415357766144
0 0.89125 0.555846422338569 0.035 0.04712041884816754
0 0.213125 0.0924956369982548 0.03125 0.041884816753926704
0 0.599375 0.3917975567190227 0.04875 0.07155322862129145
0 0.4875 0.6553228621291448 0.0325 0.04712041884816754
0 0.735625 0.8368237347294939 0.03375 0.04712041884816754
0 0.868125 0.68760907504363 0.03375 0.041884816753926704
0 0.663125 0.6326352530541013 0.03625 0.0506108202443281
0 0.67875 0.49476439790575916 0.045 0.04363001745200698
0 0.56 0.6055846422338569 0.04 0.05235602094240838
0 0.601875 0.7547993019197208 0.02875 0.04013961605584642
0 0.71125 0.6553228621291448 0.0325 0.04712041884816754
0 0.850625 0.7390924956369983 0.02875 0.04013961605584642
0 0.39 0.24083769633507854 0.045 0.06631762652705062
0 0.61875 0.2940663176265271 0.045 0.06806282722513089
0 0.685 0.5287958115183247 0.0475 0.059336823734729496
0 0.5700000000000001 0.5410122164048866 0.04 0.05235602094240838
0 0.324375 0.44589877835951136 0.04125 0.0506108202443281
0 0.769375 0.4232111692844677 0.04625 0.06457242582897034
