0 0.14097222222222222 0.7967980295566502 0.10694444444444445 0.1896551724137931
0 0.7263888888888889 0.19458128078817735 0.08888888888888889 0.15270935960591134
0 0.7805555555555556 0.06773399014778325 0.09722222222222222 0.13054187192118227
0 0.7125 0.3830049261083744 0.0638888888888889 0.14039408866995073
0 0.7555555555555555 0.3374384236453202 0.08333333333333334 0.13793103448275862
0 0.11944444444444445 0.30049261083743845 0.05 0.07389162561576355
0 0.2423611111111111 0.8620689655172414 0.12916666666666668 0.21182266009852216
0 0.19861111111111113 0.10837438423645321 0.09444444444444444 0.16748768472906403
0 0.8034722222222223 0.4396551724137931 0.08750000000000001 0.11083743842364532
0 0.10625 0.2315270935960591 0.05694444444444444 0.10344827586206896
0 0.06527777777777778 0.12192118226600986 0.058333333333333334 0.11083743842364532
0 0.17847222222222223 0.3694581280788177 0.051388888888888894 0.08374384236453201
0 0.05902777777777778 0.5935960591133005 0.11527777777777778 0.18226600985221675
0 0.39375 0.7229064039408867 0.1513888888888889 0.2438423645320197
0 0.13541666666666669 0.19211822660098524 0.05694444444444444 0.09852216748768473
