0 0.08833333333333333 0.5869565217391305 0.17 0.2028985507246377
0 0.25333333333333335 0.4891304347826087 0.14666666666666667 0.21739130434782608
0 0.6050000000000001 0.7010869565217391 0.14333333333333334 0.17753623188405798
0 0.47000000000000003 0.32971014492753625 0.12666666666666668 0.14492753623188406
0 0.06166666666666667 0.3134057971014493 0.11666666666666667 0.17028985507246377
0 0.395 0.532608695652174 0.16333333333333333 0.2536231884057971
0 0.8650000000000001 0.7373188405797102 0.17666666666666667 0.2282608695652174
0 0.18166666666666667 0.26992753623188404 0.11666666666666667 0.17028985507246377
0 0.6983333333333334 0.8188405797101449 0.16333333333333333 0.2318840579710145
0 0.8450000000000001 0.3605072463768116 0.2566666666666667 0.2282608695652174
0 0.14833333333333334 0.13405797101449277 0.11 0.13043478260869565
