0 0.19305555555555556 0.5297029702970297 0.030555555555555558 0.0594059405940594
0 0.6923611111111111 0.03217821782178218 0.03194444444444445 0.054455445544554455
0 0.7590277777777779 0.11633663366336634 0.03194444444444445 0.04950495049504951
0 0.07083333333333333 0.7289603960396039 0.02777777777777778 0.04702970297029703
0 0.29305555555555557 0.23143564356435645 0.03888888888888889 0.07673267326732673
0 0.8375 0.7004950495049505 0.025 0.054455445544554455
0 0.7583333333333334 0.6113861386138614 0.030555555555555558 0.04455445544554455
0 0.5701388888888889 0.40594059405940597 0.029166666666666667 0.04950495049504951
0 0.5729166666666667 0.9047029702970297 0.029166666666666667 0.04702970297029703
0 0.33472222222222225 0.20420792079207922 0.022222222222222223 0.05198019801980198
0 0.5638888888888889 0.8143564356435644 0.025 0.039603960396039604
0 0.7784722222222222 0.780940594059406 0.034722222222222224 0.06188118811881188
0 0.775 0.8514851485148515 0.03888888888888889 0.06435643564356436
0 0.03194444444444445 0.8675742574257426 0.03333333333333333 0.05693069306930693
0 0.07847222222222222 0.7611386138613861 0.029166666666666667 0.05198019801980198
0 0.06944444444444445 0.40594059405940597 0.030555555555555558 0.04950495049504951
0 0.29444444444444445 0.724009900990099 0.04166666666666667 0.07673267326732673
0 0.7756944444444445 0.35148514851485146 0.04027777777777778 0.06435643564356436
0 0.25833333333333336 0.6113861386138614 0.030555555555555558 0.04455445544554455
0 0.8375 0.20297029702970298 0.025 0.054455445544554455
0 0.53125 0.8675742574257426 0.029166666666666667 0.05198019801980198
0 0.6930555555555555 0.5297029702970297 0.030555555555555558 0.0594059405940594
0 0.7965277777777778 0.7252475247524752 0.04027777777777778 0.07425742574257425
0 0.5694444444444444 0.2363861386138614 0.030555555555555558 0.05693069306930693
0 0.33958333333333335 0.24876237623762376 0.02638888888888889 0.03217821782178218
0 0.06597222222222222 0.8118811881188119 0.02361111111111111 0.039603960396039604
0 0.06319444444444444 0.31435643564356436 0.02361111111111111 0.039603960396039604
0 0.3388888888888889 0.6992574257425742 0.025 0.05693069306930693
0 0.8409722222222222 0.24876237623762376 0.02638888888888889 0.03712871287128713
0 0.19166666666666668 0.03217821782178218 0.030555555555555558 0.0594059405940594
0 0.2569444444444445 0.1150990099009901 0.030555555555555558 0.04702970297029703
0 0.27569444444444446 0.7834158415841584 0.029166666666666667 0.06683168316831684
0 0.7791666666666667 0.2871287128712871 0.03888888888888889 0.0594059405940594
0 0.06875 0.23391089108910892 0.029166666666666667 0.05198019801980198
0 0.7965277777777778 0.23143564356435645 0.04027777777777778 0.07673267326732673
0 0.07152777777777779 0.9034653465346535 0.029166666666666667 0.04950495049504951
0 0.5298611111111111 0.37004950495049505 0.034722222222222224 0.05693069306930693
0 0.02847222222222222 0.37004950495049505 0.03194444444444445 0.05693069306930693
0 0.07152777777777779 0.24752475247524752 0.0375 0.08415841584158416
