0 0.4387755102040816 0.6829622458857696 0.0728862973760933 0.05324298160696999
0 0.7689504373177842 0.6839303000968054 0.06559766763848396 0.04356243949661181
0 0.21355685131195334 0.36737657308809296 0.08600583090379009 0.04356243949661181
0 0.4293002915451895 0.8165537270087125 0.07725947521865889 0.057115198451113264
0 0.7682215743440233 0.9583736689254598 0.0641399416909621 0.0484027105517909
0 0.42128279883381925 0.17328170377541144 0.08163265306122448 0.05614714424007745
0 0.6486880466472303 0.7705711519845112 0.0728862973760933 0.04065827686350436
0 0.19970845481049562 0.7081316553727008 0.0728862973760933 0.04743465634075508
0 0.3673469387755102 0.6239109390125848 0.07871720116618075 0.04549854791868345
0 0.5663265306122449 0.27783155856727976 0.07142857142857142 0.0484027105517909
0 0.08381924198250729 0.4060987415295257 0.08017492711370262 0.04356243949661181
0 0.2164723032069971 0.6606969990319458 0.06559766763848396 0.04356243949661181
0 0.6209912536443148 0.8688286544046467 0.0641399416909621 0.04356243949661181
0 0.6683673469387755 0.6960309777347532 0.06851311953352769 0.04065827686350436
0 0.3469387755102041 0.6868344627299129 0.0728862973760933 0.05324298160696999
0 0.6450437317784257 0.665053242981607 0.0597667638483965 0.036786060019361085
0 0.575801749271137 0.8189738625363021 0.06997084548104957 0.04453049370764763
0 0.4613702623906705 0.5309777347531462 0.07142857142857142 0.04937076476282672
0 0.49489795918367346 0.15876089060987417 0.07434402332361516 0.05808325266214908
0 0.6756559766763849 0.1660212971926428 0.07725947521865889 0.04549854791868345
0 0.3469387755102041 0.7797676669893514 0.0641399416909621 0.04356243949661181
0 0.282798833819242 0.7245885769603098 0.06705539358600583 0.04549854791868345
0 0.8075801749271136 0.6606969990319458 0.06705539358600583 0.04549854791868345
0 0.6122448979591837 0.5343659244917716 0.07871720116618075 0.05614714424007745
