0 0.4444444444444444 0.49196141479099675 0.08 0.1157556270096463
0 0.5911111111111111 0.612540192926045 0.08888888888888889 0.12540192926045016
0 0.25 0.5980707395498392 0.08222222222222222 0.1157556270096463
0 0.7244444444444444 0.03858520900321544 0.06222222222222222 0.0707395498392283
0 0.1688888888888889 0.409967845659164 0.09333333333333334 0.13183279742765272
0 0.57 0.4212218649517685 0.09111111111111111 0.12218649517684887
0 0.4177777777777778 0.6752411575562701 0.07111111111111111 0.10289389067524116
0 0.34 0.5337620578778135 0.08 0.1157556270096463
0 0.8766666666666667 0.17684887459807075 0.08666666666666667 0.1157556270096463
0 0.16444444444444445 0.26688102893890675 0.10666666666666666 0.1414790996784566
