0 0.41162109375 0.650390625 0.0439453125 0.037760416666666664
0 0.78564453125 0.10481770833333333 0.0693359375 0.09505208333333333
0 0.64501953125 0.03515625 0.0634765625 0.06770833333333333
0 0.3369140625 0.666015625 0.04296875 0.04817708333333333
0 0.576171875 0.6184895833333333 0.03515625 0.0390625
0 0.89501953125 0.16276041666666666 0.0771484375 0.09635416666666666
0 0.49072265625 0.064453125 0.0361328125 0.05598958333333333
0 0.2939453125 0.7708333333333333 0.048828125 0.046875
0 0.37646484375 0.7220052083333333 0.0556640625 0.06380208333333333
0 0.2978515625 0.732421875 0.041015625 0.04036458333333333
0 0.2421875 0.08854166666666666 0.044921875 0.05989583333333333
0 0.615234375 0.6106770833333333 0.041015625 0.0546875
0 0.61376953125 0.31705729166666663 0.0673828125 0.08463541666666666
0 0.32763671875 0.7109375 0.0439453125 0.049479166666666664
0 0.37158203125 0.6549479166666666 0.0380859375 0.049479166666666664
0 0.57373046875 0.35807291666666663 0.0595703125 0.0703125
0 0.25244140625 0.736328125 0.0517578125 0.061197916666666664
0 0.5654296875 0.07552083333333333 0.060546875 0.057291666666666664
0 0.6748046875 0.6282552083333333 0.05078125 0.061197916666666664
0 0.45458984375 0.6959635416666666 0.0458984375 0.06380208333333333
0 0.40283203125 0.6940104166666666 0.0537109375 0.07552083333333333
0 0.53857421875 0.5924479166666666 0.0400390625 0.04427083333333333
0 0.47705078125 0.3450520833333333 0.0263671875 0.041666666666666664
0 0.140625 0.2610677083333333 0.03125 0.04036458333333333
