0 0.34375 0.655 0.0975 0.16333333333333333
0 0.928125 0.8308333333333334 0.13375 0.15833333333333335
0 0.371875 0.43833333333333335 0.12625 0.16666666666666669
0 0.12375 0.10416666666666667 0.13 0.15833333333333335
0 0.601875 0.5191666666666667 0.12125 0.13833333333333334
0 0.890625 0.6358333333333334 0.11625 0.14833333333333334
0 0.7925 0.49833333333333335 0.11 0.16666666666666669
0 0.335 0.4991666666666667 0.105 0.14500000000000002
0 0.168125 0.2891666666666667 0.10625 0.15833333333333335
0 0.704375 0.30333333333333334 0.09375 0.12666666666666668
0 0.48125 0.6833333333333333 0.10250000000000001 0.13
0 0.1 0.445 0.1325 0.14666666666666667
0 0.623125 0.22083333333333335 0.12125 0.18500000000000003
0 0.54625 0.20833333333333334 0.08 0.1366666666666667
0 0.34750000000000003 0.6541666666666667 0.10250000000000001 0.15833333333333335
0 0.446875 0.5616666666666666 0.13375 0.19
0 0.251875 0.23833333333333334 0.11875000000000001 0.15666666666666668
0 0.586875 0.6925 0.10125 0.13166666666666668
