0 0.082421875 0.6395833333333334 0.04192708333333333 0.06712962962962964
0 0.5837239583333333 0.5902777777777778 0.02786458333333333 0.049074074074074076
0 0.0390625 0.4826388888888889 0.0375 0.06064814814814815
0 0.6272135416666667 0.5905092592592592 0.03359375 0.052314814814814814
0 0.728125 0.26296296296296295 0.021354166666666667 0.04166666666666667
0 0.05416666666666667 0.5599537037037037 0.036458333333333336 0.051388888888888894
0 0.4251302083333333 0.22916666666666669 0.029427083333333333 0.053703703703703705
0 0.053906249999999996 0.3074074074074074 0.024479166666666666 0.03425925925925926
0 0.5204427083333333 0.3416666666666667 0.03671875 0.06759259259259259
0 0.24010416666666667 0.5083333333333333 0.0359375 0.07777777777777778
0 0.504296875 0.6583333333333333 0.03046875 0.049074074074074076
0 0.393359375 0.700925925925926 0.03567708333333333 0.05277777777777778
0 0.39427083333333335 0.2763888888888889 0.030208333333333334 0.04537037037037037
0 0.7993489583333333 0.8631944444444445 0.028385416666666666 0.04583333333333334
0 0.4251302083333333 0.7416666666666667 0.022135416666666668 0.03981481481481482
0 0.5743489583333333 0.5018518518518519 0.03671875 0.06759259259259259
0 0.45598958333333334 0.6775462962962964 0.034375 0.055092592592592596
0 0.69453125 0.5208333333333334 0.029166666666666667 0.049074074074074076
0 0.46328125 0.2423611111111111 0.0390625 0.0699074074074074
0 0.496484375 0.43194444444444446 0.03203125 0.05
0 0.2791666666666667 0.9752314814814815 0.0359375 0.04953703703703704
0 0.01953125 0.5601851851851852 0.036458333333333336 0.061111111111111116
0 0.6434895833333333 0.7043981481481482 0.03177083333333333 0.059722222222222225
0 0.3846354166666667 0.36041666666666666 0.0328125 0.05601851851851852
0 0.40403645833333335 0.4881944444444445 0.030989583333333334 0.05787037037037037
0 0.40598958333333335 0.1701388888888889 0.0328125 0.05694444444444444
0 0.030729166666666665 0.6935185185185185 0.03229166666666666 0.05
0 0.2649739583333333 0.6488425925925926 0.039322916666666666 0.06898148148148149
0 0.43385416666666665 0.3805555555555556 0.03802083333333333 0.062037037037037036
0 0.6903645833333333 0.4759259259259259 0.02395833333333333 0.03981481481481482
0 0.538671875 0.6777777777777778 0.03046875 0.049074074074074076
0 0.6809895833333334 0.3856481481481482 0.03333333333333333 0.05462962962962963
0 0.5131510416666667 0.5900462962962963 0.029427083333333333 0.05324074074074074
0 0.37734375 0.2111111111111111 0.034375 0.061111111111111116
0 0.07955729166666667 0.48171296296296295 0.03828125 0.06527777777777778
0 0.01328125 0.6506944444444445 0.026041666666666668 0.05324074074074074
