0 0.8420833333333334 0.5683333333333334 0.035833333333333335 0.03222222222222222
0 0.4766666666666667 0.3827777777777778 0.10166666666666667 0.1411111111111111
0 0.5733333333333334 0.43833333333333335 0.08 0.1322222222222222
0 0.51 0.475 0.10833333333333334 0.13444444444444445
0 0.795 0.5316666666666666 0.03833333333333334 0.04111111111111111
0 0.5545833333333333 0.225 0.0325 0.034444444444444444
0 0.5354166666666667 0.20444444444444446 0.0275 0.04666666666666667
0 0.92125 0.2544444444444444 0.04416666666666667 0.051111111111111114
0 0.5045833333333334 0.085 0.0475 0.07222222222222222
0 0.9375000000000001 0.2111111111111111 0.04 0.06
0 0.4054166666666667 0.36 0.10916666666666668 0.13777777777777778
0 0.45625000000000004 0.2777777777777778 0.08083333333333334 0.09333333333333334
0 0.6208333333333333 0.7016666666666667 0.04666666666666667 0.06111111111111111
