0 0.9316666666666668 0.4625 0.060000000000000005 0.045
0 0.9016666666666667 0.56375 0.06666666666666667 0.0475
0 0.9983333333333334 0.166875 0.0033333333333333335 0.04125
0 0.14750000000000002 0.1475 0.058333333333333334 0.0375
0 0.5066666666666667 0.29375 0.06333333333333334 0.045
0 0.2833333333333333 0.2425 0.06666666666666667 0.0475
0 0.9366666666666668 0.37375 0.043333333333333335 0.035
0 0.5333333333333333 0.66 0.043333333333333335 0.0375
0 0.7783333333333334 0.29875 0.05666666666666667 0.0375
0 0.5800000000000001 0.651875 0.04666666666666667 0.03625
0 0.8575 0.236875 0.04833333333333334 0.03625
0 0.30833333333333335 0.52625 0.06333333333333334 0.04
0 0.2325 0.07875 0.08166666666666667 0.06
0 0.6241666666666668 0.35875 0.065 0.0475
0 0.39666666666666667 0.236875 0.08 0.05625
0 0.7983333333333333 0.58375 0.06666666666666667 0.0475
0 0.42250000000000004 0.199375 0.06166666666666667 0.04125
0 0.9225000000000001 0.514375 0.065 0.04625
0 0.9433333333333334 0.17625 0.04666666666666667 0.04
0 0.7366666666666667 0.3275 0.05666666666666667 0.0375
0 0.4733333333333334 0.215 0.05333333333333334 0.0375
0 0.8208333333333334 0.33875 0.06833333333333334 0.0475
0 0.6975 0.3775 0.06833333333333334 0.0475
