0 0.4510416666666667 0.6041666666666667 0.06770833333333333 0.125
0 0.5544270833333333 0.33425925925925926 0.0484375 0.08703703703703704
0 0.3234375 0.6870370370370371 0.04895833333333333 0.08888888888888889
0 0.9177083333333333 0.9412037037037038 0.0375 0.05648148148148149
0 0.18567708333333333 0.48703703703703705 0.0234375 0.0462962962962963
0 0.5786458333333333 0.3976851851851852 0.06354166666666666 0.11944444444444445
0 0.5861979166666667 0.8546296296296296 0.0265625 0.053703703703703705
0 0.2989583333333333 0.6194444444444445 0.07083333333333333 0.10555555555555556
0 0.8578125 0.7990740740740742 0.028125 0.0462962962962963
0 0.22994791666666667 0.41481481481481486 0.0390625 0.07222222222222223
0 0.16875 0.6439814814814815 0.0375 0.062037037037037036
0 0.65859375 0.06620370370370371 0.08802083333333333 0.1287037037037037
0 0.13151041666666666 0.7981481481481482 0.030729166666666665 0.07222222222222223
0 0.8052083333333333 0.8675925925925926 0.051041666666666666 0.09074074074074075
0 0.1796875 0.49259259259259264 0.040625 0.06296296296296297
0 0.23541666666666666 0.4375 0.01875 0.03425925925925926
0 0.98671875 0.45416666666666666 0.0265625 0.075
0 0.165625 0.9537037037037037 0.057291666666666664 0.08888888888888889
0 0.16692708333333334 0.46944444444444444 0.0234375 0.040740740740740744
0 0.8114583333333333 0.612037037037037 0.029166666666666667 0.053703703703703705
0 0.13567708333333334 0.687962962962963 0.0359375 0.05740740740740741
0 0.03203125 0.5143518518518518 0.027604166666666666 0.04537037037037037
0 0.8861979166666667 0.26944444444444443 0.06614583333333333 0.11296296296296297
0 0.37473958333333335 0.6787037037037037 0.06197916666666667 0.09444444444444444
