0 0.85 0.486 0.06 0.048
0 0.152 0.28700000000000003 0.042666666666666665 0.028
0 0.7433333333333333 0.41200000000000003 0.05466666666666666 0.042
0 0.45399999999999996 0.4025 0.04133333333333333 0.037
0 0.052 0.849 0.10133333333333333 0.084
0 0.3433333333333333 0.1085 0.044 0.037
0 0.2733333333333333 0.2225 0.032 0.027
0 0.31666666666666665 0.522 0.052 0.036000000000000004
0 0.27999999999999997 0.044 0.048 0.04
0 0.832 0.524 0.058666666666666666 0.042
0 0.8686666666666666 0.5455 0.052 0.039
0 0.266 0.4925 0.06266666666666666 0.051000000000000004
0 0.5346666666666666 0.4045 0.05333333333333333 0.037
0 0.142 0.466 0.06266666666666666 0.046
0 0.164 0.4955 0.05333333333333333 0.037
0 0.372 0.0585 0.048 0.041
0 0.24 0.2095 0.03733333333333333 0.031
0 0.946 0.5075000000000001 0.06533333333333333 0.049
0 0.4713333333333333 0.2475 0.03866666666666667 0.029
0 0.33 0.2175 0.03866666666666667 0.031
0 0.902 0.47050000000000003 0.06533333333333333 0.049
0 0.19133333333333333 0.2755 0.03866666666666667 0.027
