0 0.244375 0.539612676056338 0.02375 0.03697183098591549
0 0.686875 0.5325704225352113 0.04125 0.061619718309859156
0 0.39687500000000003 0.5140845070422535 0.051250000000000004 0.07394366197183098
0 0.896875 0.6848591549295775 0.02875 0.03873239436619719
0 0.18812500000000001 0.5 0.03375 0.045774647887323945
0 0.791875 0.5035211267605634 0.02875 0.03873239436619719
0 0.56 0.608274647887324 0.0375 0.051056338028169015
0 0.95375 0.6285211267605634 0.0325 0.035211267605633804
0 0.27625 0.8080985915492958 0.0325 0.045774647887323945
0 0.8275 0.647887323943662 0.0275 0.035211267605633804
0 0.21125 0.09330985915492958 0.0325 0.04225352112676056
0 0.5700000000000001 0.4894366197183099 0.0475 0.0528169014084507
0 0.704375 0.733274647887324 0.03625 0.04753521126760563
0 0.599375 0.39084507042253525 0.04625 0.06338028169014084
0 0.61875 0.29313380281690143 0.0475 0.06866197183098592
0 0.075625 0.4330985915492958 0.043750000000000004 0.06338028169014084
0 0.15937500000000002 0.13996478873239437 0.04125 0.058098591549295774
0 0.388125 0.24471830985915494 0.043750000000000004 0.06690140845070423
0 0.511875 0.4709507042253521 0.04125 0.058098591549295774
0 0.486875 0.6575704225352113 0.03375 0.04753521126760563
0 0.850625 0.7491197183098591 0.02875 0.03697183098591549
0 0.89 0.5633802816901409 0.0375 0.04929577464788733
0 0.034375 0.26848591549295775 0.03625 0.04753521126760563
0 0.77 0.4269366197183099 0.0475 0.06866197183098592
0 0.664375 0.6373239436619719 0.03625 0.0528169014084507
0 0.031875 0.45774647887323944 0.03625 0.04225352112676056
0 0.855625 0.6549295774647887 0.02875 0.03873239436619719
0 0.4 0.12235915492957747 0.05 0.07570422535211267
0 0.125 0.4198943661971831 0.045 0.0721830985915493
0 0.359375 0.5792253521126761 0.051250000000000004 0.06338028169014084
0 0.711875 0.6558098591549296 0.03375 0.04753521126760563
0 0.734375 0.8406690140845071 0.03625 0.04753521126760563
0 0.869375 0.6927816901408451 0.03125 0.040492957746478875
