0 0.2988165680473373 0.3764135702746365 0.08481262327416174 0.07431340872374799
0 0.9092702169625247 0.6890145395799677 0.07889546351084813 0.06623586429725364
0 0.7948717948717949 0.8505654281098547 0.07100591715976332 0.05654281098546042
0 0.7544378698224853 0.821486268174475 0.08086785009861934 0.0630048465266559
0 0.539447731755424 0.42972536348949925 0.08875739644970415 0.07431340872374799
0 0.4240631163708087 0.31179321486268174 0.07889546351084813 0.06138933764135703
0 0.7919132149901381 0.5751211631663975 0.07692307692307693 0.06138933764135703
0 0.2603550295857988 0.6567043618739904 0.09861932938856016 0.07592891760904685
0 0.3451676528599606 0.42084006462035545 0.08284023668639054 0.05977382875605816
0 0.08579881656804735 0.5807754442649435 0.10848126232741617 0.08239095315024234
