0 0.23884615384615385 0.6005208333333333 0.09769230769230769 0.134375
0 0.5276923076923077 0.3921875 0.08461538461538462 0.11770833333333333
0 0.7223076923076923 0.5677083333333334 0.07692307692307693 0.11458333333333333
0 0.715 0.8520833333333333 0.0823076923076923 0.10833333333333334
0 0.5038461538461538 0.496875 0.07846153846153846 0.10416666666666667
0 0.2815384615384615 0.4515625 0.09384615384615384 0.134375
0 0.6953846153846154 0.6484375 0.08 0.096875
0 0.27076923076923076 0.7114583333333333 0.10307692307692308 0.14166666666666666
0 0.20846153846153845 0.45625 0.07076923076923076 0.10208333333333333
0 0.3830769230769231 0.8666666666666667 0.10153846153846154 0.07916666666666666
0 0.33653846153846156 0.15260416666666665 0.08384615384615385 0.121875
0 0.20076923076923076 0.3567708333333333 0.07076923076923076 0.090625
0 0.17692307692307693 0.7104166666666667 0.09230769230769231 0.1375
0 0.29653846153846153 0.22916666666666666 0.07 0.1125
0 0.13384615384615384 0.8635416666666667 0.09230769230769231 0.08541666666666667
0 0.37153846153846154 0.253125 0.07692307692307693 0.10416666666666667
0 0.6434615384615384 0.871875 0.07923076923076923 0.06875
0 0.6353846153846154 0.4875 0.07846153846153846 0.10416666666666667
0 0.3546153846153846 0.6697916666666667 0.09230769230769231 0.1375
0 0.4411538461538462 0.4161458333333333 0.08384615384615385 0.11979166666666667
0 0.1753846153846154 0.5375 0.09692307692307692 0.12291666666666666
