0 0.19479166666666667 0.5209375 0.07291666666666667 0.106875
0 0.8450000000000001 0.5315625 0.06583333333333334 0.095625
0 0.8250000000000001 0.15156250000000002 0.09416666666666668 0.148125
0 0.3775 0.665 0.07500000000000001 0.11625
0 0.96625 0.7353125 0.06583333333333334 0.089375
0 0.14291666666666666 0.558125 0.07333333333333333 0.12125
0 0.8064583333333334 0.52 0.05625 0.09875
0 0.6472916666666667 0.565625 0.08125 0.125
0 0.36270833333333335 0.5040625 0.08041666666666668 0.139375
0 0.08875000000000001 0.0865625 0.07500000000000001 0.091875
0 0.7033333333333334 0.6696875 0.06333333333333334 0.106875
0 0.6950000000000001 0.0859375 0.095 0.153125
0 0.5281250000000001 0.29 0.09458333333333334 0.14
0 0.47395833333333337 0.5396875 0.07125000000000001 0.115625
0 0.5906250000000001 0.2303125 0.08458333333333334 0.145625
0 0.5875 0.8221875000000001 0.0675 0.115625
0 0.2804166666666667 0.635625 0.07333333333333333 0.0975
0 0.2635416666666667 0.258125 0.10458333333333333 0.14
0 0.790625 0.64125 0.06375 0.0925
0 0.6522916666666667 0.675 0.08125 0.125
0 0.08687500000000001 0.7534375 0.06375 0.12562500000000001
