0 0.6531250000000001 0.6440501043841336 0.20625000000000002 0.2609603340292275
0 0.15546875000000002 0.10125260960334029 0.2609375 0.1983298538622129
0 0.33828125000000003 0.34237995824634654 0.29531250000000003 0.43006263048016696
0 0.3984375 0.5490605427974947 0.203125 0.22964509394572022
0 0.46328125000000003 0.7818371607515657 0.1859375 0.21085594989561585
0 0.56953125 0.5626304801670146 0.18906250000000002 0.2860125260960334
0 0.09609375 0.5260960334029227 0.18906250000000002 0.3590814196242171
0 0.9171875 0.9029227557411272 0.16562500000000002 0.19415448851774528
0 0.6843750000000001 0.34446764091858034 0.16562500000000002 0.29645093945720247
0 0.7156250000000001 0.8079331941544884 0.19375 0.26304801670146133
