0 0.806640625 0.4140625 0.109375 0.15625
0 0.39697265625 0.8274739583333333 0.0927734375 0.12630208333333331
0 0.61962890625 0.8717447916666666 0.0791015625 0.10286458333333333
0 0.53515625 0.580078125 0.091796875 0.14973958333333331
0 0.494140625 0.8509114583333333 0.08203125 0.11848958333333333
0 0.08935546875 0.7604166666666666 0.0888671875 0.11197916666666666
0 0.46142578125 0.43033854166666663 0.0810546875 0.08723958333333333
0 0.5830078125 0.2610677083333333 0.119140625 0.17057291666666666
0 0.74755859375 0.5169270833333333 0.0322265625 0.0546875
0 0.37548828125 0.4524739583333333 0.0849609375 0.13671875
0 0.2841796875 0.45572916666666663 0.09765625 0.13020833333333331
0 0.1484375 0.11263020833333333 0.068359375 0.07421875
0 0.248046875 0.7395833333333333 0.08984375 0.11197916666666666
0 0.87939453125 0.6868489583333333 0.0693359375 0.05598958333333333
0 0.92822265625 0.763671875 0.0615234375 0.06380208333333333
0 0.2490234375 0.8606770833333333 0.064453125 0.09895833333333333
0 0.14013671875 0.5006510416666666 0.0341796875 0.05598958333333333
0 0.89892578125 0.72265625 0.0556640625 0.05208333333333333
0 0.974609375 0.7584635416666666 0.048828125 0.05859375
0 0.48388671875 0.9641927083333333 0.0361328125 0.07161458333333333
