0 0.4949074074074074 0.6013888888888889 0.049074074074074076 0.08888888888888889
0 0.1337962962962963 0.26875 0.04537037037037037 0.07361111111111111
0 0.6041666666666667 0.5361111111111111 0.05462962962962963 0.09444444444444444
0 0.7847222222222222 0.07083333333333333 0.06574074074074074 0.11666666666666667
0 0.6967592592592593 0.08402777777777778 0.04722222222222222 0.05416666666666667
0 0.9527777777777778 0.28958333333333336 0.02592592592592593 0.0375
0 0.9717592592592593 0.3715277777777778 0.025 0.04027777777777778
0 0.7245370370370371 0.325 0.02314814814814815 0.05
0 0.17407407407407408 0.6798611111111111 0.03333333333333333 0.0625
0 0.6337962962962963 0.16111111111111112 0.062037037037037036 0.10833333333333334
0 0.7069444444444445 0.5291666666666667 0.049074074074074076 0.08611111111111111
0 0.6481481481481481 0.757638888888889 0.02592592592592593 0.0375
0 0.8560185185185185 0.08055555555555556 0.075 0.1277777777777778
0 0.9444444444444445 0.5854166666666667 0.02777777777777778 0.043055555555555555
0 0.11574074074074074 0.27222222222222225 0.07407407407407407 0.075
0 0.1962962962962963 0.45555555555555555 0.031481481481481485 0.0638888888888889
0 0.7430555555555556 0.28055555555555556 0.025 0.044444444444444446
0 0.06018518518518519 0.37569444444444444 0.04259259259259259 0.0763888888888889
0 0.9222222222222223 0.28402777777777777 0.024074074074074074 0.04027777777777778
0 0.9333333333333333 0.5458333333333334 0.02777777777777778 0.04722222222222222
0 0.9273148148148148 0.6375000000000001 0.030555555555555558 0.04722222222222222
0 0.9023148148148149 0.33263888888888893 0.02314814814814815 0.034722222222222224
0 0.16435185185185186 0.44236111111111115 0.03796296296296296 0.051388888888888894
0 0.6949074074074074 0.10555555555555556 0.05092592592592593 0.075
