0 0.27155172413793105 0.3689655172413793 0.10862068965517241 0.07586206896551724
0 0.44655172413793104 0.5732758620689655 0.0896551724137931 0.06379310344827586
0 0.49741379310344824 0.38189655172413794 0.09482758620689655 0.06379310344827586
0 0.2810344827586207 0.453448275862069 0.06206896551724138 0.04827586206896552
0 0.6189655172413793 0.5853448275862069 0.0896551724137931 0.06379310344827586
0 0.6517241379310345 0.5198275862068965 0.08620689655172414 0.06379310344827586
0 0.3629310344827586 0.3594827586206896 0.07758620689655173 0.06034482758620689
0 0.43189655172413793 0.6103448275862069 0.08448275862068966 0.041379310344827586
0 0.4043103448275862 0.24655172413793103 0.08448275862068966 0.05172413793103448
0 0.36982758620689654 0.49310344827586206 0.06724137931034482 0.04827586206896552
0 0.2189655172413793 0.44655172413793104 0.08275862068965517 0.06551724137931034
