0 0.61 0.07125000000000001 0.04 0.0625
0 0.7366666666666667 0.50125 0.03666666666666667 0.0425
0 0.3191666666666667 0.67875 0.045000000000000005 0.0775
0 0.7966666666666667 0.5075000000000001 0.05333333333333334 0.075
0 0.125 0.6375000000000001 0.043333333333333335 0.055
0 0.4808333333333334 0.35375 0.04833333333333334 0.0675
0 0.08666666666666667 0.8375 0.043333333333333335 0.055
0 0.035 0.64 0.043333333333333335 0.055
0 0.44083333333333335 0.23375 0.04166666666666667 0.0625
0 0.6958333333333334 0.15625 0.04833333333333334 0.0775
0 0.2041666666666667 0.04125 0.04833333333333334 0.0675
0 0.22 0.64125 0.04 0.0575
0 0.28750000000000003 0.08 0.058333333333333334 0.09
0 0.8833333333333334 0.8462500000000001 0.07333333333333333 0.0975
