0 0.5202898550724637 0.5773195876288659 0.0782608695652174 0.11855670103092783
0 0.3847826086956522 0.8247422680412371 0.10289855072463769 0.18556701030927836
0 0.9289855072463769 0.47164948453608246 0.0927536231884058 0.16494845360824742
0 0.47246376811594204 0.125 0.11014492753623188 0.21391752577319587
0 0.5036231884057971 0.720360824742268 0.08550724637681159 0.14690721649484537
0 0.14782608695652175 0.21649484536082475 0.13043478260869565 0.2268041237113402
0 0.2536231884057971 0.7938144329896907 0.0927536231884058 0.16494845360824742
0 0.7992753623188406 0.11082474226804123 0.10289855072463769 0.15979381443298968
0 0.3492753623188406 0.31572164948453607 0.04057971014492753 0.05412371134020619
0 0.372463768115942 0.1095360824742268 0.08985507246376812 0.15721649484536082
0 0.527536231884058 0.8672680412371134 0.0927536231884058 0.15721649484536082
