0 0.048828125 0.5673611111111111 0.09609375 0.19861111111111113
0 0.96875 0.08680555555555555 0.0625 0.08194444444444444
0 0.4546875 0.7590277777777779 0.1390625 0.27083333333333337
0 0.576171875 0.43472222222222223 0.14140625 0.20277777777777778
0 0.892578125 0.075 0.09921875000000001 0.14722222222222223
0 0.386328125 0.5402777777777777 0.15546875000000002 0.17222222222222222
0 0.389453125 0.4152777777777778 0.12421875 0.1638888888888889
0 0.6921875000000001 0.40347222222222223 0.0859375 0.14027777777777778
0 0.22812500000000002 0.8993055555555556 0.1703125 0.19305555555555556
0 0.8285156250000001 0.5743055555555556 0.17578125 0.27083333333333337
0 0.43515625 0.23819444444444446 0.1078125 0.1625
0 0.93515625 0.7493055555555556 0.1296875 0.3041666666666667
0 0.786328125 0.8618055555555556 0.15546875000000002 0.2625
0 0.041796875000000004 0.7236111111111111 0.08203125 0.22222222222222224
0 0.59609375 0.1736111111111111 0.1328125 0.18333333333333335
0 0.302734375 0.7416666666666667 0.18046875 0.3027777777777778
0 0.1765625 0.5659722222222222 0.1859375 0.35694444444444445
0 0.072265625 0.8993055555555556 0.14296875 0.2013888888888889
0 0.6101562500000001 0.28402777777777777 0.13125 0.19861111111111113
0 0.338671875 0.27569444444444446 0.07421875 0.10972222222222222
