0 0.2584635416666667 0.33217592592592593 0.01953125 0.038425925925925926
0 0.6765625 0.5766203703703704 0.058854166666666666 0.08657407407407408
0 0.52109375 0.33055555555555555 0.04583333333333333 0.06666666666666667
0 0.1046875 0.5821759259259259 0.04791666666666666 0.07175925925925926
0 0.29205729166666666 0.3560185185185185 0.02005208333333333 0.03425925925925926
0 0.33229166666666665 0.21805555555555556 0.028125 0.040740740740740744
0 0.5828125 0.0912037037037037 0.05572916666666666 0.09074074074074075
0 0.3140625 0.2701388888888889 0.022916666666666665 0.04212962962962963
0 0.03763020833333333 0.46435185185185185 0.04192708333333333 0.0787037037037037
0 0.6389322916666667 0.4983796296296297 0.06536458333333334 0.10972222222222222
0 0.042317708333333336 0.7037037037037037 0.037760416666666664 0.053703703703703705
0 0.3494791666666667 0.20347222222222222 0.022916666666666665 0.04212962962962963
0 0.494921875 0.24814814814814815 0.05234375 0.08611111111111111
0 0.14778645833333334 0.6002314814814815 0.04296875 0.06898148148148149
0 0.30494791666666665 0.22222222222222224 0.028125 0.040740740740740744
0 0.7057291666666666 0.8025462962962964 0.022395833333333334 0.03657407407407408
0 0.48216145833333335 0.5962962962962963 0.05234375 0.08611111111111111
0 0.26341145833333335 0.47731481481481486 0.04088541666666667 0.05185185185185186
0 0.5348958333333333 0.8930555555555556 0.021875 0.04351851851851852
0 0.09375 0.4391203703703704 0.03697916666666667 0.06157407407407408
0 0.5587239583333333 0.8023148148148148 0.024739583333333332 0.04722222222222222
0 0.12799479166666666 0.8143518518518519 0.03515625 0.05648148148148149
0 0.583984375 0.6282407407407408 0.026822916666666665 0.05648148148148149
0 0.5865885416666666 0.812962962962963 0.01953125 0.036111111111111115
0 0.6877604166666667 0.16296296296296298 0.06041666666666667 0.0925925925925926
0 0.5119791666666667 0.15486111111111112 0.05364583333333333 0.08101851851851852
