0 0.11730769230769231 0.6560773480662984 0.08846153846153847 0.11325966850828728
0 0.5067307692307692 0.3356353591160221 0.051923076923076926 0.09668508287292818
0 0.6163461538461539 0.7803867403314917 0.08653846153846154 0.12430939226519336
0 0.5528846153846154 0.39364640883977897 0.06346153846153846 0.09116022099447513
0 0.3307692307692308 0.18646408839779005 0.08846153846153847 0.12430939226519336
0 0.4086538461538462 0.649171270718232 0.0903846153846154 0.14917127071823205
0 0.8038461538461539 0.7002762430939227 0.08076923076923077 0.11878453038674033
0 0.13365384615384615 0.04143646408839779 0.07115384615384615 0.07734806629834254
0 0.4326923076923077 0.9171270718232044 0.1 0.15469613259668508
0 0.2278846153846154 0.5759668508287292 0.06730769230769232 0.0856353591160221
