0 0.5608695652173913 0.5754352030947776 0.034782608695652174 0.04448742746615087
0 0.30434782608695654 0.6895551257253385 0.028985507246376812 0.0367504835589942
0 0.39710144927536234 0.4835589941972921 0.04927536231884058 0.06963249516441006
0 0.8565217391304348 0.6179883945841392 0.026086956521739132 0.03288201160541586
0 0.7101449275362319 0.6247582205029013 0.034782608695652174 0.04642166344294004
0 0.8898550724637682 0.5319148936170213 0.03768115942028986 0.04642166344294004
0 0.07246376811594203 0.41005802707930367 0.0463768115942029 0.061895551257253385
0 0.5695652173913044 0.4671179883945841 0.0463768115942029 0.05222437137330754
0 0.48840579710144927 0.6237911025145068 0.034782608695652174 0.04448742746615087
0 0.6840579710144927 0.5029013539651838 0.0463768115942029 0.058027079303675046
0 0.4782608695652174 0.29497098646034814 0.028985507246376812 0.03288201160541586
0 0.20869565217391306 0.08897485493230174 0.026086956521739132 0.03868471953578337
0 0.8173913043478261 0.6508704061895552 0.026086956521739132 0.03288201160541586
0 0.03260869565217391 0.43133462282398455 0.036231884057971016 0.03868471953578337
0 0.18840579710144928 0.47678916827852996 0.03768115942028986 0.05222437137330754
0 0.7702898550724637 0.402321083172147 0.04492753623188406 0.058027079303675046
0 0.5978260869565217 0.3723404255319149 0.050724637681159424 0.06769825918762089
0 0.15942028985507248 0.13056092843326886 0.04057971014492753 0.05609284332688588
0 0.6195652173913043 0.2804642166344294 0.04492753623188406 0.058027079303675046
0 0.8942028985507247 0.6460348162475822 0.028985507246376812 0.03868471953578337
0 0.5094202898550725 0.4497098646034816 0.04782608695652174 0.059961315280464215
0 0.8681159420289856 0.655705996131528 0.03188405797101449 0.0425531914893617
0 0.12173913043478261 0.3994197292069632 0.04057971014492753 0.06769825918762089
0 0.7036231884057971 0.6972920696324951 0.036231884057971016 0.04835589941972921
0 0.8478260869565217 0.7088974854932302 0.026086956521739132 0.03288201160541586
0 0.7355072463768116 0.7978723404255319 0.03333333333333333 0.04448742746615087
0 0.4702898550724638 0.5386847195357833 0.030434782608695653 0.04448742746615087
0 0.5681159420289855 0.5164410058027079 0.03768115942028986 0.04642166344294004
0 0.36086956521739133 0.5473887814313346 0.04927536231884058 0.061895551257253385
0 0.8289855072463769 0.6141199226305609 0.026086956521739132 0.03288201160541586
0 0.32318840579710145 0.4274661508704062 0.043478260869565216 0.058027079303675046
0 0.38768115942028986 0.23017408123791103 0.042028985507246375 0.061895551257253385
0 0.3992753623188406 0.11315280464216634 0.0536231884057971 0.07156673114119923
0 0.2739130434782609 0.7669245647969052 0.028985507246376812 0.0367504835589942
