0 0.7614035087719299 0.18384074941451992 0.0736842105263158 0.10070257611241218
0 0.11403508771929825 0.7669789227166276 0.11578947368421053 0.16627634660421545
0 0.5868421052631579 0.3395784543325527 0.04736842105263158 0.0702576112412178
0 0.5885964912280702 0.4847775175644028 0.04736842105263158 0.06557377049180328
0 0.7429824561403509 0.49765807962529274 0.07192982456140351 0.08196721311475409
0 0.6657894736842105 0.5304449648711944 0.043859649122807015 0.06323185011709602
0 0.6017543859649123 0.6358313817330211 0.0456140350877193 0.053864168618266976
0 0.5166666666666667 0.6545667447306791 0.054385964912280704 0.06791569086651054
0 0.4114035087719298 0.04566744730679157 0.0824561403508772 0.08665105386416862
0 0.5535087719298246 0.3770491803278688 0.04736842105263158 0.0702576112412178
0 0.5947368421052631 0.5737704918032787 0.06666666666666667 0.06088992974238876
0 0.8035087719298246 0.6030444964871194 0.052631578947368425 0.06791569086651054
0 0.3201754385964912 0.6428571428571429 0.07192982456140351 0.09133489461358314
0 0.19824561403508772 0.734192037470726 0.13333333333333333 0.16627634660421545
0 0.662280701754386 0.6088992974238876 0.05087719298245614 0.06088992974238876
0 0.9596491228070175 0.28688524590163933 0.07719298245614035 0.11475409836065574
0 0.05701754385964913 0.5690866510538641 0.11052631578947368 0.17798594847775176
0 0.2929824561403509 0.4953161592505855 0.056140350877192984 0.10070257611241218
0 0.41403508771929826 0.3770491803278688 0.06666666666666667 0.09836065573770492
0 0.5692982456140351 0.7962529274004684 0.054385964912280704 0.06557377049180328
0 0.9421052631578948 0.08313817330210772 0.07719298245614035 0.1053864168618267
0 0.9035087719298246 0.39227166276346603 0.07719298245614035 0.09601873536299765
0 0.7578947368421053 0.7669789227166276 0.056140350877192984 0.07259953161592506
0 0.05175438596491228 0.8208430913348946 0.1 0.13817330210772832
0 0.874561403508772 0.47306791569086654 0.07192982456140351 0.08899297423887588
0 0.32456140350877194 0.7892271662763466 0.10526315789473685 0.1358313817330211
0 0.7859649122807018 0.3875878220140515 0.06666666666666667 0.08196721311475409
0 0.7859649122807018 0.8231850117096019 0.056140350877192984 0.07259953161592506
0 0.8692982456140351 0.5749414519906323 0.07543859649122807 0.09133489461358314
0 0.16403508771929826 0.5971896955503513 0.11052631578947368 0.15456674473067916
0 0.443859649122807 0.2423887587822014 0.06666666666666667 0.1053864168618267
0 0.8596491228070176 0.07728337236533958 0.08771929824561403 0.09367681498829039
0 0.8570175438596491 0.32201405152224827 0.07543859649122807 0.09133489461358314
0 0.4087719298245614 0.49414519906323184 0.07017543859649122 0.09367681498829039
0 0.37456140350877193 0.5187353629976581 0.06140350877192983 0.07728337236533958
0 0.3815789473684211 0.265807962529274 0.09298245614035087 0.11943793911007025
0 0.20087719298245615 0.2259953161592506 0.11403508771929825 0.14754098360655737
0 0.19035087719298247 0.3594847775175644 0.054385964912280704 0.07259953161592506
0 0.5473684210526316 0.2459016393442623 0.052631578947368425 0.07494145199063232
0 0.2105263157894737 0.42505854800936765 0.05964912280701754 0.08665105386416862
0 0.5429824561403509 0.45550351288056207 0.04035087719298246 0.06323185011709602
0 0.5570175438596491 0.7166276346604216 0.054385964912280704 0.06557377049180328
0 0.9377192982456141 0.4765807962529274 0.0649122807017544 0.08665105386416862
0 0.3929824561403509 0.8360655737704918 0.06315789473684211 0.08430913348946135
