0 0.29432624113475175 0.6445454545454545 0.06855791962174941 0.10727272727272727
0 0.031323877068557916 0.8418181818181818 0.06028368794326241 0.09818181818181818
0 0.8617021276595744 0.6045454545454545 0.07565011820330969 0.12181818181818181
0 0.3486997635933806 0.7254545454545455 0.06382978723404255 0.10545454545454545
0 0.31560283687943264 0.5881818181818181 0.06382978723404255 0.1
0 0.23936170212765956 0.4718181818181818 0.05319148936170213 0.09636363636363636
0 0.4078014184397163 0.3936363636363636 0.07092198581560283 0.11454545454545455
0 0.4568557919621749 0.7136363636363636 0.05555555555555555 0.10727272727272727
0 0.40011820330969267 0.7827272727272727 0.07210401891252954 0.10727272727272727
0 0.4923167848699763 0.3427272727272727 0.07446808510638298 0.10363636363636364
0 0.022458628841607563 0.9381818181818182 0.0425531914893617 0.11272727272727273
0 0.8333333333333333 0.6927272727272727 0.06855791962174941 0.10181818181818182
0 0.31560283687943264 0.09 0.07092198581560283 0.10727272727272727
0 0.2641843971631206 0.8936363636363637 0.04373522458628842 0.08181818181818182
0 0.43853427895981084 0.20909090909090908 0.05437352245862884 0.08727272727272728
0 0.3043735224586288 0.6190909090909091 0.07210401891252954 0.12181818181818181
0 0.789598108747045 0.6072727272727273 0.06855791962174941 0.11636363636363636
0 0.060874704491725766 0.8163636363636364 0.06501182033096926 0.10909090909090909
0 0.12529550827423167 0.6809090909090909 0.044917257683215125 0.08181818181818182
0 0.11643026004728133 0.4127272727272727 0.0673758865248227 0.09090909090909091
0 0.23995271867612292 0.4509090909090909 0.05200945626477541 0.04727272727272727
0 0.3380614657210402 0.21727272727272728 0.07801418439716312 0.1290909090909091
0 0.41252955082742315 0.6881818181818182 0.06855791962174941 0.11090909090909092
0 0.30141843971631205 0.8390909090909091 0.06619385342789598 0.10363636363636364
