0 0.7041666666666666 0.4475 0.058333333333333334 0.045
0 0.21458333333333332 0.765 0.12083333333333333 0.095
0 0.5270833333333333 0.76 0.11666666666666667 0.09
0 0.5125 0.52375 0.1375 0.10250000000000001
0 0.475 0.24125 0.11666666666666667 0.10250000000000001
0 0.771875 0.38625 0.06875 0.0525
0 0.60625 0.26625 0.0875 0.0625
0 0.4197916666666667 0.555 0.09375 0.085
0 0.28541666666666665 0.91625 0.1125 0.0925
0 0.53125 0.68 0.11666666666666667 0.065
0 0.4125 0.395 0.08333333333333333 0.08
0 0.22291666666666665 0.45625 0.1375 0.10250000000000001
0 0.7583333333333333 0.25 0.058333333333333334 0.045
0 0.9385416666666666 0.15625 0.11875 0.08750000000000001
0 0.16875 0.24875 0.12083333333333333 0.10250000000000001
0 0.40729166666666666 0.16375 0.06458333333333333 0.0925
