0 0.24544270833333331 0.5576171875 0.11328125 0.06640625
0 0.26236979166666663 0.03955078125 0.13671875 0.0771484375
0 0.15234375 0.86865234375 0.1328125 0.0908203125
0 0.6315104166666666 0.79541015625 0.11979166666666666 0.0849609375
0 0.39322916666666663 0.1806640625 0.0703125 0.048828125
0 0.27408854166666663 0.119140625 0.13671875 0.078125
0 0.705078125 0.50537109375 0.09244791666666666 0.0771484375
0 0.4134114583333333 0.35791015625 0.12890625 0.0869140625
0 0.5397135416666666 0.34375 0.10026041666666666 0.060546875
0 0.47330729166666663 0.44580078125 0.09244791666666666 0.0849609375
0 0.6770833333333333 0.22802734375 0.13020833333333331 0.0830078125
0 0.14453125 0.49365234375 0.07552083333333333 0.0869140625
0 0.130859375 0.3916015625 0.10026041666666666 0.078125
0 0.21484375 0.50048828125 0.09895833333333333 0.0771484375
0 0.8802083333333333 0.23193359375 0.13020833333333331 0.0966796875
0 0.5013020833333333 0.82275390625 0.13020833333333331 0.0830078125
0 0.23046875 0.3564453125 0.10416666666666666 0.087890625
0 0.619140625 0.4365234375 0.09765625 0.078125
0 0.5123697916666666 0.5283203125 0.14713541666666666 0.10546875
0 0.4427083333333333 0.22998046875 0.140625 0.1005859375
0 0.6953125 0.70849609375 0.11979166666666666 0.0849609375
