0 0.4486111111111111 0.6697530864197531 0.1212962962962963 0.11975308641975309
0 0.4476851851851852 0.6679012345679012 0.125 0.11358024691358025
0 0.8046296296296297 0.32222222222222224 0.06296296296296297 0.05925925925925926
0 0.7342592592592593 0.6845679012345679 0.07037037037037037 0.0654320987654321
0 0.7703703703703704 0.5641975308641975 0.06481481481481481 0.0691358024691358
0 0.25324074074074077 0.6703703703703704 0.125 0.11358024691358025
0 0.47314814814814815 0.3512345679012346 0.05555555555555556 0.06049382716049383
0 0.6541666666666667 0.745679012345679 0.09907407407407408 0.09382716049382715
0 0.3050925925925926 0.3790123456790123 0.1175925925925926 0.11604938271604938
0 0.6865740740740741 0.5790123456790124 0.09907407407407408 0.09382716049382715
0 0.6018518518518519 0.5623456790123457 0.09444444444444444 0.09753086419753086
0 0.9097222222222222 0.4882716049382716 0.06574074074074074 0.06296296296296296
0 0.21064814814814817 0.3672839506172839 0.09166666666666667 0.11728395061728394
0 0.4740740740740741 0.4604938271604938 0.10555555555555556 0.10864197530864197
0 0.25925925925925924 0.8123456790123457 0.1425925925925926 0.1308641975308642
