0 0.6693002257336342 0.5131244707874683 0.0801354401805869 0.11515664690939881
0 0.5237020316027088 0.5834038950042337 0.08803611738148984 0.1371718882303133
0 0.612020316027088 0.4635901778154107 0.07731376975169299 0.10245554614733277
0 0.8896726862302482 0.6075359864521591 0.0626410835214447 0.09568162574089754
0 0.6241534988713318 0.7794242167654529 0.08239277652370203 0.12108382726502963
0 0.5361173814898419 0.9419983065198984 0.07336343115124153 0.10584250635055038
0 0.6458803611738149 0.2972057578323455 0.07844243792325056 0.10499576629974597
0 0.753668171557562 0.5453005927180355 0.06038374717832957 0.08975444538526672
0 0.08831828442437922 0.9479254868755291 0.06151241534988713 0.0872142252328535
0 0.4858916478555304 0.3945808636748518 0.07900677200902934 0.11007620660457239
0 0.9088600451467268 0.9149026248941574 0.08182844243792324 0.11939034716342083
0 0.45908577878103835 0.2540220152413209 0.10553047404063204 0.15580016934801016
0 0.5344243792325056 0.8450465707027942 0.08690744920993228 0.12870448772226925
0 0.6216139954853273 0.5139712108382727 0.019751693002257334 0.057578323454699404
0 0.1721218961625282 0.6685012701100762 0.08126410835214447 0.11939034716342083
0 0.35976297968397286 0.21507197290431837 0.11117381489841986 0.1710414902624894
0 0.7104966139954852 0.43691786621507195 0.08239277652370203 0.11007620660457239
0 0.2584650112866817 0.7142252328535139 0.07336343115124153 0.11600338696020321
0 0.45993227990970653 0.506350550381033 0.09593679458239276 0.12870448772226925
