0 0.8109375000000001 0.46428571428571425 0.17500000000000002 0.2544642857142857
0 0.81015625 0.5212053571428571 0.18281250000000002 0.359375
0 0.6109375 0.7209821428571428 0.14375000000000002 0.17857142857142855
0 0.37578125 0.7042410714285714 0.1203125 0.16741071428571427
0 0.7054687500000001 0.23214285714285712 0.1703125 0.26339285714285715
0 0.034375 0.25 0.065625 0.14732142857142858
0 0.8187500000000001 0.6372767857142857 0.140625 0.15401785714285712
0 0.446875 0.8203125 0.125 0.16741071428571427
0 0.6429687500000001 0.5390625 0.1546875 0.21205357142857142
0 0.12578125 0.7087053571428571 0.0703125 0.109375
0 0.025781250000000002 0.08705357142857142 0.0484375 0.1294642857142857
0 0.946875 0.4698660714285714 0.07500000000000001 0.12276785714285714
