0 0.76484375 0.2224824355971897 0.0484375 0.07494145199063232
0 0.43671875000000004 0.4309133489461358 0.1234375 0.18735362997658078
0 0.58203125 0.10772833723653395 0.0484375 0.07962529274004684
0 0.7507812500000001 0.48243559718969553 0.1234375 0.19672131147540983
0 0.10234375000000001 0.7435597189695551 0.045312500000000006 0.06323185011709602
0 0.4140625 0.6604215456674473 0.037500000000000006 0.06557377049180328
0 0.87109375 0.11826697892271663 0.0859375 0.1288056206088993
0 0.8226562500000001 0.1721311475409836 0.09843750000000001 0.13817330210772832
0 0.05078125 0.6920374707259953 0.0390625 0.04918032786885246
0 0.22265625 0.09016393442622951 0.045312500000000006 0.07259953161592506
0 0.2703125 0.4812646370023419 0.16562500000000002 0.2459016393442623
0 0.153125 0.2107728337236534 0.028125 0.046838407494145196
0 0.38046875 0.5175644028103045 0.0921875 0.1405152224824356
0 0.46953125 0.2693208430913349 0.045312500000000006 0.0702576112412178
0 0.3046875 0.3255269320843091 0.03125 0.05620608899297424
0 0.64453125 0.18501170960187355 0.09843750000000001 0.15456674473067916
0 0.38984375000000004 0.3325526932084309 0.029687500000000002 0.046838407494145196
0 0.45 0.5807962529274004 0.05 0.07494145199063232
0 0.6062500000000001 0.34660421545667447 0.115625 0.18266978922716628
0 0.33125000000000004 0.3231850117096019 0.03125 0.05620608899297424
0 0.53359375 0.3126463700234192 0.0703125 0.11943793911007025
0 0.10625000000000001 0.09718969555035128 0.05 0.07259953161592506
0 0.37578125 0.6756440281030445 0.0390625 0.06791569086651054
0 0.5320312500000001 0.5187353629976581 0.0921875 0.14754098360655737
