0 0.4086206896551724 0.17586206896551723 0.05172413793103448 0.06666666666666667
0 0.9224137931034483 0.5850574712643678 0.06206896551724138 0.08045977011494253
0 0.10086206896551723 0.7022988505747126 0.05 0.08505747126436781
0 0.30086206896551726 0.027586206896551724 0.04310344827586207 0.05057471264367816
0 0.4844827586206896 0.022988505747126436 0.05172413793103448 0.041379310344827586
0 0.6232758620689655 0.696551724137931 0.05344827586206896 0.06896551724137931
0 0.5956896551724138 0.2482758620689655 0.05 0.06896551724137931
0 0.14310344827586208 0.8091954022988506 0.06206896551724138 0.07816091954022988
0 0.2629310344827586 0.3781609195402299 0.0396551724137931 0.06666666666666667
0 0.3905172413793103 0.8988505747126436 0.0396551724137931 0.05517241379310345
0 0.8663793103448276 0.41724137931034483 0.056896551724137934 0.08045977011494253
0 0.9284482758620689 0.12183908045977011 0.06034482758620689 0.059770114942528735
0 0.6275862068965518 0.506896551724138 0.05517241379310345 0.07586206896551724
0 0.16379310344827586 0.4896551724137931 0.05862068965517241 0.07816091954022988
0 0.6560344827586206 0.2632183908045977 0.05344827586206896 0.08505747126436781
0 0.13620689655172413 0.9586206896551724 0.05517241379310345 0.07816091954022988
0 0.13017241379310346 0.560919540229885 0.06034482758620689 0.07816091954022988
0 0.5905172413793104 0.7770114942528735 0.05344827586206896 0.06896551724137931
0 0.225 0.14942528735632182 0.04310344827586207 0.06896551724137931
0 0.06551724137931034 0.12183908045977011 0.05862068965517241 0.08735632183908046
0 0.5387931034482758 0.2632183908045977 0.03620689655172414 0.06206896551724138
0 0.9370689655172414 0.1781609195402299 0.06724137931034482 0.09425287356321839
0 0.5362068965517242 0.19080459770114944 0.05862068965517241 0.07816091954022988
0 0.3913793103448276 0.21724137931034482 0.05172413793103448 0.06666666666666667
0 0.1560344827586207 0.7034482758620689 0.04655172413793103 0.07816091954022988
0 0.06982758620689655 0.4471264367816092 0.03620689655172414 0.052873563218390804
0 0.5646551724137931 0.35172413793103446 0.056896551724137934 0.08275862068965517
0 0.3775862068965517 0.8402298850574712 0.041379310344827586 0.05747126436781609
0 0.26120689655172413 0.26666666666666666 0.04310344827586207 0.05517241379310345
0 0.9353448275862069 0.435632183908046 0.06724137931034482 0.08505747126436781
0 0.5646551724137931 0.44482758620689655 0.03275862068965517 0.04827586206896552
0 0.38448275862068965 0.3022988505747126 0.05172413793103448 0.06666666666666667
0 0.26379310344827583 0.08505747126436781 0.041379310344827586 0.05517241379310345
0 0.3577586206896552 0.7 0.05344827586206896 0.07126436781609195
0 0.7034482758620689 0.2655172413793103 0.04827586206896552 0.07586206896551724
0 0.45948275862068966 0.4045977011494253 0.0396551724137931 0.05057471264367816
0 0.22586206896551725 0.3793103448275862 0.034482758620689655 0.05517241379310345
0 0.24137931034482757 0.4793103448275862 0.04482758620689655 0.06666666666666667
0 0.8336206896551724 0.271264367816092 0.06724137931034482 0.09655172413793103
0 0.028448275862068967 0.15172413793103448 0.05344827586206896 0.08275862068965517
0 0.44310344827586207 0.45517241379310347 0.03793103448275862 0.05517241379310345
0 0.6896551724137931 0.1160919540229885 0.05862068965517241 0.09885057471264368
0 0.7025862068965517 0.5896551724137931 0.05 0.07126436781609195
