0 0.6571180555555555 0.7020399305555555 0.05613425925925926 0.04644097222222222
0 0.8394097222222222 0.20247395833333331 0.08738425925925926 0.05859375
0 0.18518518518518517 0.70703125 0.14814814814814814 0.12152777777777778
0 0.8917824074074073 0.46332465277777773 0.08101851851851852 0.05772569444444444
0 0.7051504629629629 0.7007378472222222 0.046875 0.04296875
0 0.27662037037037035 0.5850694444444444 0.07523148148148148 0.057291666666666664
0 0.4126157407407407 0.041666666666666664 0.06597222222222222 0.056423611111111105
0 0.4143518518518518 0.6467013888888888 0.08333333333333333 0.06076388888888889
0 0.6218171296296297 0.08355034722222222 0.059606481481481476 0.04991319444444444
0 0.17997685185185183 0.8368055555555555 0.06018518518518518 0.04513888888888889
0 0.1736111111111111 0.5308159722222222 0.13310185185185183 0.09809027777777778
0 0.4864004629629629 0.023654513888888888 0.07581018518518517 0.04210069444444444
0 0.8538773148148148 0.12326388888888888 0.078125 0.0546875
0 0.4392361111111111 0.2007378472222222 0.05671296296296296 0.047309027777777776
0 0.8816550925925926 0.7026909722222222 0.08159722222222222 0.06510416666666666
0 0.6712962962962963 0.541015625 0.06134259259259259 0.04904513888888889
0 0.19299768518518517 0.431640625 0.06770833333333333 0.045572916666666664
0 0.4751157407407407 0.06987847222222222 0.057870370370370364 0.05034722222222222
0 0.2789351851851852 0.400390625 0.06828703703703703 0.045572916666666664
0 0.38425925925925924 0.16037326388888887 0.06134259259259259 0.04123263888888889
0 0.08796296296296297 0.5692274305555555 0.11342592592592592 0.07942708333333333
0 0.7520254629629629 0.5629340277777778 0.04224537037037037 0.049479166666666664
0 0.44849537037037035 0.2990451388888889 0.07523148148148148 0.057291666666666664
0 0.29658564814814814 0.7567274305555555 0.06770833333333333 0.053385416666666664
0 0.35358796296296297 0.049479166666666664 0.057870370370370364 0.043402777777777776
0 0.2445023148148148 0.8695746527777777 0.0792824074074074 0.06206597222222222
0 0.6504629629629629 0.9557291666666666 0.08333333333333333 0.06076388888888889
0 0.42621527777777773 0.4520399305555555 0.08506944444444443 0.05772569444444444
0 0.48148148148148145 0.14756944444444445 0.04976851851851852 0.04427083333333333
0 0.4383680555555555 0.38346354166666663 0.08506944444444443 0.05772569444444444
0 0.38252314814814814 0.20442708333333331 0.06712962962962962 0.048611111111111105
0 0.13078703703703703 0.843532986111111 0.05092592592592592 0.04817708333333333
0 0.3272569444444444 0.2599826388888889 0.07002314814814814 0.04253472222222222
0 0.78125 0.4233940972222222 0.08101851851851852 0.05772569444444444
0 0.40046296296296297 0.5768229166666666 0.08333333333333333 0.06076388888888889
0 0.9305555555555555 0.753689236111111 0.08101851851851852 0.05772569444444444
0 0.8130787037037036 0.5299479166666666 0.07638888888888888 0.041666666666666664
0 0.9580439814814814 0.6844618055555555 0.08159722222222222 0.06510416666666666
0 0.9696180555555555 0.2523871527777778 0.05613425925925926 0.047309027777777776
0 0.7106481481481481 0.5052083333333333 0.07060185185185185 0.05295138888888889
0 0.9244791666666666 0.3292100694444444 0.08738425925925926 0.05946180555555555
