0 0.743125 0.29875 0.06875 0.055
0 0.92125 0.255625 0.0725 0.058750000000000004
0 0.91 0.321875 0.0675 0.058750000000000004
0 0.76 0.46875 0.085 0.055
0 0.448125 0.32125 0.06375 0.0525
0 0.19187500000000002 0.15125 0.07375 0.055
0 0.8250000000000001 0.525 0.0775 0.0575
0 0.250625 0.8475 0.12375 0.095
0 0.846875 0.259375 0.06875 0.058750000000000004
0 0.645 0.34125 0.065 0.055
0 0.401875 0.143125 0.06375 0.05375
0 0.07187500000000001 0.23750000000000002 0.08875 0.065
0 0.410625 0.665 0.18375 0.1625
0 0.11875000000000001 0.335625 0.0675 0.06625
0 0.28750000000000003 0.563125 0.0675 0.05625
0 0.856875 0.123125 0.06875 0.058750000000000004
0 0.125 0.85375 0.10250000000000001 0.1
0 0.505625 0.446875 0.058750000000000004 0.04875
0 0.925625 0.798125 0.12375 0.09875
0 0.21125 0.385 0.08750000000000001 0.07
0 0.43 0.226875 0.0525 0.043750000000000004
0 0.904375 0.896875 0.10375000000000001 0.09125
0 0.798125 0.95375 0.09375 0.08750000000000001
0 0.341875 0.3625 0.06375 0.0525
0 0.376875 0.211875 0.05375 0.04875
0 0.9675 0.30625 0.065 0.0525
0 0.4325 0.91 0.08750000000000001 0.0775
0 0.325 0.168125 0.0475 0.03875
0 0.976875 0.369375 0.04625 0.06375
0 0.10875 0.640625 0.13 0.10125
0 0.541875 0.143125 0.08375 0.07125000000000001
0 0.33125 0.8025 0.085 0.0775
0 0.75125 0.86 0.0775 0.065
0 0.70625 0.56875 0.0775 0.0575
