0 0.7831241283124128 0.7076966610073572 0.044630404463040445 0.031126202603282402
0 0.5264993026499303 0.5011318619128466 0.058577405857740586 0.04697226938313526
0 0.6963040446304044 0.4988681380871534 0.03556485355648535 0.04923599320882852
0 0.7545327754532776 0.6737408036219582 0.05299860529986053 0.03904923599320883
0 0.7744072524407252 0.4326542161856254 0.06903765690376569 0.044708545557442
0 0.4086471408647141 0.5772495755517827 0.043235704323570434 0.038483305036785515
0 0.43444909344490934 0.5537634408602151 0.05160390516039051 0.044708545557442
0 0.5951882845188284 0.48556876061120546 0.05230125523012552 0.04187889077532541
0 0.7182705718270571 0.5752688172043011 0.05439330543933054 0.04244482173174873
0 0.4086471408647141 0.6222410865874364 0.044630404463040445 0.03904923599320883
0 0.27928870292887026 0.656479909451047 0.04811715481171548 0.038483305036785515
0 0.5254532775453278 0.4521788341822298 0.04951185495118549 0.039615166949632144
0 0.6907252440725243 0.7524052065647991 0.05230125523012552 0.04697226938313526
0 0.47803347280334724 0.479343520090549 0.04951185495118549 0.039615166949632144
0 0.5707810320781032 0.4394453876627052 0.05788005578800558 0.04697226938313526
0 0.7475592747559274 0.7577815506508206 0.05718270571827057 0.05206564799094511
0 0.747907949790795 0.5495189586870403 0.045327754532775454 0.03508771929824562
0 0.6485355648535565 0.7108092812676854 0.058577405857740586 0.043010752688172046
0 0.6136680613668061 0.5478211658177703 0.05299860529986053 0.043010752688172046
