0 0.3333333333333333 0.6940000000000001 0.06133333333333333 0.044
0 0.5786666666666667 0.439 0.06133333333333333 0.044
0 0.35866666666666663 0.281 0.072 0.054
0 0.48933333333333334 0.4825 0.07466666666666666 0.043000000000000003
0 0.608 0.684 0.06133333333333333 0.044
0 0.30466666666666664 0.59 0.06533333333333333 0.032
0 0.41 0.738 0.06533333333333333 0.032
0 0.30466666666666664 0.363 0.044 0.038
0 0.31466666666666665 0.546 0.06666666666666667 0.062
0 0.3813333333333333 0.3865 0.06666666666666667 0.049
0 0.46799999999999997 0.278 0.072 0.054
