0 0.8090277777777777 0.4056712962962963 0.109375 0.15162037037037035
0 0.40234375 0.8113425925925926 0.08940972222222222 0.12962962962962962
0 0.9301215277777777 0.7552083333333333 0.056423611111111105 0.06597222222222222
0 0.2591145833333333 0.7309027777777778 0.0876736111111111 0.11458333333333333
0 0.2921006944444444 0.44733796296296297 0.09461805555555555 0.12384259259259259
0 0.38541666666666663 0.44328703703703703 0.10069444444444443 0.13657407407407407
0 0.5421006944444444 0.5729166666666666 0.09809027777777778 0.14583333333333331
0 0.58984375 0.2563657407407407 0.12586805555555555 0.18171296296296297
0 0.6236979166666666 0.8599537037037036 0.07725694444444443 0.09722222222222221
0 0.880642361111111 0.6759259259259259 0.0703125 0.057870370370370364
0 0.7873263888888888 0.6458333333333333 0.05034722222222222 0.04398148148148148
0 0.10286458333333333 0.75 0.0876736111111111 0.10648148148148148
0 0.4717881944444444 0.42592592592592593 0.08246527777777778 0.0949074074074074
0 0.5008680555555556 0.8408564814814814 0.078125 0.10763888888888888
