0 0.20896656534954408 0.22979214780600463 0.09270516717325228 0.10854503464203233
0 0.7408814589665653 0.5958429561200924 0.07750759878419453 0.09699769053117782
0 0.22948328267477203 0.3325635103926097 0.08814589665653495 0.12933025404157045
0 0.8259878419452887 0.7817551963048499 0.11094224924012158 0.15011547344110854
0 0.5030395136778115 0.5196304849884527 0.09422492401215805 0.15242494226327943
0 0.1094224924012158 0.8279445727482679 0.06382978723404255 0.09930715935334873
0 0.331306990881459 0.37528868360277134 0.09422492401215805 0.12702078521939952
0 0.3829787234042553 0.6235565819861432 0.03343465045592705 0.06466512702078522
0 0.4696048632218845 0.3879907621247113 0.0911854103343465 0.12933025404157045
0 0.4445288753799392 0.6212471131639723 0.08966565349544073 0.13394919168591224
