0 0.09250000000000001 0.81 0.045000000000000005 0.07
0 0.21833333333333335 0.46125 0.05333333333333334 0.0825
0 0.9458333333333334 0.485 0.04833333333333334 0.06
0 0.5025000000000001 0.85375 0.05166666666666667 0.0725
0 0.12166666666666667 0.8375 0.04 0.06
0 0.2516666666666667 0.3625 0.04666666666666667 0.075
0 0.10666666666666667 0.27875 0.03666666666666667 0.0525
0 0.08083333333333334 0.2475 0.03833333333333334 0.065
0 0.48500000000000004 0.23375 0.02666666666666667 0.0525
0 0.6175 0.28875 0.03833333333333334 0.0475
0 0.7350000000000001 0.125 0.04 0.055
0 0.18000000000000002 0.17 0.03333333333333333 0.05
0 0.20333333333333334 0.36625 0.04666666666666667 0.0725
0 0.4575 0.5425 0.058333333333333334 0.085
0 0.1325 0.48625 0.055 0.0625
0 0.8508333333333334 0.48875 0.055 0.0625
0 0.1875 0.325 0.045000000000000005 0.07
0 0.5458333333333334 0.28125 0.028333333333333335 0.0575
0 0.6483333333333334 0.34125 0.04666666666666667 0.0725
0 0.24250000000000002 0.53125 0.04833333333333334 0.0775
0 0.52 0.15125 0.05333333333333334 0.08750000000000001
0 0.7358333333333333 0.48875 0.045000000000000005 0.0625
0 0.9408333333333334 0.29 0.04833333333333334 0.08
0 0.8366666666666667 0.17875 0.04666666666666667 0.0975
0 0.20083333333333334 0.055 0.058333333333333334 0.09
0 0.014166666666666668 0.28250000000000003 0.025 0.055
0 0.8991666666666667 0.55 0.04166666666666667 0.085
0 0.22333333333333336 0.185 0.05333333333333334 0.085
