0 0.6551470588235294 0.08935546875 0.11029411764705882 0.0732421875
0 0.5617647058823529 0.59521484375 0.11176470588235293 0.0751953125
0 0.675 0.6943359375 0.09411764705882353 0.046875
0 0.4551470588235294 0.505859375 0.08676470588235294 0.06640625
0 0.7845588235294118 0.38818359375 0.08676470588235294 0.0693359375
0 0.5683823529411764 0.19873046875 0.08676470588235294 0.0517578125
0 0.8669117647058824 0.40380859375 0.08676470588235294 0.0693359375
0 0.5713235294117647 0.35595703125 0.06323529411764706 0.0498046875
0 0.225 0.66455078125 0.1 0.0693359375
0 0.4963235294117647 0.3232421875 0.10441176470588236 0.06640625
0 0.6617647058823529 0.2265625 0.09705882352941177 0.07421875
0 0.6448529411764706 0.7373046875 0.10735294117647058 0.07421875
0 0.4522058823529412 0.9267578125 0.0661764705882353 0.05078125
0 0.6463235294117647 0.58935546875 0.057352941176470586 0.0517578125
0 0.6176470588235294 0.29736328125 0.07647058823529412 0.0693359375
0 0.5904411764705882 0.46142578125 0.10735294117647058 0.0712890625
0 0.3860294117647059 0.58740234375 0.1161764705882353 0.0673828125
0 0.9286764705882353 0.57177734375 0.0838235294117647 0.0498046875
0 0.8051470588235294 0.59423828125 0.1161764705882353 0.0634765625
