0 0.8008333333333334 0.27125 0.10833333333333334 0.1375
0 0.5866666666666667 0.5475 0.17333333333333334 0.255
0 0.26916666666666667 0.86 0.09166666666666667 0.125
0 0.9666666666666667 0.12 0.06666666666666667 0.21
0 0.13833333333333334 0.6687500000000001 0.16 0.2175
0 0.43583333333333335 0.63625 0.17500000000000002 0.23750000000000002
0 0.5966666666666667 0.20500000000000002 0.2366666666666667 0.355
0 0.8066666666666668 0.08875 0.11333333333333334 0.1625
0 0.2566666666666667 0.27875 0.19 0.2425
0 0.25833333333333336 0.47500000000000003 0.1366666666666667 0.16
