0 0.67 0.34934497816593885 0.05333333333333334 0.07860262008733623
0 0.39333333333333337 0.9388646288209607 0.04666666666666667 0.06986899563318777
0 0.4 0.5917030567685589 0.04666666666666667 0.06550218340611354
0 0.4033333333333334 0.12445414847161572 0.04 0.05676855895196506
0 0.7400000000000001 0.816593886462882 0.04666666666666667 0.05240174672489083
0 0.42500000000000004 0.6812227074235807 0.05 0.06986899563318777
0 0.6083333333333334 0.19432314410480347 0.05 0.06550218340611354
0 0.35333333333333333 0.6572052401746724 0.05333333333333334 0.08296943231441048
0 0.5383333333333333 0.4759825327510917 0.043333333333333335 0.07860262008733623
0 0.5650000000000001 0.9344978165938864 0.043333333333333335 0.07860262008733623
0 0.765 0.9759825327510917 0.03666666666666667 0.048034934497816595
0 0.7350000000000001 0.6703056768558951 0.03666666666666667 0.048034934497816595
0 0.5366666666666667 0.7467248908296943 0.04 0.0611353711790393
0 0.5033333333333334 0.4890829694323144 0.04 0.0611353711790393
0 0.5516666666666667 0.22489082969432314 0.043333333333333335 0.06550218340611354
0 0.39 0.834061135371179 0.04 0.0611353711790393
0 0.6416666666666667 0.8842794759825328 0.043333333333333335 0.06550218340611354
