0 0.7983333333333333 0.4449152542372881 0.08 0.09322033898305085
0 0.7366666666666667 0.5434322033898306 0.08666666666666667 0.11228813559322035
0 0.2941666666666667 0.18220338983050846 0.06833333333333334 0.09322033898305085
0 0.9791666666666667 0.07097457627118645 0.04166666666666667 0.07415254237288135
0 0.4566666666666667 0.23728813559322035 0.05666666666666667 0.08898305084745763
0 0.23750000000000002 0.3940677966101695 0.065 0.0847457627118644
0 0.5741666666666667 0.5233050847457628 0.085 0.11016949152542373
0 0.2525 0.07203389830508475 0.065 0.08050847457627118
0 0.335 0.3146186440677966 0.07333333333333333 0.09957627118644068
0 0.2 0.023305084745762712 0.05666666666666667 0.0423728813559322
0 0.4091666666666667 0.3485169491525424 0.06833333333333334 0.0826271186440678
0 0.9558333333333334 0.2796610169491525 0.06166666666666667 0.08050847457627118
0 0.28 0.24470338983050846 0.06333333333333334 0.07415254237288135
0 0.2541666666666667 0.527542372881356 0.065 0.0847457627118644
0 0.0675 0.07521186440677965 0.06166666666666667 0.05296610169491525
