0 0.5211640211640212 0.2305863708399366 0.13015873015873017 0.10301109350237718
0 0.5645502645502646 0.049128367670364506 0.1470899470899471 0.09667194928684628
0 0.29523809523809524 0.33280507131537246 0.1650793650793651 0.12678288431061807
0 0.4481481481481482 0.8518225039619651 0.15343915343915346 0.11251980982567354
0 0.8476190476190477 0.5067353407290016 0.052910052910052914 0.03724247226624406
0 0.5280423280423281 0.5859746434231379 0.13968253968253969 0.11014263074484945
0 0.2470899470899471 0.5578446909667195 0.14285714285714288 0.09350237717908083
0 0.4904761904761905 0.7484152139461173 0.15343915343915346 0.11806656101426308
0 0.5645502645502646 0.9183835182250396 0.10687830687830689 0.08874801901743265
0 0.3148148148148148 0.4457210776545167 0.14497354497354498 0.09904912836767037
0 0.45661375661375664 0.3244849445324881 0.15555555555555556 0.13074484944532488
0 0.317989417989418 0.9136291600633915 0.11957671957671959 0.09033280507131537
0 0.3328042328042328 0.7527733755942948 0.14497354497354498 0.12519809825673534
0 0.4322751322751323 0.05665610142630745 0.14497354497354498 0.10697305863708399
0 0.7656084656084656 0.528526148969889 0.039153439153439155 0.030110935023771792
0 0.20370370370370372 0.8565768621236134 0.10687830687830689 0.08874801901743265
0 0.3952380952380953 0.5305071315372425 0.1597883597883598 0.11489698890649763
0 0.4613756613756614 0.3256735340729002 0.1650793650793651 0.1283676703645008
0 0.42539682539682544 0.4449286846275753 0.09947089947089947 0.06259904912836767
0 0.2957671957671958 0.8189381933438986 0.14285714285714288 0.09429477020602219
0 0.33492063492063495 0.6378763866877972 0.12804232804232804 0.1045958795562599
0 0.35555555555555557 0.15293185419968305 0.1439153439153439 0.11885895404120445
0 0.5730158730158731 0.14421553090332806 0.11534391534391535 0.07606973058637084
0 0.5 0.9544374009508717 0.11957671957671959 0.09112519809825674
