0 0.34177215189873417 0.5430379746835443 0.07088607594936709 0.12658227848101267
0 0.5012658227848101 0.1487341772151899 0.10632911392405063 0.1278481012658228
0 0.3677215189873418 0.3569620253164557 0.11012658227848102 0.14430379746835442
0 0.7892405063291139 0.23607594936708862 0.09240506329113925 0.12531645569620253
0 0.5126582278481012 0.41012658227848103 0.11139240506329114 0.14430379746835442
0 0.05379746835443038 0.5955696202531646 0.09746835443037975 0.10253164556962026
0 0.8037974683544304 0.5639240506329114 0.09620253164556962 0.11772151898734177
0 0.5234177215189874 0.039873417721518985 0.0949367088607595 0.07721518987341772
0 0.6987341772151899 0.5683544303797469 0.09873417721518987 0.12151898734177216
0 0.5 0.5088607594936709 0.10379746835443038 0.11645569620253164
0 0.8987341772151899 0.27848101265822783 0.08860759493670886 0.11392405063291139
0 0.41645569620253164 0.5632911392405063 0.09620253164556962 0.11139240506329114
0 0.18860759493670887 0.7550632911392405 0.10886075949367088 0.11265822784810127
0 0.7354430379746836 0.3867088607594937 0.08607594936708861 0.10759493670886076
0 0.6310126582278481 0.6924050632911393 0.09746835443037975 0.1341772151898734
0 0.5563291139240506 0.2930379746835443 0.1 0.13037974683544304
0 0.2993670886075949 0.8107594936708861 0.05189873417721519 0.10506329113924051
0 0.35253164556962024 0.7544303797468355 0.09240506329113925 0.11392405063291139
0 0.2683544303797468 0.730379746835443 0.053164556962025315 0.09367088607594937
0 0.49620253164556966 0.6303797468354431 0.09873417721518987 0.12405063291139241
0 0.2310126582278481 0.5664556962025317 0.1 0.12025316455696203
0 0.4854430379746836 0.8772151898734177 0.07974683544303797 0.12658227848101267
0 0.3531645569620253 0.8531645569620253 0.053164556962025315 0.07848101265822785
0 0.46582278481012657 0.24620253164556963 0.10379746835443038 0.1379746835443038
0 0.40759493670886077 0.8873417721518988 0.09620253164556962 0.12151898734177216
0 0.7063291139240506 0.2727848101265823 0.08607594936708861 0.12025316455696203
0 0.7981012658227848 0.1341772151898734 0.08227848101265824 0.09113924050632911
0 0.7481012658227848 0.6810126582278481 0.10379746835443038 0.14936708860759493
0 0.089873417721519 0.9632911392405064 0.11645569620253164 0.07341772151898734
0 0.7177215189873418 0.1670886075949367 0.08860759493670886 0.09873417721518987
0 0.28417721518987343 0.5177215189873418 0.10506329113924051 0.13670886075949368
0 0.6050632911392405 0.5544303797468354 0.09873417721518987 0.10886075949367088
0 0.6462025316455696 0.359493670886076 0.09746835443037975 0.12405063291139241
0 0.5936708860759494 0.12151898734177216 0.10379746835443038 0.1341772151898734
0 0.8265822784810126 0.7037974683544304 0.09367088607594937 0.13164556962025317
0 0.8151898734177215 0.3189873417721519 0.08860759493670886 0.11139240506329114
0 0.1189873417721519 0.8012658227848102 0.10632911392405063 0.13670886075949368
0 0.16645569620253164 0.4835443037974684 0.1 0.1189873417721519
