0 0.47096774193548385 0.3403225806451613 0.14193548387096774 0.17096774193548386
0 0.8209677419354838 0.5854838709677419 0.1064516129032258 0.11290322580645161
0 0.9258064516129032 0.964516129032258 0.09032258064516129 0.07096774193548387
0 0.23709677419354838 0.9451612903225807 0.1 0.09032258064516129
0 0.3532258064516129 0.9612903225806452 0.08709677419354839 0.07741935483870968
0 0.33225806451612905 0.8693548387096774 0.10967741935483871 0.11935483870967742
0 0.24838709677419354 0.7306451612903225 0.10967741935483871 0.11935483870967742
0 0.23709677419354838 0.4129032258064516 0.36451612903225805 0.45161290322580644
0 0.7064516129032258 0.8548387096774194 0.06451612903225806 0.07741935483870968
0 0.24193548387096775 0.8516129032258064 0.05806451612903226 0.06451612903225806
0 0.7516129032258064 0.5467741935483871 0.05806451612903226 0.08064516129032258
0 0.8209677419354838 0.9661290322580646 0.06774193548387097 0.06129032258064516
0 0.1629032258064516 0.8806451612903226 0.07419354838709677 0.07741935483870968
0 0.5032258064516129 0.6532258064516129 0.23225806451612904 0.267741935483871
0 0.8096774193548387 0.7806451612903226 0.0967741935483871 0.10967741935483871
0 0.7354838709677419 0.07258064516129033 0.14838709677419354 0.13870967741935483
