0 0.23007712082262208 0.6416666666666667 0.05398457583547558 0.06333333333333334
0 0.4524421593830334 0.7133333333333334 0.04627249357326478 0.060000000000000005
0 0.4370179948586118 0.5966666666666667 0.04627249357326478 0.060000000000000005
0 0.8470437017994858 0.445 0.04370179948586118 0.03666666666666667
0 0.5552699228791773 0.8216666666666668 0.051413881748071974 0.07
0 0.5629820051413882 0.5466666666666667 0.04627249357326478 0.060000000000000005
0 0.3946015424164524 0.6266666666666667 0.04884318766066838 0.06666666666666667
0 0.7249357326478149 0.3766666666666667 0.04627249357326478 0.060000000000000005
0 0.7609254498714653 0.45333333333333337 0.04627249357326478 0.060000000000000005
0 0.35732647814910024 0.7283333333333334 0.051413881748071974 0.06333333333333334
0 0.6825192802056554 0.5866666666666667 0.033419023136246784 0.04666666666666667
0 0.14010282776349614 0.6866666666666668 0.05398457583547558 0.06666666666666667
0 0.8868894601542415 0.035 0.07197943444730076 0.06333333333333334
0 0.5038560411311054 0.7616666666666667 0.061696658097686374 0.07
0 0.6028277634961439 0.7866666666666667 0.038560411311053984 0.060000000000000005
