0 0.15703125 0.5152905198776758 0.035937500000000004 0.06422018348623854
0 0.5453125 0.2018348623853211 0.040625 0.07339449541284404
0 0.7601562500000001 0.0871559633027523 0.0703125 0.13761467889908258
0 0.07968750000000001 0.4327217125382263 0.018750000000000003 0.039755351681957186
0 0.97421875 0.5275229357798166 0.045312500000000006 0.11314984709480122
0 0.8125 0.5229357798165137 0.053125000000000006 0.10397553516819572
0 0.36484375 0.3685015290519878 0.0390625 0.07033639143730887
0 0.9296875 0.5779816513761468 0.0625 0.1162079510703364
0 0.45156250000000003 0.09938837920489296 0.06875 0.11926605504587157
0 0.7835937500000001 0.2018348623853211 0.06406250000000001 0.12232415902140673
0 0.44843750000000004 0.27522935779816515 0.040625 0.07951070336391437
