0 0.37604166666666666 0.5126582278481012 0.06458333333333333 0.13924050632911392
0 0.69375 0.3945147679324894 0.06666666666666667 0.13080168776371306
0 0.453125 0.850210970464135 0.07291666666666667 0.1561181434599156
0 0.12395833333333334 0.0970464135021097 0.08125 0.16033755274261602
0 0.6125 0.4725738396624472 0.04583333333333333 0.07594936708860758
0 0.7604166666666666 0.3924050632911392 0.0625 0.12658227848101264
0 0.07708333333333334 0.12869198312236285 0.0625 0.14767932489451477
0 0.26145833333333335 0.15400843881856538 0.07708333333333334 0.1729957805907173
0 0.3614583333333333 0.37974683544303794 0.04791666666666666 0.09282700421940927
0 0.4927083333333333 0.47679324894514763 0.04791666666666666 0.09282700421940927
0 0.1875 0.6434599156118143 0.08333333333333333 0.1561181434599156
0 0.14479166666666665 0.4177215189873417 0.06041666666666667 0.12658227848101264
0 0.22916666666666666 0.4113924050632911 0.058333333333333334 0.10548523206751054
0 0.5666666666666667 0.4852320675105485 0.041666666666666664 0.08438818565400844
0 0.051041666666666666 0.5295358649789029 0.052083333333333336 0.11392405063291139
0 0.3885416666666667 0.14978902953586495 0.06458333333333333 0.19831223628691982
0 0.4375 0.4008438818565401 0.05 0.10126582278481011
0 0.17604166666666665 0.49367088607594933 0.08958333333333333 0.16877637130801687
