0 0.3678571428571429 0.7947686116700202 0.12142857142857143 0.16901408450704228
0 0.3707142857142857 0.31991951710261574 0.12142857142857143 0.17706237424547286
0 0.4835714285714286 0.25553319919517103 0.10142857142857142 0.16096579476861167
0 0.6828571428571428 0.5040241448692153 0.08857142857142856 0.11871227364185112
0 0.6057142857142858 0.6146881287726359 0.10571428571428572 0.15492957746478875
0 0.12642857142857142 0.2776659959758552 0.15571428571428572 0.2012072434607646
0 0.5371428571428571 0.35211267605633806 0.11428571428571428 0.1529175050301811
0 0.3264285714285714 0.19416498993963785 0.12142857142857143 0.20321931589537226
0 0.505 0.6458752515090543 0.11285714285714285 0.17706237424547286
0 0.705 0.21327967806841047 0.12428571428571429 0.1488933601609658
