0 0.12333333333333334 0.505 0.02 0.035
0 0.8875000000000001 0.7212500000000001 0.04166666666666667 0.0475
0 0.24583333333333335 0.12375 0.09833333333333334 0.1575
0 0.5691666666666667 0.1875 0.03166666666666667 0.045
0 0.09583333333333334 0.72875 0.045000000000000005 0.0625
0 0.9608333333333334 0.515 0.04166666666666667 0.07
0 0.28750000000000003 0.4825 0.07500000000000001 0.115
0 0.9716666666666667 0.7212500000000001 0.04666666666666667 0.0575
0 0.22583333333333336 0.8975 0.03166666666666667 0.04
0 0.9258333333333334 0.465 0.058333333333333334 0.08
0 0.35833333333333334 0.5650000000000001 0.07333333333333333 0.085
0 0.125 0.78 0.04 0.06
0 0.21666666666666667 0.8175 0.03666666666666667 0.06
0 0.7166666666666667 0.585 0.08666666666666667 0.1
0 0.37083333333333335 0.4825 0.085 0.11
0 0.24666666666666667 0.2325 0.08666666666666667 0.1
0 0.8091666666666667 0.715 0.05166666666666667 0.07
0 0.8075000000000001 0.8 0.05166666666666667 0.07
0 0.5650000000000001 0.09375 0.04 0.0625
0 0.17500000000000002 0.7875 0.04 0.06
0 0.07916666666666668 0.84 0.035 0.05
0 0.8833333333333334 0.6687500000000001 0.060000000000000005 0.0775
0 0.8708333333333333 0.48375 0.055 0.0775
0 0.49000000000000005 0.9187500000000001 0.08 0.1225
0 0.2516666666666667 0.8512500000000001 0.03666666666666667 0.0525
0 0.06666666666666667 0.96125 0.03666666666666667 0.0525
0 0.4008333333333334 0.705 0.07500000000000001 0.12
