0 0.6888888888888889 0.5919753086419753 0.0962962962962963 0.12469135802469136
0 0.6027777777777777 0.5660493827160493 0.0962962962962963 0.12469135802469136
0 0.4467592592592593 0.7141975308641976 0.125 0.15925925925925927
0 0.700462962962963 0.43765432098765433 0.05277777777777778 0.06296296296296296
0 0.6527777777777778 0.812962962962963 0.0962962962962963 0.12469135802469136
0 0.21805555555555556 0.30679012345679013 0.10277777777777779 0.15432098765432098
0 0.30324074074074076 0.32407407407407407 0.1212962962962963 0.1567901234567901
0 0.2587962962962963 0.9006172839506172 0.14537037037037037 0.16666666666666666
0 0.47361111111111115 0.2833333333333333 0.05648148148148149 0.07530864197530864
0 0.3611111111111111 0.5123456790123456 0.0462962962962963 0.056790123456790124
0 0.1175925925925926 0.42530864197530865 0.03518518518518519 0.04567901234567901
0 0.8717592592592593 0.4185185185185185 0.04166666666666667 0.04197530864197531
0 0.2537037037037037 0.7123456790123457 0.12592592592592594 0.16296296296296295
0 0.8023148148148148 0.24814814814814815 0.062037037037037036 0.07901234567901234
0 0.7694444444444445 0.5709876543209876 0.06666666666666667 0.09506172839506173
0 0.7351851851851852 0.7314814814814815 0.07037037037037037 0.08518518518518518
0 0.9078703703703704 0.47777777777777775 0.0638888888888889 0.09135802469135802
0 0.6490740740740741 0.6648148148148147 0.09074074074074075 0.09506172839506173
