0 0.15754716981132075 0.18867924528301888 0.0660377358490566 0.04528301886792453
0 0.22169811320754718 0.6716981132075471 0.1 0.07924528301886792
0 0.7330188679245283 0.6867924528301886 0.07358490566037736 0.05660377358490566
0 0.6037735849056604 0.4037735849056604 0.0830188679245283 0.06037735849056604
0 0.4820754716981132 0.6764150943396227 0.09245283018867925 0.05849056603773585
0 0.360377358490566 0.5056603773584906 0.0830188679245283 0.06037735849056604
0 0.32264150943396225 0.13962264150943396 0.052830188679245285 0.04150943396226415
0 0.3679245283018868 0.21509433962264152 0.052830188679245285 0.04150943396226415
0 0.5047169811320755 0.2509433962264151 0.05849056603773585 0.03773584905660377
0 0.7688679245283019 0.42547169811320756 0.05471698113207547 0.04339622641509434
0 0.2518867924528302 0.14339622641509434 0.0660377358490566 0.04528301886792453
0 0.3679245283018868 0.4037735849056604 0.0830188679245283 0.06037735849056604
0 0.3915094339622642 0.6452830188679245 0.1 0.07924528301886792
0 0.41320754716981134 0.8481132075471698 0.07924528301886792 0.06981132075471698
0 0.06509433962264151 0.7754716981132076 0.08867924528301886 0.06415094339622641
0 0.8839622641509434 0.47452830188679246 0.05471698113207547 0.04339622641509434
0 0.2679245283018868 0.43018867924528303 0.08679245283018867 0.04905660377358491
