0 0.47242798353909465 0.37587006960556846 0.11851851851851852 0.10672853828306265
0 0.5386831275720164 0.7494199535962878 0.18189300411522633 0.17788089713843774
0 0.22263374485596707 0.07269914926527456 0.12098765432098765 0.11291569992266048
0 0.13991769547325103 0.7111368909512762 0.10534979423868313 0.10131477184841454
0 0.3460905349794239 0.9191802010827533 0.08641975308641975 0.08739365815931942
0 0.6975308641975309 0.3209590100541377 0.12921810699588476 0.1237432327919567
0 0.7049382716049383 0.7517401392111369 0.12757201646090535 0.09280742459396753
0 0.5152263374485596 0.046403712296983764 0.09218106995884773 0.09126063418406806
0 0.6415637860082304 0.9191802010827533 0.1654320987654321 0.15699922660479507
0 0.7135802469135802 0.6152358855375097 0.13497942386831274 0.11678267594740913
0 0.09999999999999999 0.5989945862335654 0.14897119341563786 0.1183294663573086
0 0.4925925925925926 0.5193348801237433 0.18024691358024691 0.18329466357308585
