0 0.7453125 0.7085365853658536 0.08125 0.15365853658536585
0 0.17265625 0.55 0.0859375 0.1
0 0.6828125 0.8268292682926829 0.134375 0.16097560975609757
0 0.1796875 0.6378048780487805 0.078125 0.10975609756097561
0 0.5671875000000001 0.7829268292682927 0.096875 0.13658536585365855
0 0.7742187500000001 0.8280487804878048 0.09843750000000001 0.16829268292682928
0 0.65546875 0.6890243902439024 0.1203125 0.16829268292682928
0 0.84921875 0.7304878048780488 0.11093750000000001 0.15853658536585366
0 0.29140625000000003 0.6536585365853659 0.060937500000000006 0.1024390243902439
0 0.40234375 0.6707317073170732 0.09843750000000001 0.1073170731707317
0 0.88984375 0.8670731707317073 0.1453125 0.15853658536585366
0 0.3296875 0.7085365853658536 0.059375000000000004 0.05609756097560976
0 0.025 0.6195121951219512 0.046875 0.11707317073170731
0 0.096875 0.625609756097561 0.1 0.12439024390243902
