0 0.8333333333333334 0.43421052631578944 0.08666666666666667 0.09398496240601503
0 0.7083333333333334 0.631578947368421 0.03666666666666667 0.045112781954887216
0 0.8983333333333334 0.41353383458646614 0.07 0.09022556390977443
0 0.7683333333333334 0.9172932330827067 0.08333333333333334 0.09774436090225563
0 0.3983333333333334 0.9154135338345865 0.07 0.07142857142857142
0 0.24333333333333335 0.8233082706766917 0.04666666666666667 0.05263157894736842
0 0.4783333333333334 0.45676691729323304 0.07666666666666667 0.08646616541353383
0 0.7066666666666667 0.9454887218045113 0.06666666666666667 0.08646616541353383
0 0.8616666666666667 0.35526315789473684 0.06333333333333334 0.05639097744360902
0 0.8600000000000001 0.15789473684210525 0.08 0.06766917293233082
0 0.4416666666666667 0.07330827067669173 0.05666666666666667 0.06390977443609022
0 0.8750000000000001 0.22368421052631576 0.06333333333333334 0.06390977443609022
0 0.25833333333333336 0.12969924812030076 0.05 0.05639097744360902
0 0.48833333333333334 0.23120300751879697 0.05666666666666667 0.06390977443609022
0 0.18833333333333335 0.2706766917293233 0.05666666666666667 0.06015037593984962
0 0.3383333333333334 0.93796992481203 0.05 0.05639097744360902
0 0.8200000000000001 0.3120300751879699 0.06666666666666667 0.06766917293233082
0 0.2566666666666667 0.3684210526315789 0.05333333333333334 0.06015037593984962
