0 0.6815384615384615 0.4345238095238096 0.043076923076923075 0.0642857142857143
0 0.052307692307692305 0.4214285714285715 0.03076923076923077 0.04761904761904762
0 0.15846153846153846 0.28095238095238095 0.03076923076923077 0.04761904761904762
0 0.10923076923076923 0.5666666666666668 0.03076923076923077 0.04761904761904762
0 0.0876923076923077 0.3880952380952381 0.03076923076923077 0.04761904761904762
0 0.18615384615384614 0.4130952380952381 0.043076923076923075 0.0642857142857143
0 0.13538461538461538 0.7988095238095239 0.03692307692307692 0.05952380952380953
0 0.42923076923076925 0.3595238095238096 0.04923076923076923 0.06666666666666668
0 0.12461538461538461 0.11904761904761905 0.03076923076923077 0.04761904761904762
0 0.9753846153846154 0.034523809523809526 0.043076923076923075 0.0642857142857143
0 0.18307692307692308 0.2690476190476191 0.03076923076923077 0.04761904761904762
0 0.6392307692307693 0.05 0.047692307692307694 0.06190476190476191
0 0.3330769230769231 0.430952380952381 0.038461538461538464 0.05714285714285715
