0 0.145 0.36312500000000003 0.0725 0.10125
0 0.455 0.77 0.0825 0.145
0 0.16375 0.529375 0.0725 0.10125
0 0.348125 0.45 0.08375 0.1375
0 0.6925 0.51125 0.09 0.1475
0 0.123125 0.464375 0.06375 0.07875
0 0.24375 0.46625 0.0725 0.115
0 0.795 0.659375 0.09 0.13375
0 0.20625000000000002 0.318125 0.0625 0.09375
0 0.7025 0.83625 0.0825 0.1375
0 0.574375 0.4875 0.07625 0.12
0 0.76375 0.1475 0.08750000000000001 0.145
0 0.411875 0.578125 0.07625 0.13625
0 0.811875 0.5375 0.07875 0.1275
0 0.48125 0.47375 0.07 0.1075
0 0.80875 0.37625000000000003 0.08750000000000001 0.145
0 0.5437500000000001 0.805 0.0825 0.1375
0 0.45125 0.121875 0.085 0.16625
