0 0.517 0.1966966966966967 0.042 0.06306306306306306
0 0.31 0.14114114114114115 0.056 0.08408408408408408
0 0.419 0.551051051051051 0.042 0.06906906906906907
0 0.14400000000000002 0.04804804804804805 0.04 0.05405405405405406
0 0.77 0.7327327327327328 0.052000000000000005 0.07807807807807808
0 0.299 0.4009009009009009 0.026000000000000002 0.03303303303303303
0 0.6950000000000001 0.1966966966966967 0.034 0.057057057057057055
0 0.884 0.7642642642642643 0.036000000000000004 0.057057057057057055
0 0.112 0.5990990990990991 0.036000000000000004 0.057057057057057055
0 0.03 0.27177177177177175 0.04 0.057057057057057055
0 0.024 0.22372372372372373 0.036000000000000004 0.05105105105105105
0 0.513 0.5180180180180181 0.038 0.06306306306306306
0 0.459 0.575075075075075 0.042 0.06906906906906907
0 0.035 0.8438438438438438 0.03 0.04204204204204204
0 0.422 0.46096096096096095 0.048 0.06906906906906907
0 0.34600000000000003 0.3363363363363363 0.052000000000000005 0.08408408408408408
0 0.546 0.4024024024024024 0.032 0.04804804804804805
0 0.01 0.2732732732732733 0.016 0.05405405405405406
0 0.26 0.7132132132132132 0.06 0.08108108108108109
