0 0.3930769230769231 0.7107142857142857 0.13384615384615384 0.13095238095238096
0 0.3776923076923077 0.5285714285714286 0.13692307692307693 0.18571428571428572
0 0.23846153846153847 0.4904761904761905 0.14769230769230768 0.20476190476190478
0 0.59 0.6857142857142857 0.11846153846153847 0.11904761904761905
0 0.5407692307692308 0.7107142857142857 0.12461538461538461 0.11190476190476191
0 0.7515384615384615 0.6761904761904762 0.1646153846153846 0.20952380952380956
0 0.47384615384615386 0.6357142857142858 0.11692307692307692 0.1
0 0.16153846153846155 0.3952380952380953 0.07384615384615384 0.16666666666666669
0 0.3 0.6702380952380953 0.13538461538461538 0.1642857142857143
0 0.3007692307692308 0.6666666666666667 0.13076923076923078 0.1523809523809524
