0 0.5915 0.5866666666666667 0.047 0.058666666666666666
0 0.604 0.316 0.056 0.064
0 0.323 0.3506666666666667 0.048 0.056
0 0.203 0.19533333333333333 0.048 0.06533333333333333
0 0.3055 0.624 0.053 0.064
0 0.7085 0.536 0.045 0.058666666666666666
0 0.8135 0.662 0.065 0.076
0 0.378 0.5113333333333333 0.046 0.05466666666666666
0 0.512 0.6266666666666666 0.04 0.048
0 0.761 0.582 0.046 0.04933333333333333
0 0.191 0.38466666666666666 0.044 0.05466666666666666
0 0.705 0.896 0.036000000000000004 0.050666666666666665
0 0.091 0.24533333333333332 0.052000000000000005 0.064
0 0.633 0.582 0.04 0.05466666666666666
0 0.6915 0.8046666666666666 0.049 0.052
0 0.0555 0.21466666666666667 0.055 0.06133333333333333
0 0.514 0.5773333333333334 0.04 0.048
0 0.671 0.7193333333333333 0.044 0.04933333333333333
0 0.40850000000000003 0.3773333333333333 0.051000000000000004 0.056
0 0.316 0.29266666666666663 0.048 0.05733333333333333
0 0.531 0.37666666666666665 0.048 0.06266666666666666
0 0.6775 0.48466666666666663 0.049 0.06266666666666666
0 0.491 0.526 0.044 0.04933333333333333
0 0.14100000000000001 0.4646666666666667 0.044 0.05466666666666666
0 0.68 0.9153333333333333 0.04 0.052
0 0.34900000000000003 0.3733333333333333 0.044 0.06666666666666667
