0 0.14309895833333333 0.09074074074074075 0.09713541666666667 0.1574074074074074
0 0.5110677083333334 0.4064814814814815 0.13203125 0.20740740740740743
0 0.057942708333333336 0.6685185185185185 0.10651041666666666 0.19166666666666668
0 0.074609375 0.8849537037037037 0.06484375 0.0912037037037037
0 0.5859375 0.13356481481481483 0.153125 0.2662037037037037
0 0.25807291666666665 0.38125000000000003 0.08802083333333333 0.14953703703703705
0 0.17018229166666665 0.24074074074074076 0.11223958333333334 0.18333333333333335
0 0.119140625 0.9460648148148149 0.08359375 0.10787037037037038
0 0.9264322916666666 0.8803240740740741 0.03359375 0.06342592592592593
0 0.4828125 0.8574074074074074 0.13697916666666665 0.23333333333333334
0 0.807421875 0.8465277777777778 0.11744791666666667 0.19398148148148148
0 0.7684895833333333 0.35879629629629634 0.18229166666666666 0.312962962962963
0 0.21041666666666667 0.8763888888888889 0.029166666666666667 0.05648148148148149
0 0.06783854166666667 0.23935185185185187 0.03463541666666667 0.07314814814814816
0 0.31015625 0.44606481481481486 0.0671875 0.11527777777777778
0 0.564453125 0.6046296296296296 0.13203125 0.20740740740740743
0 0.30377604166666666 0.7171296296296297 0.07890625 0.15185185185185185
