0 0.5295572916666667 0.23217592592592592 0.02734375 0.04120370370370371
0 0.335546875 0.36967592592592596 0.02421875 0.04120370370370371
0 0.6990885416666667 0.24560185185185185 0.029427083333333333 0.05416666666666667
0 0.11953124999999999 0.41782407407407407 0.040625 0.06527777777777778
0 0.6365885416666667 0.8414351851851852 0.03515625 0.0625
0 0.751171875 0.5798611111111112 0.04921875 0.0837962962962963
0 0.586328125 0.22824074074074074 0.03203125 0.05277777777777778
0 0.7944010416666667 0.9685185185185186 0.04765625 0.06296296296296297
0 0.8052083333333333 0.8013888888888889 0.034895833333333334 0.06574074074074074
0 0.38984375 0.1564814814814815 0.030208333333333334 0.053703703703703705
0 0.8627604166666667 0.15486111111111112 0.05572916666666666 0.09212962962962963
0 0.9555989583333333 0.9032407407407408 0.053385416666666664 0.08796296296296297
0 0.7428385416666666 0.19791666666666669 0.029427083333333333 0.050462962962962966
0 0.6881510416666666 0.16736111111111113 0.054947916666666666 0.10138888888888889
0 0.619140625 0.781712962962963 0.03515625 0.0625
0 0.13190104166666666 0.7912037037037037 0.032552083333333336 0.04814814814814815
0 0.215234375 0.6958333333333334 0.032552083333333336 0.04814814814814815
0 0.77265625 0.36736111111111114 0.053125 0.08287037037037037
0 0.47018229166666664 0.08310185185185186 0.02265625 0.051388888888888894
0 0.019010416666666665 0.44351851851851853 0.0375 0.0638888888888889
0 0.324609375 0.4800925925925926 0.032552083333333336 0.04814814814814815
0 0.8040364583333334 0.7055555555555556 0.04869791666666667 0.07685185185185185
0 0.8893229166666666 0.23333333333333334 0.04479166666666667 0.08055555555555556
0 0.358203125 0.27037037037037037 0.025260416666666667 0.058333333333333334
0 0.69375 0.6141203703703704 0.028645833333333332 0.050462962962962966
0 0.3619791666666667 0.40601851851851856 0.0296875 0.05092592592592593
