0 0.47000000000000003 0.38026315789473686 0.030000000000000002 0.05526315789473684
0 0.09250000000000001 0.18157894736842106 0.06166666666666667 0.09999999999999999
0 0.4391666666666667 0.5592105263157895 0.065 0.09210526315789473
0 0.31083333333333335 0.4026315789473684 0.07166666666666667 0.10526315789473684
0 0.5666666666666667 0.8921052631578947 0.06666666666666667 0.08947368421052632
0 0.6875 0.8644736842105263 0.065 0.06578947368421052
0 0.5258333333333334 0.625 0.065 0.09210526315789473
0 0.25083333333333335 0.6657894736842105 0.07166666666666667 0.10526315789473684
0 0.9075000000000001 0.8855263157894737 0.065 0.08157894736842106
0 0.5041666666666667 0.9118421052631579 0.07166666666666667 0.11842105263157894
0 0.07166666666666667 0.43157894736842106 0.06666666666666667 0.10526315789473684
0 0.7658333333333334 0.85 0.06166666666666667 0.10526315789473684
0 0.5758333333333334 0.5302631578947369 0.065 0.10263157894736842
0 0.12916666666666668 0.19342105263157894 0.028333333333333335 0.07105263157894737
0 0.5116666666666667 0.531578947368421 0.07666666666666667 0.11052631578947368
0 0.6541666666666667 0.6289473684210526 0.07833333333333334 0.09999999999999999
0 0.6216666666666667 0.7618421052631579 0.07 0.1131578947368421
0 0.29250000000000004 0.02236842105263158 0.06833333333333334 0.039473684210526314
0 0.39666666666666667 0.21052631578947367 0.06666666666666667 0.08947368421052632
0 0.7166666666666667 0.8131578947368421 0.06666666666666667 0.09473684210526316
0 0.6858333333333334 0.731578947368421 0.06166666666666667 0.10526315789473684
0 0.3016666666666667 0.7131578947368421 0.07333333333333333 0.10526315789473684
0 0.53 0.8118421052631579 0.07666666666666667 0.1131578947368421
0 0.3925 0.29605263157894735 0.058333333333333334 0.07105263157894737
