0 0.5761111111111111 0.6266666666666666 0.03888888888888889 0.05037037037037037
0 0.17777777777777778 0.42 0.03777777777777778 0.045925925925925926
0 0.8077777777777778 0.8274074074074074 0.042222222222222223 0.057777777777777775
0 0.6138888888888889 0.6599999999999999 0.034444444444444444 0.04
0 0.7277777777777777 0.23851851851851852 0.028888888888888888 0.04444444444444444
0 0.6533333333333333 0.24296296296296296 0.028888888888888888 0.04444444444444444
0 0.9722222222222222 0.17925925925925926 0.03111111111111111 0.038518518518518514
0 0.21055555555555555 0.4348148148148148 0.025555555555555557 0.03407407407407407
0 0.07722222222222222 0.6229629629629629 0.03222222222222222 0.037037037037037035
0 0.08166666666666667 0.32370370370370366 0.025555555555555557 0.03111111111111111
0 0.13666666666666666 0.6177777777777778 0.035555555555555556 0.05037037037037037
0 0.115 0.657037037037037 0.03222222222222222 0.037037037037037035
0 0.7944444444444444 0.7385185185185185 0.035555555555555556 0.05481481481481481
0 0.24888888888888888 0.8429629629629629 0.035555555555555556 0.04444444444444444
0 0.6566666666666666 0.11851851851851851 0.03111111111111111 0.038518518518518514
0 0.13055555555555556 0.42148148148148146 0.03666666666666667 0.04
0 0.7427777777777778 0.2577777777777778 0.025555555555555557 0.04444444444444444
0 0.9566666666666667 0.2148148148148148 0.03111111111111111 0.038518518518518514
0 0.6644444444444444 0.6237037037037036 0.04666666666666667 0.056296296296296296
0 0.3972222222222222 0.5155555555555555 0.05 0.06814814814814814
0 0.2611111111111111 0.7355555555555555 0.03111111111111111 0.03407407407407407
0 0.1661111111111111 0.6481481481481481 0.03222222222222222 0.037037037037037035
0 0.5961111111111111 0.3748148148148148 0.03222222222222222 0.03259259259259259
0 0.12555555555555556 0.5066666666666666 0.03111111111111111 0.035555555555555556
0 0.7105555555555556 0.5829629629629629 0.04555555555555556 0.05185185185185185
0 0.3511111111111111 0.6696296296296296 0.024444444444444446 0.03259259259259259
0 0.2827777777777778 0.8007407407407408 0.034444444444444444 0.05185185185185185
0 0.7405555555555555 0.7585185185185185 0.03666666666666667 0.056296296296296296
0 0.7033333333333334 0.762962962962963 0.035555555555555556 0.047407407407407405
0 0.6522222222222223 0.3118518518518518 0.026666666666666665 0.037037037037037035
0 0.35888888888888887 0.5051851851851852 0.028888888888888888 0.06222222222222222
0 0.7005555555555556 0.26666666666666666 0.025555555555555557 0.04444444444444444
0 0.049444444444444444 0.4348148148148148 0.03222222222222222 0.03407407407407407
0 0.17055555555555554 0.5955555555555555 0.043333333333333335 0.05333333333333333
0 0.37777777777777777 0.6229629629629629 0.022222222222222223 0.045925925925925926
0 0.35 0.5755555555555555 0.044444444444444446 0.05481481481481481
0 0.9477777777777778 0.32740740740740737 0.03777777777777778 0.047407407407407405
