0 0.6344444444444445 0.2753743760399335 0.05555555555555555 0.07487520798668885
0 0.82 0.3336106489184692 0.04 0.051580698835274545
0 0.6805555555555556 0.24875207986688852 0.04777777777777778 0.064891846921797
0 0.6683333333333333 0.8286189683860233 0.04777777777777778 0.059900166389351084
0 0.13166666666666665 0.14725457570715475 0.04777777777777778 0.05823627287853578
0 0.9844444444444445 0.5457570715474209 0.028888888888888888 0.07653910149750416
0 0.5305555555555556 0.5133111480865225 0.04777777777777778 0.06821963394342762
0 0.2838888888888889 0.5682196339434277 0.04111111111111111 0.05490848585690516
0 0.6527777777777778 0.9475873544093179 0.052222222222222225 0.07154742096505824
0 0.7116666666666667 0.6863560732113145 0.03888888888888889 0.051580698835274545
0 0.7494444444444445 0.5241264559068219 0.03888888888888889 0.04658901830282862
0 0.5072222222222222 0.9767054908485857 0.06111111111111111 0.04658901830282862
0 0.09222222222222222 0.23793677204658903 0.04 0.06988352745424294
0 0.08444444444444445 0.39018302828618967 0.057777777777777775 0.0848585690515807
0 0.7677777777777778 0.305324459234609 0.026666666666666665 0.051580698835274545
0 0.7111111111111111 0.326955074875208 0.03777777777777778 0.05490848585690516
0 0.7422222222222222 0.2129783693843594 0.04888888888888889 0.07986688851913477
0 0.8983333333333333 0.4317803660565724 0.027777777777777776 0.04492512479201331
0 0.02 0.781198003327787 0.03777777777777778 0.05823627287853578
0 0.8416666666666667 0.6663893510815307 0.03666666666666667 0.05490848585690516
0 0.985 0.0740432612312812 0.027777777777777776 0.05490848585690516
0 0.9361111111111111 0.4209650582362729 0.06111111111111111 0.08319467554076539
0 0.9372222222222222 0.7479201331114809 0.03888888888888889 0.05490848585690516
0 0.14166666666666666 0.32945091514143093 0.05444444444444444 0.07653910149750416
0 0.9627777777777777 0.7079866888519135 0.03666666666666667 0.05823627287853578
0 0.5827777777777777 0.5316139767054908 0.05 0.07154742096505824
0 0.7916666666666666 0.14392678868552414 0.04555555555555556 0.064891846921797
0 0.04111111111111111 0.5041597337770383 0.051111111111111114 0.07321131447587355
0 0.07333333333333333 0.5973377703826955 0.05333333333333333 0.07321131447587355
0 0.5866666666666667 0.2529118136439268 0.04666666666666667 0.07653910149750416
0 0.8394444444444444 0.20715474209650583 0.04111111111111111 0.04492512479201331
0 0.9788888888888889 0.7870216306156406 0.03777777777777778 0.0632279534109817
0 0.6938888888888889 0.13477537437603992 0.05444444444444444 0.07321131447587355
0 0.8627777777777778 0.15058236272878536 0.03666666666666667 0.05823627287853578
0 0.5427777777777778 0.4209650582362729 0.04777777777777778 0.07986688851913477
0 0.6427777777777778 0.5648918469217971 0.03888888888888889 0.05823627287853578
0 0.7072222222222222 0.7720465890183028 0.056666666666666664 0.07986688851913477
0 0.6283333333333333 0.5615640599001664 0.06555555555555556 0.06821963394342762
0 0.4961111111111111 0.389351081530782 0.052222222222222225 0.07986688851913477
0 0.9061111111111111 0.08901830282861897 0.04777777777777778 0.07154742096505824
