0 0.546 0.4920127795527156 0.04 0.07028753993610223
0 0.687 0.3226837060702875 0.038 0.05750798722044728
0 0.38 0.16773162939297123 0.04 0.06070287539936102
0 0.583 0.3546325878594249 0.042 0.05750798722044728
0 0.51 0.12619808306709265 0.052000000000000005 0.08626198083067092
0 0.87 0.5559105431309904 0.04 0.05750798722044728
0 0.899 0.6964856230031948 0.042 0.05750798722044728
0 0.581 0.45686900958466453 0.042 0.06389776357827476
0 0.247 0.28434504792332266 0.05 0.07028753993610223
0 0.613 0.6645367412140575 0.058 0.07028753993610223
