0 0.6416666666666667 0.10625 0.043333333333333335 0.0425
0 0.31083333333333335 0.6587500000000001 0.05166666666666667 0.0725
0 0.5333333333333333 0.875 0.04666666666666667 0.085
0 0.3875 0.25 0.05166666666666667 0.075
0 0.6825 0.2725 0.045000000000000005 0.07
0 0.9508333333333334 0.63 0.05166666666666667 0.075
0 0.5358333333333334 0.64625 0.05166666666666667 0.0725
0 0.9608333333333334 0.7125 0.06166666666666667 0.075
0 0.6033333333333334 0.77 0.05666666666666667 0.07
0 0.8291666666666667 0.9550000000000001 0.058333333333333334 0.075
0 0.7416666666666667 0.2325 0.05333333333333334 0.07
0 0.5108333333333334 0.5625 0.04833333333333334 0.065
0 0.5725 0.7312500000000001 0.05166666666666667 0.0725
0 0.8508333333333334 0.55 0.04166666666666667 0.065
0 0.4708333333333334 0.6275000000000001 0.05166666666666667 0.075
0 0.7841666666666667 0.275 0.05166666666666667 0.075
0 0.8441666666666667 0.0225 0.045000000000000005 0.04
0 0.030833333333333334 0.80375 0.04833333333333334 0.0575
0 0.23583333333333334 0.7375 0.055 0.07
0 0.8991666666666667 0.19 0.045000000000000005 0.07
0 0.5841666666666667 0.8775000000000001 0.04833333333333334 0.07
0 0.02666666666666667 0.19625 0.05 0.0525
0 0.6041666666666667 0.47500000000000003 0.05166666666666667 0.065
0 0.9233333333333333 0.805 0.05 0.075
0 0.10416666666666667 0.47250000000000003 0.04833333333333334 0.06
0 0.47500000000000003 0.965 0.05333333333333334 0.07
0 0.4525 0.5525 0.05166666666666667 0.075
0 0.5075000000000001 0.5 0.05166666666666667 0.075
0 0.44 0.03 0.06666666666666667 0.055
0 0.17750000000000002 0.7575000000000001 0.055 0.08
0 0.6666666666666667 0.52625 0.07 0.0725
0 0.8033333333333333 0.505 0.05 0.065
