0 0.47950000000000004 0.46846846846846846 0.127 0.17717717717717718
0 0.134 0.2905405405405405 0.132 0.21171171171171171
0 0.8575 0.10885885885885886 0.139 0.21171171171171171
0 0.889 0.20795795795795796 0.14 0.15465465465465467
0 0.5465 0.3536036036036036 0.133 0.18168168168168167
0 0.7025 0.8971471471471472 0.125 0.16366366366366367
0 0.6405 0.48123123123123124 0.123 0.18468468468468469
0 0.7725 0.4376876876876877 0.139 0.21171171171171171
0 0.8335 0.7244744744744744 0.113 0.15765765765765766
0 0.101 0.6689189189189189 0.124 0.18468468468468469
