0 0.0642737896494157 0.5672222222222222 0.05843071786310518 0.03888888888888889
0 0.7078464106844742 0.3572222222222222 0.05676126878130217 0.034444444444444444
0 0.5792988313856428 0.3111111111111111 0.07011686143572621 0.04
0 0.7954924874791319 0.23666666666666666 0.0651085141903172 0.03777777777777778
0 0.18530884808013356 0.37222222222222223 0.0667779632721202 0.044444444444444446
0 0.503338898163606 0.22277777777777777 0.05509181969949917 0.04111111111111111
0 0.2262103505843072 0.6 0.0651085141903172 0.042222222222222223
0 0.815525876460768 0.2861111111111111 0.06844741235392321 0.03888888888888889
0 0.40818030050083476 0.20777777777777778 0.05843071786310518 0.03777777777777778
0 0.9190317195325542 0.3616666666666667 0.05843071786310518 0.03666666666666667
0 0.25375626043405675 0.4961111111111111 0.07679465776293823 0.04555555555555556
