0 0.8604166666666666 0.3597222222222222 0.04791666666666666 0.061111111111111116
0 0.2630208333333333 0.12013888888888889 0.028125 0.03194444444444445
0 0.890625 0.9437500000000001 0.04583333333333333 0.05694444444444444
0 0.6302083333333334 0.07152777777777779 0.035416666666666666 0.04027777777777778
0 0.21510416666666665 0.2791666666666667 0.028125 0.04166666666666667
0 0.728125 0.2763888888888889 0.05 0.061111111111111116
0 0.378125 0.8569444444444445 0.035416666666666666 0.05
0 0.4458333333333333 0.04583333333333334 0.035416666666666666 0.05277777777777778
0 0.48125 0.02777777777777778 0.03958333333333333 0.04722222222222222
0 0.2625 0.08750000000000001 0.027083333333333334 0.03888888888888889
0 0.475 0.07083333333333333 0.03333333333333333 0.04166666666666667
0 0.09791666666666667 0.32083333333333336 0.027083333333333334 0.036111111111111115
0 0.8229166666666666 0.31875000000000003 0.04375 0.05416666666666667
0 0.3859375 0.20486111111111113 0.034375 0.0375
0 0.9401041666666666 0.6131944444444445 0.053125 0.07361111111111111
0 0.821875 0.2576388888888889 0.041666666666666664 0.059722222222222225
0 0.6994791666666667 0.7625000000000001 0.046875 0.061111111111111116
0 0.7390625 0.6263888888888889 0.04895833333333333 0.061111111111111116
0 0.3640625 0.9701388888888889 0.03854166666666667 0.04861111111111111
0 0.525 0.8020833333333334 0.035416666666666666 0.04861111111111111
0 0.11510416666666666 0.2798611111111111 0.030208333333333334 0.04027777777777778
0 0.4322916666666667 0.8145833333333333 0.0375 0.05416666666666667
0 0.6276041666666666 0.02013888888888889 0.03854166666666667 0.0375
0 0.7302083333333333 0.4861111111111111 0.04583333333333333 0.05277777777777778
0 0.525 0.21875 0.03958333333333333 0.04861111111111111
0 0.2875 0.48055555555555557 0.03125 0.03888888888888889
0 0.1921875 0.7090277777777778 0.03229166666666666 0.043055555555555555
0 0.5609375 0.6638888888888889 0.03229166666666666 0.04722222222222222
