0 0.5991666666666667 0.8435483870967742 0.09833333333333334 0.06559139784946237
0 0.24666666666666667 0.42795698924731185 0.08 0.05161290322580645
0 0.2866666666666667 0.3258064516129032 0.07666666666666667 0.05161290322580645
0 0.4758333333333334 0.17688172043010753 0.085 0.05268817204301075
0 0.7641666666666667 0.02795698924731183 0.08166666666666667 0.053763440860215055
0 0.5108333333333334 0.7247311827956989 0.08833333333333333 0.06451612903225806
0 0.41500000000000004 0.06827956989247312 0.06333333333333334 0.05053763440860215
0 0.19583333333333336 0.5145161290322581 0.07500000000000001 0.05053763440860215
0 0.7875000000000001 0.9198924731182796 0.09166666666666667 0.06129032258064516
0 0.29000000000000004 0.678494623655914 0.08666666666666667 0.05591397849462366
0 0.7733333333333334 0.6725806451612903 0.09000000000000001 0.06559139784946237
0 0.35083333333333333 0.8268817204301075 0.09166666666666667 0.06021505376344086
0 0.40750000000000003 0.617741935483871 0.095 0.05913978494623656
0 0.4083333333333334 0.15053763440860216 0.07666666666666667 0.05591397849462366
0 0.7333333333333334 0.7478494623655914 0.08333333333333334 0.05053763440860215
0 0.8091666666666667 0.4747311827956989 0.08833333333333333 0.05268817204301075
0 0.4608333333333334 0.42096774193548386 0.09833333333333334 0.06129032258064516
0 0.26666666666666666 0.17580645161290323 0.08666666666666667 0.06129032258064516
0 0.7100000000000001 0.6333333333333333 0.06666666666666667 0.04516129032258064
