0 0.43500000000000005 0.69 0.21666666666666667 0.13333333333333333
0 0.115 0.4738888888888889 0.14 0.10111111111111111
0 0.43083333333333335 0.40944444444444444 0.18833333333333335 0.12555555555555556
0 0.24166666666666667 0.33666666666666667 0.17666666666666667 0.11555555555555555
0 0.4066666666666667 0.1438888888888889 0.10666666666666667 0.09888888888888889
0 0.3066666666666667 0.9105555555555556 0.20333333333333334 0.13
0 0.7383333333333334 0.7583333333333333 0.19666666666666668 0.13444444444444445
0 0.7125 0.3327777777777778 0.15833333333333335 0.10777777777777778
0 0.2316666666666667 0.7244444444444444 0.18333333333333335 0.12444444444444444
0 0.915 0.7461111111111111 0.17 0.1388888888888889
