0 0.70947265625 0.4622395833333333 0.0673828125 0.09114583333333333
0 0.51513671875 0.45377604166666663 0.0634765625 0.08463541666666666
0 0.90380859375 0.12044270833333333 0.0537109375 0.06640625
0 0.5654296875 0.3040364583333333 0.06640625 0.07942708333333333
0 0.86279296875 0.6588541666666666 0.0595703125 0.07291666666666666
0 0.37353515625 0.056640625 0.0634765625 0.07942708333333333
0 0.5302734375 0.185546875 0.068359375 0.09244791666666666
0 0.69091796875 0.107421875 0.0615234375 0.07942708333333333
0 0.92529296875 0.525390625 0.0732421875 0.09244791666666666
0 0.33935546875 0.32096354166666663 0.0595703125 0.07942708333333333
0 0.52392578125 0.642578125 0.0673828125 0.07942708333333333
0 0.6298828125 0.3626302083333333 0.0546875 0.06640625
0 0.31005859375 0.22721354166666666 0.0615234375 0.06901041666666666
0 0.45703125 0.47265625 0.068359375 0.09375
0 0.44970703125 0.26953125 0.0283203125 0.04427083333333333
0 0.94140625 0.701171875 0.0703125 0.09505208333333333
0 0.04150390625 0.283203125 0.0634765625 0.08463541666666666
0 0.90625 0.8470052083333333 0.07421875 0.08984375
0 0.4794921875 0.5833333333333333 0.076171875 0.09895833333333333
0 0.66455078125 0.5240885416666666 0.0693359375 0.09765625
