0 0.274 0.8166666666666667 0.312 0.3666666666666667
0 0.635 0.2902777777777778 0.318 0.4638888888888889
0 0.748 0.11944444444444445 0.192 0.18333333333333335
0 0.073 0.7361111111111112 0.14200000000000002 0.4277777777777778
0 0.122 0.09861111111111112 0.2 0.19166666666666668
0 0.65 0.8416666666666667 0.36 0.3055555555555556
0 0.421 0.6013888888888889 0.382 0.5527777777777778
0 0.305 0.2138888888888889 0.33 0.37777777777777777
0 0.782 0.5930555555555556 0.26 0.3861111111111111
0 0.52 0.08194444444444444 0.184 0.15833333333333333
0 0.871 0.35555555555555557 0.19 0.3111111111111111
