0 0.4990697674418605 0.7109788359788359 0.051162790697674425 0.07804232804232804
0 0.8158139534883722 0.45238095238095233 0.059534883720930236 0.07407407407407407
0 0.11674418604651163 0.7003968253968254 0.05302325581395349 0.05423280423280423
0 0.5204651162790698 0.5231481481481481 0.05488372093023256 0.08333333333333333
0 0.4474418604651163 0.5773809523809523 0.044651162790697675 0.07539682539682539
0 0.3730232558139535 0.6699735449735449 0.0558139534883721 0.07539682539682539
0 0.7423255813953489 0.15674603174603174 0.052093023255813956 0.07275132275132275
0 0.21953488372093025 0.10846560846560846 0.06883720930232559 0.10052910052910052
0 0.4279069767441861 0.29166666666666663 0.06883720930232559 0.09656084656084656
0 0.09395348837209302 0.34854497354497355 0.07627906976744186 0.10714285714285714
0 0.5167441860465116 0.164021164021164 0.060465116279069774 0.08994708994708994
0 0.6609302325581395 0.5978835978835979 0.043720930232558144 0.06349206349206349
0 0.9367441860465117 0.8564814814814814 0.08744186046511629 0.1283068783068783
0 0.41953488372093023 0.6884920634920635 0.04093023255813954 0.062169312169312166
0 0.29534883720930233 0.6838624338624338 0.05488372093023256 0.082010582010582
0 0.40651162790697676 0.5476190476190476 0.052093023255813956 0.0873015873015873
0 0.5827906976744186 0.27116402116402116 0.05674418604651163 0.09259259259259259
