0 0.39333333333333337 0.8633333333333333 0.21666666666666667 0.25555555555555554
0 0.5641666666666667 0.08555555555555555 0.24500000000000002 0.16666666666666666
0 0.6208333333333333 0.3933333333333333 0.31833333333333336 0.42666666666666664
0 0.15416666666666667 0.82 0.3016666666666667 0.36
0 0.10250000000000001 0.43777777777777777 0.2016666666666667 0.48
0 0.8516666666666667 0.6155555555555555 0.2866666666666667 0.47555555555555556
0 0.6216666666666667 0.7988888888888889 0.3566666666666667 0.3844444444444444
0 0.8391666666666667 0.16444444444444445 0.3216666666666667 0.32
0 0.21250000000000002 0.17222222222222222 0.35833333333333334 0.33555555555555555
0 0.34750000000000003 0.37666666666666665 0.3116666666666667 0.45111111111111113
