0 0.33083333333333337 0.29 0.21166666666666667 0.315
0 0.14916666666666667 0.865 0.21500000000000002 0.27
0 0.14083333333333334 0.08375 0.2016666666666667 0.1575
0 0.8141666666666667 0.6950000000000001 0.16833333333333333 0.22
0 0.5833333333333334 0.27125 0.25 0.3875
0 0.6741666666666667 0.09375 0.17833333333333334 0.1825
0 0.805 0.88 0.26 0.24
0 0.8891666666666668 0.165 0.21166666666666667 0.29
0 0.42583333333333334 0.4525 0.20833333333333334 0.295
0 0.6375000000000001 0.725 0.21166666666666667 0.355
0 0.11916666666666667 0.25 0.20500000000000002 0.29
0 0.9483333333333334 0.7275 0.10333333333333335 0.355
0 0.32 0.07125000000000001 0.2066666666666667 0.1375
0 0.12250000000000001 0.52375 0.21500000000000002 0.3375
0 0.2675 0.69125 0.17500000000000002 0.3275
0 0.9066666666666667 0.4675 0.18666666666666668 0.34500000000000003
0 0.41500000000000004 0.75875 0.2366666666666667 0.3625
