0 0.794 0.16495901639344263 0.244 0.23155737704918034
0 0.221 0.7807377049180328 0.254 0.25
0 0.44 0.3709016393442623 0.228 0.2213114754098361
0 0.299 0.17315573770491804 0.23800000000000002 0.2602459016393443
0 0.134 0.5471311475409837 0.228 0.2377049180327869
0 0.898 0.34016393442622955 0.196 0.22950819672131148
0 0.63 0.9129098360655739 0.252 0.17418032786885246
0 0.557 0.7254098360655739 0.242 0.2377049180327869
0 0.356 0.5799180327868853 0.24 0.2418032786885246
0 0.224 0.9436475409836066 0.24 0.11270491803278689
0 0.153 0.09118852459016394 0.198 0.16188524590163936
0 0.109 0.2725409836065574 0.214 0.2418032786885246
0 0.778 0.4877049180327869 0.228 0.2540983606557377
0 0.585 0.5430327868852459 0.246 0.21721311475409838
0 0.937 0.9098360655737705 0.126 0.18032786885245902
0 0.544 0.16700819672131148 0.248 0.24385245901639346
0 0.745 0.7141393442622951 0.182 0.21106557377049182
