0 0.20333333333333334 0.70625 0.23333333333333334 0.1775
0 0.3866666666666667 0.77875 0.2066666666666667 0.1325
0 0.34 0.185 0.15333333333333335 0.1
0 0.085 0.62375 0.16333333333333333 0.1775
0 0.6633333333333333 0.25625 0.2066666666666667 0.1625
0 0.5916666666666667 0.69625 0.18333333333333335 0.1775
0 0.4766666666666667 0.2725 0.24000000000000002 0.195
0 0.515 0.86 0.23 0.155
0 0.745 0.4025 0.22333333333333336 0.165
0 0.26 0.92 0.25333333333333335 0.16
0 0.27166666666666667 0.30625 0.25 0.1825
0 0.18833333333333335 0.20125 0.16333333333333333 0.1125
0 0.7583333333333334 0.71 0.17666666666666667 0.15
0 0.4133333333333334 0.6425 0.24666666666666667 0.185
0 0.4866666666666667 0.9325 0.23333333333333334 0.135
0 0.785 0.8612500000000001 0.2566666666666667 0.1875
0 0.43000000000000005 0.46875 0.22 0.1675
0 0.7216666666666667 0.5437500000000001 0.20333333333333334 0.14250000000000002
0 0.14 0.46 0.2733333333333334 0.195
