0 0.13958333333333334 0.3433333333333334 0.20416666666666666 0.34
0 0.8781249999999999 0.14333333333333334 0.20208333333333334 0.26666666666666666
0 0.6239583333333333 0.6083333333333334 0.2604166666666667 0.4566666666666667
0 0.065625 0.7333333333333334 0.12708333333333333 0.43333333333333335
0 0.85 0.455 0.2375 0.3566666666666667
0 0.5833333333333334 0.26 0.21666666666666667 0.3066666666666667
0 0.2677083333333333 0.7866666666666667 0.26458333333333334 0.39333333333333337
0 0.3697916666666667 0.445 0.26875 0.39666666666666667
0 0.6895833333333333 0.17500000000000002 0.18333333333333332 0.3433333333333334
0 0.090625 0.16333333333333333 0.17708333333333334 0.32
0 0.809375 0.7866666666666667 0.21458333333333332 0.33333333333333337
0 0.64375 0.9183333333333334 0.2375 0.15666666666666668
