0 0.046250000000000006 0.5576441102756892 0.09083333333333334 0.10526315789473684
0 0.8650000000000001 0.8139097744360901 0.16166666666666668 0.24185463659147868
0 0.9408333333333334 0.5701754385964912 0.10333333333333335 0.16040100250626566
0 0.48125 0.4730576441102757 0.15416666666666667 0.20927318295739347
0 0.26166666666666666 0.8076441102756892 0.1366666666666667 0.21177944862155387
0 0.5145833333333334 0.8421052631578947 0.09250000000000001 0.17293233082706766
0 0.6262500000000001 0.7481203007518796 0.14916666666666667 0.20300751879699247
0 0.465 0.6591478696741855 0.16833333333333333 0.22055137844611528
0 0.7020833333333334 0.8527568922305764 0.17916666666666667 0.25187969924812026
0 0.745 0.4799498746867168 0.16166666666666668 0.18295739348370926
0 0.7712500000000001 0.6428571428571428 0.17083333333333334 0.20551378446115287
0 0.7570833333333333 0.39473684210526316 0.14750000000000002 0.16791979949874686
0 0.6175 0.5263157894736842 0.13166666666666668 0.23057644110275688
0 0.34 0.6096491228070176 0.15666666666666668 0.22180451127819548
0 0.10583333333333333 0.7036340852130325 0.1 0.12907268170426064
0 0.4025 0.9429824561403508 0.15000000000000002 0.11403508771929824
0 0.3866666666666667 0.8214285714285714 0.1716666666666667 0.20676691729323307
0 0.21125000000000002 0.6685463659147869 0.14083333333333334 0.19674185463659147
0 0.16458333333333333 0.8865914786967418 0.15583333333333335 0.22180451127819548
0 0.36291666666666667 0.48621553884711777 0.11416666666666668 0.12781954887218044
