0 0.9143518518518517 0.12654320987654322 0.06712962962962962 0.11728395061728396
0 0.7314814814814814 0.9310699588477367 0.05324074074074074 0.08024691358024692
0 0.5497685185185185 0.8148148148148149 0.06018518518518518 0.08641975308641976
0 0.6348379629629629 0.6512345679012346 0.06597222222222222 0.10905349794238683
0 0.6140046296296297 0.23971193415637862 0.0775462962962963 0.16255144032921812
0 0.6168981481481481 0.43621399176954734 0.06712962962962962 0.1358024691358025
0 0.8894675925925926 0.5030864197530864 0.07291666666666666 0.11728395061728396
0 0.4253472222222222 0.35185185185185186 0.059027777777777776 0.11111111111111112
0 0.9710648148148148 0.26131687242798357 0.05555555555555555 0.11111111111111112
0 0.7540509259259259 0.6656378600823046 0.059027777777777776 0.1131687242798354
