0 0.59875 0.13333333333333333 0.0775 0.10666666666666667
0 0.15 0.9616666666666668 0.065 0.07666666666666667
0 0.28625 0.08 0.0825 0.10666666666666667
0 0.20125 0.20500000000000002 0.0825 0.11666666666666667
0 0.64125 0.6533333333333333 0.0575 0.06666666666666667
0 0.4575 0.21833333333333335 0.085 0.09666666666666668
0 0.0625 0.42833333333333334 0.07 0.08333333333333334
0 0.7525000000000001 0.028333333333333335 0.08 0.05
0 0.32875 0.14500000000000002 0.0575 0.07666666666666667
0 0.5675 0.6133333333333334 0.05 0.06666666666666667
0 0.50375 0.12666666666666668 0.0575 0.07333333333333333
0 0.6875 0.6583333333333333 0.045 0.05666666666666667
0 0.44 0.12666666666666668 0.075 0.11333333333333334
0 0.6575 0.19666666666666668 0.07 0.1
0 0.4275 0.8650000000000001 0.045 0.05666666666666667
