0 0.70625 0.5770833333333333 0.14375000000000002 0.20416666666666666
0 0.43281250000000004 0.32708333333333334 0.19687500000000002 0.2375
0 0.10312500000000001 0.3645833333333333 0.2 0.2625
0 0.7234375000000001 0.13125 0.15937500000000002 0.24583333333333332
0 0.1234375 0.75 0.215625 0.21666666666666667
0 0.790625 0.7875 0.1875 0.225
0 0.5750000000000001 0.8 0.225 0.2916666666666667
0 0.25 0.13333333333333333 0.25 0.2583333333333333
0 0.34375 0.7791666666666667 0.21875 0.26666666666666666
0 0.3953125 0.55 0.15937500000000002 0.20833333333333334
0 0.890625 0.45 0.21250000000000002 0.23333333333333334
0 0.5671875000000001 0.5270833333333333 0.19687500000000002 0.25416666666666665
0 0.5640625 0.13541666666666666 0.240625 0.2625
0 0.284375 0.3541666666666667 0.16875 0.2
0 0.19843750000000002 0.59375 0.240625 0.3208333333333333
0 0.625 0.34791666666666665 0.16875 0.22083333333333333
0 0.9140625 0.69375 0.171875 0.2375
