0 0.26 0.6194444444444445 0.116 0.13333333333333333
0 0.8200000000000001 0.4777777777777778 0.048 0.061111111111111116
0 0.34900000000000003 0.9625 0.08600000000000001 0.075
0 0.251 0.10972222222222222 0.09 0.09166666666666667
0 0.157 0.7430555555555556 0.146 0.18611111111111112
0 0.863 0.5541666666666667 0.034 0.05277777777777778
0 0.454 0.8041666666666667 0.084 0.10833333333333334
0 0.331 0.13472222222222222 0.098 0.1527777777777778
0 0.077 0.7916666666666667 0.094 0.1277777777777778
0 0.532 0.8388888888888889 0.1 0.15
0 0.16 0.6 0.092 0.10555555555555556
0 0.764 0.21666666666666667 0.052000000000000005 0.07777777777777778
0 0.357 0.5111111111111112 0.126 0.17222222222222222
0 0.75 0.2833333333333333 0.06 0.07222222222222223
