0 0.713 0.8777777777777778 0.178 0.24444444444444446
0 0.356 0.8611111111111112 0.196 0.2388888888888889
0 0.4 0.46805555555555556 0.17200000000000001 0.17500000000000002
0 0.092 0.6708333333333334 0.168 0.24722222222222223
0 0.274 0.25972222222222224 0.14400000000000002 0.24722222222222223
0 0.17500000000000002 0.3763888888888889 0.194 0.2638888888888889
0 0.40900000000000003 0.2777777777777778 0.182 0.27222222222222225
0 0.23 0.7222222222222222 0.2 0.24444444444444446
0 0.681 0.27222222222222225 0.21 0.2888888888888889
0 0.86 0.21805555555555556 0.184 0.2638888888888889
0 0.523 0.14583333333333334 0.186 0.28055555555555556
0 0.921 0.8805555555555555 0.158 0.23333333333333334
0 0.47000000000000003 0.6486111111111111 0.188 0.26944444444444443
0 0.546 0.8138888888888889 0.192 0.26666666666666666
0 0.5640000000000001 0.5291666666666667 0.18 0.25277777777777777
0 0.73 0.6291666666666667 0.192 0.2638888888888889
0 0.913 0.6361111111111112 0.17400000000000002 0.2555555555555556
