0 0.32 0.805 0.23 0.23
0 0.9275 0.38 0.145 0.19
0 0.745 0.7975 0.23 0.225
0 0.5325 0.3575 0.20500000000000002 0.185
0 0.32 0.6 0.21 0.2
0 0.5325 0.17250000000000001 0.215 0.185
0 0.0925 0.3875 0.17500000000000002 0.225
0 0.54 0.7925 0.21 0.20500000000000002
0 0.305 0.1875 0.22 0.23500000000000001
0 0.9275 0.5925 0.145 0.23500000000000001
0 0.1075 0.61 0.20500000000000002 0.21
0 0.7525000000000001 0.36 0.23500000000000001 0.18
0 0.3025 0.395 0.245 0.22
0 0.925 0.7875 0.15 0.195
0 0.7525000000000001 0.165 0.215 0.21
0 0.1075 0.8250000000000001 0.20500000000000002 0.2
0 0.7525000000000001 0.5575 0.195 0.20500000000000002
0 0.095 0.17500000000000002 0.18 0.2
0 0.93 0.185 0.14 0.21
0 0.5375 0.5650000000000001 0.215 0.21
