0 0.81953125 0.7479166666666667 0.2234375 0.2583333333333333
0 0.6531250000000001 0.4927083333333333 0.18125000000000002 0.21875
0 0.2 0.46770833333333334 0.23125 0.26458333333333334
0 0.41953125 0.7354166666666666 0.19843750000000002 0.22916666666666666
0 0.203125 0.7260416666666667 0.215625 0.2520833333333333
0 0.42265625 0.184375 0.19843750000000002 0.2604166666666667
0 0.43281250000000004 0.46875 0.20625000000000002 0.24166666666666667
0 0.84375 0.221875 0.19375 0.24791666666666667
0 0.8406250000000001 0.5020833333333333 0.19687500000000002 0.22083333333333333
0 0.61875 0.7333333333333333 0.1875 0.225
0 0.215625 0.19375 0.21250000000000002 0.26666666666666666
0 0.6296875000000001 0.21354166666666666 0.203125 0.27291666666666664
