0 0.20859375000000002 0.8152866242038217 0.20468750000000002 0.2505307855626327
0 0.40468750000000003 0.7972399150743099 0.2 0.2526539278131635
0 0.21640625000000002 0.5583864118895966 0.1859375 0.23779193205944799
0 0.59765625 0.3174097664543524 0.1609375 0.22717622080679406
0 0.58984375 0.5488322717622081 0.1765625 0.23142250530785563
0 0.77890625 0.31422505307855625 0.19843750000000002 0.25477707006369427
0 0.81015625 0.7898089171974522 0.2109375 0.25902335456475584
0 0.4078125 0.5530785562632696 0.171875 0.2229299363057325
0 0.41875 0.31422505307855625 0.17500000000000002 0.22505307855626328
0 0.59921875 0.8004246284501061 0.18906250000000002 0.267515923566879
0 0.7757812500000001 0.5530785562632696 0.18906250000000002 0.2229299363057325
0 0.2265625 0.3174097664543524 0.178125 0.2016985138004246
