0 0.22 0.11166666666666668 0.2066666666666667 0.21666666666666667
0 0.4716666666666667 0.935 0.29000000000000004 0.13
0 0.49000000000000005 0.4133333333333334 0.33333333333333337 0.2866666666666667
0 0.18166666666666667 0.5483333333333333 0.3566666666666667 0.3766666666666667
0 0.45333333333333337 0.14833333333333334 0.35333333333333333 0.29000000000000004
0 0.6666666666666667 0.6583333333333333 0.4666666666666667 0.45
0 0.17 0.8500000000000001 0.33333333333333337 0.29333333333333333
0 0.07500000000000001 0.32666666666666666 0.14333333333333334 0.30000000000000004
0 0.7116666666666667 0.21666666666666667 0.29000000000000004 0.36000000000000004
0 0.7683333333333334 0.8750000000000001 0.3766666666666667 0.25
0 0.9233333333333333 0.12666666666666668 0.15333333333333335 0.24666666666666667
0 0.8783333333333334 0.44333333333333336 0.24333333333333335 0.38
