0 0.7305555555555556 0.4625 0.13148148148148148 0.19722222222222224
0 0.40185185185185185 0.8472222222222222 0.15925925925925927 0.18888888888888888
0 0.3527777777777778 0.7458333333333333 0.1574074074074074 0.17500000000000002
0 0.40370370370370373 0.525 0.12962962962962962 0.23333333333333334
0 0.5768518518518518 0.2847222222222222 0.1462962962962963 0.20833333333333334
0 0.47222222222222227 0.2888888888888889 0.11111111111111112 0.19444444444444445
0 0.6851851851851852 0.2125 0.12222222222222223 0.20833333333333334
0 0.5037037037037038 0.7375 0.15555555555555556 0.2138888888888889
0 0.3027777777777778 0.5819444444444445 0.12407407407407407 0.18055555555555555
0 0.5657407407407408 0.8861111111111112 0.15 0.16666666666666669
0 0.2657407407407408 0.2 0.13148148148148148 0.19444444444444445
0 0.6490740740740741 0.7277777777777779 0.1462962962962963 0.2111111111111111
0 0.031481481481481485 0.15555555555555556 0.05925925925925926 0.17222222222222222
0 0.7898148148148149 0.5833333333333334 0.12407407407407407 0.15
0 0.5361111111111111 0.4861111111111111 0.1388888888888889 0.17777777777777778
0 0.8111111111111111 0.7166666666666667 0.16666666666666669 0.17777777777777778
0 0.38703703703703707 0.1638888888888889 0.12222222222222223 0.1277777777777778
0 0.5416666666666667 0.10555555555555556 0.1425925925925926 0.15
0 0.08425925925925926 0.04583333333333334 0.10555555555555556 0.08611111111111111
0 0.36944444444444446 0.30972222222222223 0.11666666666666667 0.19166666666666668
0 0.11481481481481481 0.1513888888888889 0.10740740740740741 0.1527777777777778
0 0.625 0.5666666666666667 0.13148148148148148 0.18333333333333335
0 0.28703703703703703 0.4152777777777778 0.12962962962962962 0.1638888888888889
0 0.4916666666666667 0.6222222222222222 0.13518518518518519 0.1388888888888889
