0 0.8392156862745098 0.12352941176470589 0.2 0.23529411764705882
0 0.9450980392156862 0.8647058823529412 0.10588235294117647 0.2647058823529412
0 0.06764705882352941 0.5205882352941177 0.13137254901960785 0.3941176470588235
0 0.9470588235294117 0.18529411764705883 0.10196078431372549 0.3411764705882353
0 0.11470588235294117 0.4264705882352941 0.1588235294117647 0.28823529411764703
0 0.8568627450980392 0.7132352941176471 0.27450980392156865 0.3676470588235294
0 0.16862745098039217 0.8014705882352942 0.2980392156862745 0.39705882352941174
0 0.5852941176470589 0.6661764705882353 0.2568627450980392 0.3088235294117647
0 0.4215686274509804 0.15 0.21568627450980393 0.29411764705882354
0 0.10686274509803921 0.14411764705882352 0.20588235294117646 0.2823529411764706
0 0.6509803921568628 0.1338235294117647 0.22745098039215686 0.26176470588235295
0 0.5362745098039216 0.3397058823529412 0.22549019607843138 0.34411764705882353
0 0.7725490196078432 0.4102941176470588 0.25098039215686274 0.3735294117647059
0 0.34901960784313724 0.5661764705882353 0.25098039215686274 0.36176470588235293
0 0.6147058823529412 0.8838235294117647 0.3196078431372549 0.2323529411764706
