0 0.7691415313225057 0.7784222737819025 0.2900232018561485 0.22041763341067283
0 0.36658932714617165 0.3329466357308585 0.27842227378190254 0.271461716937355
0 0.9222737819025522 0.5498839907192575 0.15081206496519722 0.24129930394431554
0 0.6334106728538282 0.2076566125290023 0.32018561484918795 0.33642691415313225
0 0.8167053364269141 0.925754060324826 0.35730858468677495 0.14849187935034802
0 0.11600928074245939 0.6461716937354988 0.2273781902552204 0.271461716937355
0 0.3039443155452436 0.08700696055684454 0.17633410672853828 0.16937354988399073
0 0.7238979118329466 0.5881670533642691 0.29234338747099764 0.23897911832946633
0 0.37587006960556846 0.679814385150812 0.3062645011600928 0.31090487238979114
0 0.1716937354988399 0.33642691415313225 0.1531322505800464 0.18561484918793503
