0 0.40771349862258954 0.8484162895927603 0.12121212121212122 0.21266968325791857
0 0.6088154269972452 0.7601809954751132 0.1322314049586777 0.1900452488687783
0 0.7011019283746557 0.49773755656108604 0.10743801652892562 0.14479638009049775
0 0.5082644628099173 0.5678733031674209 0.11294765840220386 0.16742081447963802
0 0.03581267217630854 0.9343891402714933 0.06611570247933884 0.12217194570135748
0 0.4118457300275482 0.6334841628959277 0.1184573002754821 0.1719457013574661
0 0.5165289256198348 0.8619909502262444 0.12947658402203857 0.14932126696832582
0 0.9077134986225895 0.914027149321267 0.14049586776859505 0.1719457013574661
0 0.27548209366391185 0.5882352941176471 0.11019283746556474 0.1719457013574661
0 0.0440771349862259 0.40271493212669685 0.08264462809917356 0.13574660633484165
0 0.7892561983471075 0.5226244343891403 0.09641873278236915 0.16742081447963802
0 0.18181818181818182 0.4479638009049774 0.08264462809917356 0.16289592760180996
0 0.5247933884297521 0.7239819004524888 0.10743801652892562 0.14479638009049775
0 0.8953168044077136 0.7669683257918553 0.12672176308539945 0.18552036199095023
0 0.7024793388429752 0.6538461538461539 0.12121212121212122 0.20361990950226247
0 0.5275482093663912 0.4004524886877828 0.10743801652892562 0.16742081447963802
0 0.19834710743801653 0.8190045248868779 0.11019283746556474 0.16289592760180996
0 0.6363636363636364 0.914027149321267 0.11019283746556474 0.15384615384615385
0 0.8112947658402204 0.6832579185520362 0.10743801652892562 0.16289592760180996
0 0.778236914600551 0.8619909502262444 0.12947658402203857 0.20361990950226247
0 0.6088154269972452 0.5972850678733033 0.1046831955922865 0.15384615384615385
0 0.1997245179063361 0.6877828054298644 0.11294765840220386 0.16289592760180996
0 0.3953168044077135 0.744343891402715 0.10743801652892562 0.14027149321266968
0 0.07988980716253444 0.830316742081448 0.12121212121212122 0.18552036199095023
