0 0.4890625 0.1343167701863354 0.2 0.16304347826086957
0 0.22421875000000002 0.1358695652173913 0.22031250000000002 0.20652173913043476
0 0.815625 0.7236024844720497 0.19062500000000002 0.20496894409937888
0 0.45703125 0.38431677018633537 0.2921875 0.2872670807453416
0 0.38906250000000003 0.7732919254658385 0.321875 0.3571428571428571
0 0.62265625 0.6444099378881987 0.31093750000000003 0.3198757763975155
0 0.6101562500000001 0.2554347826086956 0.2328125 0.24068322981366458
0 0.33203125 0.545807453416149 0.2609375 0.20652173913043476
0 0.61484375 0.05124223602484472 0.17343750000000002 0.09937888198757763
0 0.33437500000000003 0.06832298136645962 0.13125 0.13354037267080746
0 0.18046875 0.35403726708074534 0.2671875 0.2577639751552795
0 0.83984375 0.3610248447204969 0.2859375 0.2934782608695652
