0 0.09692307692307692 0.337431693989071 0.052307692307692305 0.07377049180327869
0 0.5892307692307692 0.8032786885245902 0.09846153846153846 0.17486338797814208
0 0.8369230769230769 0.30601092896174864 0.04923076923076923 0.060109289617486336
0 0.1853846153846154 0.30191256830601093 0.05076923076923077 0.07377049180327869
0 0.7115384615384616 0.31010928961748635 0.04461538461538461 0.07377049180327869
0 0.37153846153846154 0.9002732240437158 0.1276923076923077 0.17759562841530055
0 0.11923076923076924 0.4521857923497268 0.07538461538461538 0.07923497267759563
0 0.26692307692307693 0.3510928961748634 0.05076923076923077 0.05737704918032787
0 0.24076923076923076 0.49863387978142076 0.07538461538461538 0.10655737704918032
0 0.9323076923076923 0.6352459016393442 0.08923076923076922 0.13934426229508196
0 0.37538461538461537 0.7540983606557377 0.09230769230769231 0.12568306010928962
0 0.686923076923077 0.40710382513661203 0.03230769230769231 0.060109289617486336
0 0.5123076923076924 0.43169398907103823 0.07384615384615384 0.08196721311475409
0 0.04384615384615385 0.37841530054644806 0.047692307692307694 0.06830601092896176
0 0.4592307692307692 0.3866120218579235 0.05384615384615385 0.08469945355191257
0 0.4684615384615385 0.7896174863387978 0.11538461538461539 0.16393442622950818
0 0.7307692307692307 0.3592896174863388 0.04923076923076923 0.06284153005464481
