0 0.7758333333333334 0.21777777777777776 0.10833333333333334 0.1688888888888889
0 0.2966666666666667 0.6944444444444444 0.08666666666666667 0.11777777777777777
0 0.41750000000000004 0.36666666666666664 0.07166666666666667 0.057777777777777775
0 0.5525 0.7066666666666667 0.058333333333333334 0.08
0 0.445 0.81 0.08666666666666667 0.12222222222222222
0 0.8550000000000001 0.6955555555555556 0.15000000000000002 0.17333333333333334
0 0.38333333333333336 0.78 0.08 0.13333333333333333
0 0.4116666666666667 0.5 0.08 0.10666666666666666
0 0.6325000000000001 0.6333333333333333 0.065 0.08
0 0.5766666666666667 0.7888888888888889 0.05 0.08
0 0.5800000000000001 0.08666666666666667 0.13 0.1688888888888889
0 0.4758333333333334 0.12444444444444444 0.085 0.13333333333333333
