0 0.7333333333333334 0.6511111111111111 0.18666666666666668 0.08888888888888889
0 0.8566666666666667 0.5866666666666667 0.2 0.13333333333333333
0 0.40166666666666667 0.9222222222222223 0.17666666666666667 0.1111111111111111
0 0.33666666666666667 0.5488888888888889 0.2 0.11555555555555555
0 0.12000000000000001 0.5833333333333334 0.14 0.09555555555555556
0 0.17833333333333334 0.6122222222222222 0.18333333333333335 0.12222222222222222
0 0.6166666666666667 0.57 0.21333333333333335 0.12666666666666668
0 0.55 0.6522222222222223 0.2 0.09555555555555556
0 0.6133333333333334 0.9244444444444444 0.24000000000000002 0.1511111111111111
0 0.34500000000000003 0.6522222222222223 0.19 0.09555555555555556
