0 0.515 0.59765625 0.21000000000000002 0.234375
0 0.095 0.32421875 0.18333333333333335 0.2421875
0 0.48500000000000004 0.349609375 0.21000000000000002 0.28515625
0 0.09166666666666667 0.587890625 0.17666666666666667 0.29296875
0 0.2916666666666667 0.09765625 0.21000000000000002 0.1796875
0 0.29333333333333333 0.59375 0.24000000000000002 0.265625
0 0.2866666666666667 0.341796875 0.2 0.25390625
0 0.88 0.083984375 0.19333333333333336 0.16015625
0 0.7200000000000001 0.58203125 0.22 0.2734375
0 0.7300000000000001 0.861328125 0.22 0.25390625
0 0.49500000000000005 0.107421875 0.19 0.20703125
0 0.6900000000000001 0.07421875 0.2 0.140625
0 0.30000000000000004 0.880859375 0.21333333333333335 0.23828125
0 0.925 0.841796875 0.14333333333333334 0.23828125
0 0.095 0.09375 0.18333333333333335 0.1796875
0 0.10166666666666667 0.87109375 0.19666666666666668 0.2578125
0 0.6833333333333333 0.3203125 0.23333333333333334 0.2578125
0 0.8816666666666667 0.458984375 0.22333333333333336 0.26953125
0 0.5183333333333333 0.876953125 0.23 0.23828125
