0 0.8618055555555556 0.9348469891411648 0.17222222222222222 0.1224086870681145
0 0.8934027777777778 0.13079960513326752 0.17847222222222223 0.2517275419545903
0 0.45937500000000003 0.5947680157946693 0.22430555555555556 0.3050345508390918
0 0.8788194444444445 0.4437314906219151 0.23402777777777778 0.29516288252714706
0 0.23020833333333335 0.5577492596248765 0.2576388888888889 0.35538005923000987
0 0.28229166666666666 0.8336623889437315 0.2673611111111111 0.32675222112537017
0 0.7156250000000001 0.24777887462981243 0.22986111111111113 0.30009871668311944
0 0.78125 0.8040473840078973 0.2152777777777778 0.3129318854886476
0 0.08715277777777779 0.8302073050345508 0.17291666666666666 0.3178677196446199
0 0.26145833333333335 0.21816386969397827 0.25069444444444444 0.3455083909180651
0 0.44930555555555557 0.9348469891411648 0.11944444444444445 0.13030602171767028
0 0.5663194444444445 0.175715695952616 0.12986111111111112 0.16584402764067127
0 0.058680555555555555 0.548371174728529 0.11597222222222223 0.26357354392892396
0 0.6652777777777779 0.5592300098716683 0.2125 0.3149062191510365
0 0.5784722222222223 0.8262586377097729 0.23472222222222222 0.33366238894373146
0 0.07048611111111111 0.2625863770977295 0.13958333333333334 0.3178677196446199
0 0.6427083333333333 0.06120434353405725 0.17708333333333334 0.12043435340572556
0 0.9260416666666667 0.7453109575518262 0.14791666666666667 0.33563672260612043
0 0.43020833333333336 0.09230009871668311 0.18541666666666667 0.18262586377097728
0 0.48923611111111115 0.31441263573543926 0.23125 0.3050345508390918
