0 0.17307692307692307 0.31346153846153846 0.14615384615384616 0.1576923076923077
0 0.29903846153846153 0.8096153846153846 0.05961538461538462 0.057692307692307696
0 0.8442307692307692 0.375 0.15000000000000002 0.11538461538461539
0 0.21250000000000002 0.7365384615384616 0.0826923076923077 0.08076923076923077
0 0.4653846153846154 0.19423076923076923 0.1423076923076923 0.1576923076923077
0 0.6288461538461538 0.5923076923076923 0.15384615384615385 0.1423076923076923
0 0.5548076923076923 0.3942307692307693 0.15192307692307694 0.15384615384615385
0 0.6855769230769231 0.9192307692307693 0.18653846153846154 0.16153846153846155
0 0.3451923076923077 0.24615384615384617 0.12115384615384617 0.10384615384615385
0 0.7384615384615385 0.3355769230769231 0.11538461538461539 0.11346153846153847
0 0.9500000000000001 0.4625 0.1 0.1826923076923077
0 0.3490384615384616 0.5076923076923077 0.07884615384615384 0.06153846153846154
