0 0.22642857142857142 0.8971428571428571 0.21857142857142858 0.19714285714285715
0 0.4278571428571429 0.9021428571428571 0.20714285714285716 0.19285714285714287
0 0.6514285714285715 0.6928571428571428 0.21714285714285714 0.23714285714285716
0 0.6035714285714285 0.24214285714285713 0.21285714285714286 0.21285714285714286
0 0.3992857142857143 0.3914285714285714 0.1957142857142857 0.21714285714285714
0 0.21642857142857141 0.48142857142857143 0.2042857142857143 0.21142857142857144
0 0.6464285714285715 0.9021428571428571 0.21285714285714286 0.1957142857142857
0 0.7171428571428572 0.09357142857142857 0.22285714285714286 0.18428571428571427
0 0.45785714285714285 0.06642857142857143 0.20142857142857143 0.13
0 0.86 0.8964285714285715 0.21428571428571427 0.20142857142857143
0 0.23214285714285715 0.09357142857142857 0.21857142857142858 0.17857142857142858
0 0.22214285714285714 0.2792857142857143 0.1957142857142857 0.20714285714285716
0 0.2292857142857143 0.6892857142857143 0.21285714285714286 0.21857142857142858
0 0.38785714285714284 0.19214285714285714 0.18714285714285714 0.19285714285714287
0 0.5807142857142857 0.47 0.23 0.21428571428571427
0 0.8264285714285714 0.24214285714285713 0.21571428571428572 0.21571428571428572
0 0.8278571428571428 0.49857142857142855 0.22428571428571428 0.20857142857142857
0 0.8592857142857143 0.6914285714285714 0.20714285714285716 0.20285714285714285
0 0.42714285714285716 0.6257142857142857 0.21142857142857144 0.22857142857142856
