0 0.44 0.624375 0.14222222222222222 0.07375
0 0.8211111111111111 0.21625 0.12222222222222222 0.07
0 0.8411111111111111 0.918125 0.14444444444444443 0.08625000000000001
0 0.73 0.718125 0.13555555555555557 0.07625
0 0.6077777777777778 0.834375 0.14 0.08375
0 0.07444444444444444 0.90125 0.14444444444444443 0.0775
0 0.9177777777777778 0.115 0.12444444444444444 0.07
0 0.8488888888888889 0.755625 0.14222222222222222 0.06875
0 0.23333333333333334 0.384375 0.12 0.07125000000000001
0 0.11777777777777777 0.136875 0.1288888888888889 0.06875
0 0.3111111111111111 0.81625 0.13777777777777778 0.0775
0 0.07888888888888888 0.744375 0.14444444444444443 0.07875
0 0.4311111111111111 0.858125 0.13777777777777778 0.07625
0 0.34555555555555556 0.06625 0.13111111111111112 0.07
0 0.43555555555555553 0.5475 0.14666666666666667 0.0825
0 0.7111111111111111 0.249375 0.12 0.06875
0 0.45555555555555555 0.10375000000000001 0.12 0.0675
0 0.44 0.776875 0.1288888888888889 0.07875
0 0.6044444444444445 0.606875 0.13333333333333333 0.07375
0 0.8355555555555556 0.68625 0.11555555555555555 0.07
0 0.3211111111111111 0.5825 0.13555555555555557 0.075
0 0.3388888888888889 0.2725 0.11333333333333333 0.0625
0 0.9333333333333333 0.315625 0.1288888888888889 0.07375
0 0.6011111111111112 0.216875 0.13555555555555557 0.06875
0 0.8411111111111111 0.53125 0.13555555555555557 0.0775
0 0.31666666666666665 0.514375 0.12666666666666668 0.06125
0 0.8244444444444444 0.42812500000000003 0.14222222222222222 0.07125000000000001
0 0.6033333333333334 0.429375 0.14 0.06875
0 0.7244444444444444 0.875 0.1288888888888889 0.075
0 0.3111111111111111 0.660625 0.13777777777777778 0.07375
0 0.6077777777777778 0.7575000000000001 0.12666666666666668 0.07
0 0.43666666666666665 0.699375 0.14444444444444443 0.07125000000000001
0 0.9477777777777778 0.80125 0.10444444444444445 0.075
0 0.8133333333333334 0.28500000000000003 0.1288888888888889 0.06
0 0.12444444444444444 0.068125 0.12 0.07375
0 0.7244444444444444 0.800625 0.13333333333333333 0.07875
0 0.07111111111111111 0.821875 0.13777777777777778 0.07625
0 0.9211111111111111 0.25125000000000003 0.12666666666666668 0.0625
0 0.34444444444444444 0.20375000000000001 0.12 0.075
0 0.19333333333333333 0.856875 0.13333333333333333 0.07875
0 0.19666666666666666 0.545625 0.12666666666666668 0.06875
0 0.1988888888888889 0.701875 0.13111111111111112 0.07875
0 0.19111111111111112 0.77875 0.1288888888888889 0.075
0 0.11222222222222222 0.416875 0.14 0.07375
0 0.7188888888888889 0.3925 0.12222222222222222 0.0675
0 0.3377777777777778 0.130625 0.1288888888888889 0.07625
0 0.45222222222222225 0.23750000000000002 0.12666666666666668 0.075
0 0.07777777777777778 0.661875 0.14222222222222222 0.07125000000000001
0 0.22777777777777777 0.16625 0.12666666666666668 0.07
0 0.6111111111111112 0.916875 0.13777777777777778 0.08375
0 0.8066666666666666 0.08 0.13333333333333333 0.0725
0 0.7055555555555556 0.18125 0.12222222222222222 0.075
0 0.9444444444444444 0.883125 0.1111111111111111 0.07875
0 0.8066666666666666 0.145 0.12444444444444444 0.065
0 0.31222222222222223 0.74125 0.14888888888888888 0.075
0 0.23444444444444446 0.098125 0.11777777777777777 0.07125000000000001
0 0.7088888888888889 0.319375 0.12444444444444444 0.07125000000000001
0 0.7255555555555555 0.644375 0.13555555555555557 0.07625
0 0.8377777777777777 0.6125 0.13333333333333333 0.0675
0 0.11222222222222222 0.2025 0.12666666666666668 0.075
0 0.6088888888888889 0.53 0.12444444444444444 0.07
0 0.8411111111111111 0.831875 0.12666666666666668 0.06875
0 0.19777777777777777 0.624375 0.13333333333333333 0.07125000000000001
0 0.9477777777777778 0.723125 0.10444444444444445 0.07625
0 0.83 0.351875 0.13555555555555557 0.07625
0 0.4577777777777778 0.384375 0.12444444444444444 0.06875
0 0.45666666666666667 0.31 0.12222222222222222 0.0725
0 0.3377777777777778 0.341875 0.1288888888888889 0.07875
0 0.30777777777777776 0.89375 0.14 0.085
0 0.6055555555555555 0.685 0.12666666666666668 0.0725
0 0.5944444444444444 0.14875 0.12666666666666668 0.0775
0 0.6044444444444445 0.355625 0.12444444444444444 0.06875
0 0.22 0.236875 0.13777777777777778 0.07125000000000001
0 0.34555555555555556 0.419375 0.12222222222222222 0.06625
0 0.7055555555555556 0.10875 0.13555555555555557 0.07
0 0.9322222222222222 0.18375 0.13555555555555557 0.075
0 0.08222222222222222 0.5875 0.13777777777777778 0.0725
0 0.09333333333333334 0.51375 0.13333333333333333 0.0675
0 0.9444444444444444 0.5700000000000001 0.1111111111111111 0.0725
0 0.45444444444444443 0.170625 0.13555555555555557 0.07375
0 0.6022222222222222 0.286875 0.12444444444444444 0.06625
0 0.9388888888888889 0.39187500000000003 0.12222222222222222 0.06875
0 0.11555555555555555 0.270625 0.12444444444444444 0.07375
0 0.1111111111111111 0.344375 0.1288888888888889 0.07375
0 0.6055555555555555 0.08 0.13111111111111112 0.0675
0 0.2222222222222222 0.309375 0.13333333333333333 0.07875
0 0.9411111111111111 0.6431250000000001 0.11777777777777777 0.07875
0 0.7277777777777777 0.569375 0.12666666666666668 0.06875
