0 0.58515625 0.5295404814004376 0.1484375 0.18818380743982493
0 0.7484375000000001 0.33150984682713347 0.13125 0.15536105032822756
0 0.40468750000000003 0.5284463894967177 0.16875 0.19474835886214442
0 0.40546875000000004 0.3183807439824945 0.1390625 0.18599562363238512
0 0.59296875 0.7625820568927789 0.1703125 0.21663019693654267
0 0.21015625000000002 0.5262582056892778 0.16718750000000002 0.212253829321663
0 0.8046875 0.7582056892778993 0.178125 0.2385120350109409
0 0.5906250000000001 0.3161925601750547 0.140625 0.17286652078774617
0 0.77265625 0.5350109409190372 0.1328125 0.16411378555798686
0 0.38828125 0.7549234135667395 0.18906250000000002 0.20568927789934355
0 0.22265625 0.30306345733041573 0.15156250000000002 0.17286652078774617
0 0.184375 0.7592997811816192 0.203125 0.25820568927789933
