0 0.19545454545454544 0.07727272727272727 0.20909090909090908 0.14545454545454545
0 0.5818181818181818 0.8522727272727272 0.24545454545454545 0.2590909090909091
0 0.7863636363636364 0.4818181818181818 0.15454545454545454 0.19999999999999998
0 0.20909090909090908 0.22045454545454543 0.17272727272727273 0.17727272727272728
0 0.38636363636363635 0.8613636363636363 0.20909090909090908 0.2409090909090909
0 0.3931818181818182 0.07045454545454545 0.2409090909090909 0.1318181818181818
0 0.5136363636363636 0.37727272727272726 0.2636363636363636 0.2545454545454545
0 0.725 0.6840909090909091 0.1409090909090909 0.25
0 0.7227272727272727 0.17954545454545454 0.2818181818181818 0.2772727272727273
0 0.175 0.3840909090909091 0.2590909090909091 0.2409090909090909
0 0.375 0.5772727272727273 0.2318181818181818 0.2636363636363636
0 0.5772727272727273 0.07954545454545454 0.16363636363636364 0.15
0 0.20681818181818182 0.7522727272727272 0.25 0.25
0 0.6 0.609090909090909 0.2636363636363636 0.2636363636363636
0 0.35454545454545455 0.21363636363636362 0.23636363636363636 0.19999999999999998
0 0.7954545454545454 0.29772727272727273 0.23636363636363636 0.21363636363636362
0 0.19318181818181818 0.5590909090909091 0.18636363636363634 0.16363636363636364
0 0.575 0.25 0.17727272727272728 0.18181818181818182
