0 0.32 0.8313356164383561 0.11076923076923077 0.02910958904109589
0 0.5584615384615385 0.3424657534246575 0.10153846153846154 0.030821917808219176
0 0.5415384615384615 0.6678082191780822 0.13538461538461538 0.08561643835616438
0 0.6323076923076923 0.6917808219178082 0.18769230769230769 0.1095890410958904
0 0.7076923076923077 0.1815068493150685 0.09846153846153846 0.0547945205479452
0 0.5815384615384616 0.970890410958904 0.11692307692307692 0.05821917808219178
0 0.44769230769230767 0.5188356164383562 0.1076923076923077 0.06164383561643835
0 0.7261538461538461 0.6720890410958904 0.14153846153846153 0.08047945205479451
0 0.5953846153846154 0.3827054794520548 0.11384615384615385 0.059931506849315065
0 0.62 0.19863013698630136 0.1076923076923077 0.05136986301369863
0 0.2907692307692308 0.5051369863013698 0.08923076923076922 0.05821917808219178
0 0.3507692307692308 0.5436643835616438 0.11076923076923077 0.059931506849315065
0 0.7107692307692308 0.3758561643835616 0.11692307692307692 0.059931506849315065
0 0.4307692307692308 0.8330479452054794 0.11076923076923077 0.02910958904109589
0 0.6107692307692307 0.1523972602739726 0.09538461538461539 0.04452054794520548
0 0.6507692307692308 0.3321917808219178 0.11384615384615385 0.0547945205479452
0 0.3769230769230769 0.7936643835616438 0.12 0.06335616438356165
0 0.3646153846153846 0.4828767123287671 0.11384615384615385 0.06506849315068493
0 0.5123076923076924 0.375 0.09538461538461539 0.0547945205479452
0 0.6553846153846153 0.9597602739726027 0.10461538461538461 0.06335616438356165
