0 0.308 0.46266666666666667 0.17333333333333334 0.12266666666666666
0 0.268 0.7966666666666666 0.18666666666666665 0.15866666666666665
0 0.474 0.2733333333333333 0.15866666666666665 0.10933333333333332
0 0.09933333333333333 0.6886666666666666 0.18 0.156
0 0.7153333333333333 0.818 0.212 0.15066666666666667
0 0.614 0.22666666666666666 0.17466666666666666 0.14133333333333334
0 0.9453333333333332 0.2813333333333333 0.10666666666666666 0.152
0 0.7473333333333333 0.4646666666666667 0.18533333333333332 0.15066666666666667
0 0.2813333333333333 0.14933333333333332 0.11466666666666667 0.112
0 0.7846666666666666 0.26466666666666666 0.18533333333333332 0.12666666666666665
0 0.7086666666666667 0.6753333333333333 0.156 0.14533333333333334
0 0.9073333333333333 0.4953333333333333 0.164 0.12133333333333333
0 0.12066666666666666 0.24 0.18 0.14933333333333332
0 0.9546666666666667 0.5913333333333333 0.09066666666666666 0.13466666666666666
0 0.13799999999999998 0.472 0.17466666666666666 0.144
0 0.40599999999999997 0.578 0.13733333333333334 0.124
0 0.6233333333333333 0.48133333333333334 0.15066666666666667 0.13333333333333333
0 0.5773333333333334 0.7093333333333333 0.19733333333333333 0.15466666666666667
0 0.22 0.3486666666666667 0.17333333333333334 0.13999999999999999
0 0.9073333333333333 0.7133333333333333 0.18266666666666667 0.15466666666666667
0 0.41 0.16466666666666666 0.17733333333333332 0.14533333333333334
0 0.2633333333333333 0.5493333333333333 0.18 0.16533333333333333
0 0.7093333333333333 0.362 0.13866666666666666 0.11599999999999999
0 0.47 0.4646666666666667 0.15333333333333332 0.12933333333333333
0 0.8286666666666667 0.5873333333333333 0.17733333333333332 0.13999999999999999
0 0.07133333333333333 0.36133333333333334 0.13466666666666666 0.13599999999999998
0 0.3773333333333333 0.6746666666666666 0.18133333333333332 0.14933333333333332
0 0.8506666666666667 0.3753333333333333 0.16266666666666665 0.13733333333333334
0 0.484 0.8233333333333333 0.21066666666666667 0.13999999999999999
0 0.39666666666666667 0.3773333333333333 0.19333333333333333 0.152
0 0.576 0.362 0.18133333333333332 0.13999999999999999
0 0.5573333333333333 0.5653333333333334 0.18933333333333333 0.13866666666666666
0 0.6966666666666667 0.146 0.16933333333333334 0.12133333333333333
0 0.2886666666666667 0.258 0.15333333333333332 0.12133333333333333
