0 0.4636363636363636 0.1598173515981735 0.24545454545454545 0.1735159817351598
0 0.6454545454545454 0.10730593607305935 0.19999999999999998 0.1963470319634703
0 0.175 0.24429223744292236 0.2590909090909091 0.2420091324200913
0 0.4431818181818182 0.04794520547945205 0.22272727272727272 0.0867579908675799
0 0.5795454545454545 0.46803652968036524 0.2772727272727273 0.1506849315068493
0 0.884090909090909 0.7968036529680365 0.2318181818181818 0.2146118721461187
0 0.1659090909090909 0.8789954337899543 0.3227272727272727 0.2420091324200913
0 0.959090909090909 0.9223744292237442 0.08181818181818182 0.1552511415525114
0 0.7659090909090909 0.9155251141552511 0.2954545454545454 0.1689497716894977
0 0.31136363636363634 0.0776255707762557 0.12272727272727273 0.1461187214611872
0 0.85 0.2534246575342466 0.23636363636363636 0.2328767123287671
0 0.18181818181818182 0.454337899543379 0.2818181818181818 0.1963470319634703
0 0.9522727272727273 0.14383561643835616 0.09545454545454544 0.2237442922374429
0 0.14545454545454545 0.0776255707762557 0.22727272727272727 0.1461187214611872
0 0.9204545454545454 0.5662100456621004 0.1590909090909091 0.2648401826484018
0 0.6159090909090909 0.8036529680365296 0.2954545454545454 0.2374429223744292
