0 0.76 0.9411231884057971 0.30000000000000004 0.1141304347826087
0 0.09916666666666667 0.18659420289855072 0.195 0.3695652173913044
0 0.9233333333333333 0.8740942028985508 0.15333333333333335 0.24818840579710144
0 0.75 0.12771739130434784 0.24333333333333335 0.24456521739130435
0 0.1691666666666667 0.9112318840579711 0.28500000000000003 0.17753623188405798
0 0.08083333333333334 0.7590579710144928 0.15833333333333335 0.34057971014492755
0 0.9358333333333334 0.375 0.12833333333333335 0.15217391304347827
0 0.8558333333333333 0.5480072463768116 0.28833333333333333 0.3242753623188406
0 0.6366666666666667 0.5081521739130435 0.19333333333333336 0.21920289855072464
0 0.19583333333333336 0.5452898550724637 0.2516666666666667 0.2753623188405797
0 0.9608333333333334 0.20742753623188406 0.07833333333333334 0.17572463768115942
0 0.8650000000000001 0.2708333333333333 0.19666666666666668 0.20471014492753623
0 0.37333333333333335 0.7853260869565217 0.27666666666666667 0.3061594202898551
0 0.5758333333333334 0.6730072463768116 0.32833333333333337 0.338768115942029
0 0.5850000000000001 0.3061594202898551 0.20333333333333334 0.23550724637681159
0 0.45583333333333337 0.9583333333333334 0.26833333333333337 0.08333333333333333
0 0.7525000000000001 0.35597826086956524 0.23833333333333334 0.19021739130434784
0 0.5716666666666667 0.13677536231884058 0.14333333333333334 0.17210144927536233
0 0.24916666666666668 0.25905797101449274 0.34833333333333333 0.36231884057971014
0 0.4191666666666667 0.12318840579710146 0.21500000000000002 0.2427536231884058
0 0.42833333333333334 0.5045289855072463 0.24666666666666667 0.266304347826087
0 0.7366666666666667 0.7961956521739131 0.2966666666666667 0.2916666666666667
