0 0.7086805555555555 0.7057291666666666 0.23402777777777778 0.21041666666666667
0 0.5201388888888889 0.8760416666666666 0.33333333333333337 0.23645833333333333
0 0.6927083333333334 0.26171875 0.23402777777777778 0.16510416666666666
0 0.4375 0.25364583333333335 0.3263888888888889 0.25
0 0.8232638888888889 0.3359375 0.31319444444444444 0.24270833333333333
0 0.29270833333333335 0.8278645833333333 0.22430555555555556 0.2515625
0 0.17743055555555556 0.5494791666666666 0.35347222222222224 0.29791666666666666
0 0.4951388888888889 0.61484375 0.35833333333333334 0.2755208333333333
0 0.7052083333333333 0.55546875 0.15208333333333335 0.11510416666666666
0 0.13229166666666667 0.8466145833333333 0.26319444444444445 0.3067708333333333
0 0.7868055555555555 0.10442708333333334 0.2763888888888889 0.20781249999999998
0 0.14444444444444446 0.22005208333333334 0.28750000000000003 0.2765625
0 0.5274305555555556 0.09192708333333333 0.24791666666666667 0.17760416666666667
0 0.6010416666666667 0.45260416666666664 0.31736111111111115 0.22708333333333333
0 0.25381944444444443 0.08072916666666667 0.28541666666666665 0.159375
0 0.2059027777777778 0.40130208333333334 0.30486111111111114 0.1515625
0 0.8406250000000001 0.8747395833333333 0.31736111111111115 0.23697916666666666
