0 0.1340909090909091 0.5113636363636364 0.2590909090909091 0.2863636363636364
0 0.9113636363636363 0.40454545454545454 0.17727272727272728 0.20909090909090908
0 0.7409090909090909 0.24545454545454545 0.2636363636363636 0.2545454545454545
0 0.19318181818181818 0.32045454545454544 0.2954545454545454 0.2590909090909091
0 0.40909090909090906 0.4477272727272727 0.3090909090909091 0.2409090909090909
0 0.5704545454545454 0.75 0.3045454545454545 0.17272727272727273
0 0.10909090909090909 0.7181818181818181 0.20909090909090908 0.23636363636363636
0 0.8863636363636364 0.5886363636363636 0.22727272727272727 0.21363636363636362
0 0.3386363636363636 0.65 0.3045454545454545 0.2909090909090909
0 0.6227272727272727 0.5909090909090908 0.2909090909090909 0.2636363636363636
0 0.4568181818181818 0.2636363636363636 0.2590909090909091 0.24545454545454545
0 0.6863636363636363 0.4318181818181818 0.2636363636363636 0.2636363636363636
