0 0.345625 0.7988721804511277 0.10875 0.16917293233082706
0 0.889375 0.8214285714285714 0.11375 0.16165413533834586
0 0.659375 0.8204887218045113 0.10875 0.16353383458646614
0 0.775625 0.8167293233082706 0.10625 0.17481203007518797
0 0.610625 0.6616541353383458 0.09375 0.14285714285714285
0 0.446875 0.5037593984962405 0.10875 0.16165413533834586
0 0.87375 0.5093984962406015 0.1125 0.16165413533834586
0 0.109375 0.19266917293233082 0.11875000000000001 0.17481203007518797
0 0.8931250000000001 0.6541353383458646 0.09875 0.13157894736842105
0 0.798125 0.662593984962406 0.09625 0.14097744360902253
0 0.128125 0.6654135338345865 0.09875 0.13533834586466165
0 0.875 0.18796992481203006 0.11750000000000001 0.16541353383458646
0 0.555 0.5112781954887218 0.11 0.16541353383458646
0 0.765625 0.3505639097744361 0.10875 0.16729323308270677
0 0.446875 0.8082706766917293 0.10375000000000001 0.16917293233082706
0 0.664375 0.5112781954887218 0.10625 0.16541353383458646
0 0.873125 0.3430451127819549 0.10875 0.15977443609022557
0 0.129375 0.8110902255639098 0.11375 0.17105263157894735
0 0.548125 0.34680451127819545 0.10375000000000001 0.14849624060150374
0 0.225625 0.6541353383458646 0.09875 0.13909774436090225
0 0.22125 0.1870300751879699 0.11 0.15977443609022557
0 0.23500000000000001 0.5140977443609023 0.105 0.14849624060150374
0 0.33375 0.3430451127819549 0.1075 0.15977443609022557
0 0.766875 0.5075187969924811 0.10875 0.16165413533834586
0 0.65625 0.3383458646616541 0.11 0.17669172932330826
0 0.41875 0.6522556390977443 0.0975 0.14285714285714285
0 0.12 0.35432330827067665 0.1075 0.15977443609022557
0 0.701875 0.6738721804511277 0.09375 0.14097744360902253
0 0.12875 0.513157894736842 0.11 0.16165413533834586
0 0.764375 0.1832706766917293 0.10875 0.16729323308270677
0 0.551875 0.8167293233082706 0.10625 0.16353383458646614
0 0.33875 0.5056390977443609 0.11 0.16165413533834586
0 0.439375 0.18045112781954886 0.10875 0.16165413533834586
0 0.23625000000000002 0.8073308270676691 0.11 0.16729323308270677
0 0.44125000000000003 0.343984962406015 0.1075 0.15789473684210525
0 0.22625 0.3533834586466165 0.105 0.16917293233082706
0 0.33 0.1870300751879699 0.1125 0.15977443609022557
0 0.658125 0.18890977443609022 0.10875 0.15601503759398494
0 0.515625 0.6607142857142857 0.09875 0.14473684210526316
0 0.32125 0.6522556390977443 0.0975 0.13909774436090225
0 0.55 0.1832706766917293 0.11 0.16353383458646614
