0 0.23700000000000002 0.518 0.138 0.132
0 0.538 0.139 0.124 0.098
0 0.503 0.751 0.162 0.11
0 0.66 0.165 0.128 0.13
0 0.226 0.401 0.124 0.114
0 0.923 0.224 0.13 0.14400000000000002
0 0.763 0.613 0.146 0.138
0 0.334 0.45 0.112 0.116
0 0.051000000000000004 0.621 0.066 0.13
0 0.562 0.466 0.124 0.132
0 0.417 0.6960000000000001 0.126 0.14
0 0.145 0.131 0.126 0.146
0 0.311 0.614 0.122 0.128
0 0.516 0.359 0.108 0.13
0 0.777 0.214 0.13 0.132
0 0.559 0.243 0.122 0.126
0 0.615 0.366 0.09 0.12
0 0.679 0.77 0.13 0.096
0 0.391 0.355 0.126 0.11800000000000001
0 0.923 0.653 0.13 0.138
0 0.782 0.405 0.156 0.14200000000000002
0 0.20800000000000002 0.614 0.108 0.092
0 0.447 0.452 0.114 0.096
0 0.9490000000000001 0.538 0.074 0.128
0 0.301 0.247 0.138 0.134
0 0.675 0.501 0.138 0.126
0 0.10300000000000001 0.374 0.11800000000000001 0.108
0 0.859 0.338 0.122 0.128
0 0.726 0.316 0.124 0.116
0 0.596 0.6880000000000001 0.136 0.136
0 0.116 0.259 0.116 0.114
0 0.856 0.112 0.136 0.128
0 0.434 0.222 0.14 0.14
0 0.221 0.726 0.134 0.124
0 0.439 0.559 0.15 0.14200000000000002
0 0.255 0.177 0.11800000000000001 0.11
0 0.221 0.293 0.122 0.106
0 0.084 0.501 0.128 0.138
0 0.9440000000000001 0.388 0.088 0.152
