0 0.24191176470588235 0.7068062827225131 0.039705882352941174 0.06806282722513089
0 0.41691176470588237 0.6348167539267016 0.033823529411764704 0.060209424083769635
0 0.35661764705882354 0.5575916230366492 0.045588235294117645 0.06806282722513089
0 0.5823529411764706 0.3769633507853403 0.03823529411764706 0.05759162303664922
0 0.35220588235294115 0.7460732984293195 0.030882352941176472 0.05235602094240838
0 0.37058823529411766 0.3455497382198953 0.023529411764705882 0.041884816753926704
0 0.07058823529411765 0.693717277486911 0.044117647058823525 0.04712041884816754
0 0.4 0.5287958115183247 0.03823529411764706 0.05759162303664922
0 0.1463235294117647 0.8651832460732984 0.07205882352941176 0.0968586387434555
0 0.5683823529411764 0.6256544502617801 0.025 0.041884816753926704
0 0.3779411764705882 0.6204188481675393 0.026470588235294117 0.041884816753926704
