0 0.7045 0.09834834834834835 0.025 0.03753753753753754
0 0.5985 0.054804804804804805 0.033 0.046546546546546545
0 0.7845 0.2072072072072072 0.045 0.06606606606606606
0 0.4545 0.048798798798798795 0.029 0.04354354354354354
0 0.655 0.6726726726726726 0.034 0.05405405405405406
0 0.41350000000000003 0.674924924924925 0.035 0.04954954954954955
0 0.553 0.5668168168168168 0.034 0.04954954954954955
0 0.4275 0.6591591591591591 0.031 0.05405405405405406
0 0.2465 0.35585585585585583 0.035 0.04504504504504504
0 0.34500000000000003 0.503003003003003 0.022 0.03303303303303303
0 0.41100000000000003 0.2627627627627628 0.028 0.04204204204204204
0 0.3735 0.6463963963963963 0.041 0.052552552552552555
0 0.2975 0.5480480480480481 0.023 0.03903903903903904
0 0.0235 0.7980480480480481 0.035 0.04054054054054054
0 0.627 0.3018018018018018 0.03 0.04504504504504504
0 0.6940000000000001 0.27402402402402404 0.024 0.04054054054054054
0 0.5805 0.6456456456456456 0.035 0.057057057057057055
0 0.461 0.6764264264264265 0.034 0.046546546546546545
0 0.0935 0.3355855855855856 0.023 0.03453453453453453
0 0.7375 0.046546546546546545 0.031 0.05105105105105105
0 0.0475 0.6921921921921922 0.035 0.05105105105105105
0 0.276 0.39789789789789787 0.028 0.03903903903903904
0 0.637 0.4827327327327327 0.028 0.046546546546546545
0 0.585 0.7312312312312312 0.04 0.057057057057057055
0 0.445 0.20345345345345345 0.03 0.03453453453453453
0 0.515 0.15990990990990991 0.044 0.07057057057057058
0 0.5435 0.5127627627627628 0.035 0.052552552552552555
0 0.323 0.48348348348348347 0.024 0.03903903903903904
0 0.4605 0.15840840840840842 0.029 0.03753753753753754
0 0.6845 0.1704204204204204 0.025 0.03753753753753754
0 0.4915 0.28003003003003 0.031 0.03753753753753754
0 0.8195 0.3340840840840841 0.029 0.03753753753753754
0 0.766 0.29429429429429427 0.03 0.04504504504504504
0 0.8425 0.34684684684684686 0.027 0.036036036036036036
0 0.614 0.6689189189189189 0.046 0.06456456456456457
0 0.8 0.04204204204204204 0.034 0.05405405405405406
0 0.057 0.6516516516516516 0.022 0.036036036036036036
0 0.6635 0.15915915915915915 0.021 0.03903903903903904
0 0.029 0.8588588588588588 0.034 0.03903903903903904
0 0.582 0.3205705705705706 0.034 0.04354354354354354
0 0.6395000000000001 0.7132132132132132 0.051000000000000004 0.06006006006006006
0 0.47050000000000003 0.6471471471471472 0.037 0.04504504504504504
0 0.342 0.3415915915915916 0.026000000000000002 0.03753753753753754
0 0.0555 0.5990990990990991 0.031 0.04204204204204204
0 0.47750000000000004 0.5615615615615616 0.037 0.057057057057057055
0 0.3815 0.7477477477477478 0.029 0.05105105105105105
0 0.9125 0.1066066066066066 0.049 0.07207207207207207
