0 0.135 0.46166666666666667 0.26333333333333336 0.35000000000000003
0 0.7216666666666667 0.24666666666666667 0.37000000000000005 0.35333333333333333
0 0.7366666666666667 0.9083333333333334 0.37333333333333335 0.18333333333333335
0 0.9316666666666668 0.14166666666666666 0.1366666666666667 0.27666666666666667
0 0.15666666666666668 0.8016666666666667 0.30000000000000004 0.33
0 0.5883333333333334 0.6416666666666667 0.4033333333333334 0.4033333333333334
0 0.17 0.14333333333333334 0.29333333333333333 0.28
0 0.36500000000000005 0.315 0.36333333333333334 0.3433333333333334
0 0.455 0.12166666666666667 0.35000000000000003 0.2366666666666667
0 0.2733333333333334 0.6216666666666667 0.2866666666666667 0.2966666666666667
0 0.8733333333333334 0.7583333333333334 0.25333333333333335 0.38333333333333336
0 0.89 0.43500000000000005 0.22 0.30333333333333334
0 0.385 0.9033333333333334 0.4033333333333334 0.19333333333333336
