0 0.047142857142857146 0.484994640943194 0.09238095238095238 0.1264737406216506
0 0.23857142857142857 0.8311897106109325 0.47523809523809524 0.2915326902465166
0 0.25333333333333335 0.5573419078242229 0.4438095238095238 0.25187566988210075
0 0.7390476190476191 0.830117899249732 0.4247619047619048 0.24008574490889603
0 0.6447619047619048 0.3879957127545552 0.3657142857142857 0.2090032154340836
0 0.9061904761904762 0.3882636655948553 0.18571428571428572 0.20096463022508038
0 0.8133333333333334 0.5468917470525188 0.32 0.16988210075026794
0 0.13238095238095238 0.25562700964630225 0.259047619047619 0.14362272240085744
0 0.5371428571428571 0.13879957127545553 0.2571428571428571 0.1457663451232583
0 0.37523809523809526 0.22561629153269025 0.2723809523809524 0.1157556270096463
0 0.6352380952380953 0.6211146838156485 0.4 0.21436227224008575
0 0.9119047619047619 0.2529474812433012 0.1761904761904762 0.10182207931404073
0 0.7819047619047619 0.21061093247588425 0.22095238095238096 0.13933547695605572
0 0.2838095238095238 0.1377277599142551 0.25333333333333335 0.15005359056806003
0 0.19952380952380952 0.36682743837084675 0.38952380952380955 0.18167202572347266
0 0.39666666666666667 0.35637727759914256 0.24095238095238095 0.17363344051446944
0 0.6342857142857142 0.23740621650589497 0.34095238095238095 0.13933547695605572
0 0.9280952380952381 0.6830117899249732 0.14 0.23311897106109325
