0 0.11435185185185186 0.42083333333333334 0.2064814814814815 0.125
0 0.5930555555555556 0.3753472222222222 0.20462962962962963 0.1590277777777778
0 0.8078703703703703 0.5163194444444444 0.23240740740740742 0.16041666666666668
0 0.4791666666666667 0.3180555555555556 0.16944444444444445 0.13472222222222222
0 0.4375 0.7319444444444445 0.2657407407407408 0.14305555555555557
0 0.6143518518518519 0.6083333333333334 0.26203703703703707 0.18194444444444446
0 0.29953703703703705 0.3371527777777778 0.1787037037037037 0.11736111111111111
0 0.6097222222222223 0.49097222222222225 0.18796296296296297 0.1
0 0.10740740740740741 0.5736111111111112 0.21296296296296297 0.1736111111111111
0 0.8009259259259259 0.3541666666666667 0.26666666666666666 0.18611111111111112
0 0.33240740740740743 0.4326388888888889 0.1925925925925926 0.14166666666666666
0 0.2337962962962963 0.717013888888889 0.21203703703703705 0.15625
0 0.3236111111111111 0.5847222222222223 0.25092592592592594 0.15833333333333333
