0 0.32976466049382713 0.21961805555555555 0.20775462962962962 0.3489583333333333
0 0.5451388888888888 0.8407118055555555 0.17939814814814814 0.2977430555555555
0 0.5461033950617283 0.2507233796296296 0.21219135802469136 0.36776620370370366
0 0.751832561728395 0.24160879629629628 0.19926697530864196 0.31481481481481477
0 0.3645833333333333 0.8313078703703703 0.20023148148148148 0.3188657407407407
0 0.9200424382716049 0.2445023148148148 0.15991512345679013 0.34780092592592593
0 0.2671682098765432 0.5470196759259259 0.20254629629629628 0.33998842592592593
0 0.9307484567901234 0.8674768518518517 0.13618827160493827 0.25752314814814814
0 0.1507523148148148 0.8479456018518519 0.24594907407407407 0.28616898148148145
0 0.11709104938271604 0.18663194444444445 0.23379629629629628 0.32870370370370366
0 0.9168595679012345 0.5772569444444444 0.16126543209876543 0.3344907407407407
0 0.4943094135802469 0.5519386574074073 0.2370756172839506 0.3353587962962963
0 0.7223186728395061 0.5475983796296297 0.24054783950617284 0.33130787037037035
0 0.08805941358024691 0.5244502314814814 0.17573302469135801 0.37702546296296297
0 0.7481674382716049 0.8566261574074073 0.23823302469135801 0.28153935185185186
