0 0.109375 0.48971193415637865 0.09143518518518517 0.2263374485596708
0 0.5532407407407407 0.1522633744855967 0.2546296296296296 0.29629629629629634
0 0.7129629629629629 0.3168724279835391 0.1736111111111111 0.23045267489711935
0 0.19849537037037035 0.3055555555555556 0.13773148148148148 0.22016460905349797
0 0.7748842592592592 0.8539094650205762 0.21875 0.29218106995884774
0 0.34606481481481477 0.17283950617283952 0.1875 0.3415637860082305
0 0.10185185185185185 0.7407407407407408 0.14351851851851852 0.271604938271605
0 0.2511574074074074 0.7448559670781894 0.15277777777777776 0.26337448559670784
0 0.05208333333333333 0.6820987654320988 0.09953703703703703 0.2242798353909465
0 0.5746527777777778 0.8323045267489713 0.18402777777777776 0.3312757201646091
0 0.8483796296296295 0.5555555555555556 0.19907407407407407 0.308641975308642
0 0.6545138888888888 0.5956790123456791 0.1724537037037037 0.3106995884773663
0 0.3298611111111111 0.6748971193415638 0.12268518518518517 0.2263374485596708
0 0.9270833333333333 0.8487654320987655 0.14351851851851852 0.30246913580246915
