0 0.055658627087198514 0.058333333333333334 0.029684601113172542 0.044444444444444446
0 0.4972170686456401 0.5625 0.03710575139146568 0.058333333333333334
0 0.7810760667903525 0.42638888888888893 0.03339517625231911 0.04166666666666667
0 0.1920222634508349 0.3138888888888889 0.0352504638218924 0.06666666666666667
0 0.09925788497217068 0.7236111111111111 0.05009276437847866 0.0638888888888889
0 0.6651205936920223 0.5319444444444444 0.03153988868274583 0.04166666666666667
0 0.3423005565862709 0.8680555555555556 0.027829313543599257 0.036111111111111115
0 0.4684601113172542 0.9652777777777778 0.03896103896103896 0.058333333333333334
0 0.137291280148423 0.4083333333333333 0.04823747680890538 0.06666666666666667
0 0.24582560296846012 0.3736111111111111 0.0352504638218924 0.05277777777777778
0 0.4322820037105751 0.15 0.025974025974025976 0.03333333333333333
0 0.5166975881261595 0.5125000000000001 0.04267161410018553 0.058333333333333334
0 0.5018552875695733 0.45833333333333337 0.03153988868274583 0.05
0 0.7532467532467533 0.6180555555555556 0.029684601113172542 0.04722222222222222
0 0.813543599257885 0.4152777777777778 0.03153988868274583 0.04722222222222222
0 0.03896103896103896 0.851388888888889 0.04081632653061225 0.058333333333333334
0 0.6549165120593692 0.41944444444444445 0.03339517625231911 0.05
0 0.2365491651205937 0.3 0.0575139146567718 0.08333333333333334
0 0.3339517625231911 0.3597222222222222 0.029684601113172542 0.05277777777777778
0 0.7022263450834879 0.5944444444444444 0.03153988868274583 0.044444444444444446
0 0.18831168831168832 0.19583333333333333 0.0463821892393321 0.0638888888888889
0 0.6512059369202227 0.5583333333333333 0.029684601113172542 0.044444444444444446
0 0.950834879406308 0.28611111111111115 0.0352504638218924 0.05
0 0.7142857142857143 0.3458333333333333 0.03710575139146568 0.058333333333333334
0 0.8812615955473099 0.4638888888888889 0.03339517625231911 0.044444444444444446
0 0.3654916512059369 0.3541666666666667 0.04452690166975881 0.058333333333333334
0 0.4601113172541744 0.8041666666666667 0.03339517625231911 0.058333333333333334
0 0.23283858998144713 0.9597222222222223 0.0352504638218924 0.04722222222222222
