0 0.7766666666666667 0.78 0.30000000000000004 0.4
0 0.37333333333333335 0.34 0.16 0.23333333333333334
0 0.2 0.7783333333333334 0.2066666666666667 0.27
0 0.21166666666666667 0.5583333333333333 0.15000000000000002 0.21666666666666667
0 0.43500000000000005 0.16166666666666668 0.1366666666666667 0.17666666666666667
0 0.24833333333333335 0.37833333333333335 0.10333333333333335 0.19
0 0.6033333333333334 0.135 0.2 0.26333333333333336
0 0.35833333333333334 0.5683333333333334 0.20333333333333334 0.27
0 0.5650000000000001 0.5483333333333333 0.2366666666666667 0.2833333333333333
0 0.07 0.7766666666666667 0.12666666666666668 0.17333333333333334
0 0.20333333333333334 0.28500000000000003 0.09333333333333334 0.1366666666666667
0 0.16 0.4216666666666667 0.09333333333333334 0.14333333333333334
0 0.5366666666666667 0.8300000000000001 0.24000000000000002 0.3066666666666667
0 0.5466666666666667 0.30833333333333335 0.23333333333333334 0.2833333333333333
0 0.3516666666666667 0.8150000000000001 0.19666666666666668 0.26333333333333336
0 0.7933333333333333 0.405 0.22 0.37000000000000005
0 0.8066666666666668 0.125 0.2066666666666667 0.24333333333333335
0 0.30833333333333335 0.22833333333333336 0.14333333333333334 0.14333333333333334
0 0.11666666666666667 0.5800000000000001 0.12000000000000001 0.19333333333333336
