0 0.10299625468164794 0.052500000000000005 0.20224719101123595 0.10166666666666667
0 0.6479400749063671 0.05 0.21348314606741572 0.09666666666666668
0 0.09831460674157304 0.8591666666666667 0.19288389513108614 0.2316666666666667
0 0.19850187265917604 0.5375000000000001 0.2546816479400749 0.22166666666666668
0 0.8202247191011236 0.0775 0.23220973782771537 0.15166666666666667
0 0.3192883895131086 0.7016666666666667 0.24157303370786518 0.21000000000000002
0 0.8108614232209738 0.315 0.20224719101123595 0.19
0 0.45318352059925093 0.10916666666666668 0.2397003745318352 0.20833333333333334
0 0.6966292134831461 0.48750000000000004 0.20973782771535582 0.17833333333333334
0 0.8745318352059925 0.7708333333333334 0.2247191011235955 0.18833333333333335
0 0.43352059925093633 0.9 0.3052434456928839 0.2
0 0.24438202247191013 0.1691666666666667 0.2340823970037453 0.21500000000000002
0 0.42790262172284643 0.27083333333333337 0.17415730337078653 0.14166666666666666
0 0.08426966292134831 0.405 0.16479400749063672 0.17333333333333334
0 0.9166666666666666 0.4241666666666667 0.16666666666666666 0.21166666666666667
0 0.26685393258426965 0.35583333333333333 0.22284644194756553 0.18833333333333335
0 0.08801498127340825 0.21833333333333335 0.17228464419475656 0.23333333333333334
0 0.9101123595505618 0.5975 0.1760299625468165 0.17833333333333334
0 0.7537453183520599 0.6458333333333334 0.19288389513108614 0.17833333333333334
0 0.5514981273408239 0.6483333333333334 0.24157303370786518 0.22666666666666668
0 0.9082397003745318 0.16583333333333333 0.18352059925093633 0.165
0 0.4803370786516854 0.4366666666666667 0.24906367041198502 0.22
0 0.6825842696629214 0.8566666666666667 0.19288389513108614 0.19333333333333336
0 0.6563670411985019 0.17 0.20411985018726592 0.15333333333333335
0 0.6123595505617978 0.27 0.2397003745318352 0.21666666666666667
