0 0.44895833333333335 0.32222222222222224 0.21875 0.41481481481481486
0 0.5489583333333333 0.7518518518518519 0.19791666666666666 0.35555555555555557
0 0.9072916666666666 0.5740740740740741 0.17708333333333334 0.22962962962962963
0 0.759375 0.7074074074074075 0.23958333333333334 0.3925925925925926
0 0.40625 0.875925925925926 0.2875 0.24814814814814815
0 0.5958333333333333 0.13518518518518519 0.22916666666666666 0.26296296296296295
0 0.8875 0.23333333333333334 0.225 0.45925925925925926
0 0.9166666666666666 0.8203703703703704 0.16666666666666666 0.3592592592592593
0 0.18229166666666666 0.3388888888888889 0.23958333333333334 0.3888888888888889
0 0.33958333333333335 0.1425925925925926 0.2125 0.2777777777777778
0 0.6166666666666667 0.4518518518518519 0.25 0.41481481481481486
0 0.725 0.3685185185185185 0.17083333333333334 0.2851851851851852
0 0.3625 0.6148148148148148 0.2125 0.33333333333333337
0 0.07083333333333333 0.12592592592592594 0.1375 0.24444444444444446
0 0.13541666666666666 0.7148148148148148 0.25416666666666665 0.4
