0 0.23875000000000002 0.25140712945590993 0.155 0.2401500938086304
0 0.94375 0.15666041275797374 0.0725 0.10318949343339587
0 0.654375 0.43151969981238275 0.10375000000000001 0.20637898686679174
0 0.36875 0.4230769230769231 0.155 0.23076923076923078
0 0.19375 0.8424015009380863 0.22 0.300187617260788
0 0.6218750000000001 0.8639774859287055 0.20875 0.27204502814258913
0 0.38 0.2326454033771107 0.14250000000000002 0.18761726078799248
0 0.62875 0.22420262664165103 0.14 0.2045028142589118
0 0.095 0.4643527204502814 0.1875 0.29831144465290804
0 0.7368750000000001 0.4924953095684803 0.15875 0.22326454033771106
0 0.550625 0.6200750469043151 0.20375000000000001 0.2795497185741088
0 0.52625 0.3818011257035647 0.1775 0.23827392120075047
0 0.755625 0.7504690431519699 0.20125 0.2964352720450281
0 0.48562500000000003 0.15947467166979362 0.11875000000000001 0.17636022514071295
0 0.4025 0.6669793621013134 0.145 0.26454033771106944
0 0.114375 0.725140712945591 0.14875 0.25328330206378985
0 0.26125 0.5628517823639775 0.22 0.3076923076923077
0 0.889375 0.47560975609756095 0.15375 0.21575984990619138
0 0.68375 0.14634146341463414 0.11750000000000001 0.16885553470919323
