0 0.521875 0.3707482993197279 0.146875 0.1927437641723356
0 0.1078125 0.7040816326530612 0.203125 0.26077097505668934
0 0.60078125 0.8140589569160998 0.3046875 0.35827664399092973
0 0.25 0.47732426303854875 0.209375 0.2743764172335601
0 0.43593750000000003 0.5634920634920635 0.21875 0.2925170068027211
0 0.9382812500000001 0.5895691609977325 0.1203125 0.22222222222222224
0 0.6671875 0.4399092970521542 0.16875 0.22675736961451248
0 0.8679687500000001 0.9455782312925171 0.1234375 0.108843537414966
0 0.76171875 0.5170068027210885 0.15156250000000002 0.19954648526077098
0 0.09921875000000001 0.9467120181405896 0.1296875 0.10204081632653061
