0 0.47400000000000003 0.6764705882352942 0.364 0.5882352941176471
0 0.634 0.5081699346405228 0.252 0.4673202614379085
0 0.737 0.369281045751634 0.222 0.39215686274509803
0 0.17 0.2450980392156863 0.164 0.32026143790849676
0 0.8270000000000001 0.27450980392156865 0.19 0.33333333333333337
0 0.335 0.5049019607843137 0.274 0.4607843137254902
0 0.599 0.18627450980392157 0.17 0.17647058823529413
0 0.257 0.33169934640522875 0.234 0.3888888888888889
0 0.4 0.18790849673202614 0.176 0.19934640522875818
0 0.495 0.27941176470588236 0.21 0.21895424836601307
