0 0.1967741935483871 0.8387096774193549 0.2129032258064516 0.2129032258064516
0 0.13870967741935483 0.13225806451612904 0.18064516129032257 0.2064516129032258
0 0.46774193548387094 0.6725806451612903 0.36774193548387096 0.3774193548387097
0 0.2564516129032258 0.9564516129032258 0.16451612903225807 0.08709677419354839
0 0.5741935483870968 0.33064516129032256 0.36129032258064514 0.3903225806451613
0 0.5387096774193548 0.9161290322580645 0.3032258064516129 0.16774193548387098
0 0.06935483870967742 0.7564516129032258 0.13225806451612904 0.267741935483871
0 0.09838709677419355 0.9435483870967742 0.19032258064516128 0.1064516129032258
0 0.3096774193548387 0.3419354838709677 0.2709677419354839 0.32903225806451614
0 0.7387096774193549 0.8709677419354839 0.2064516129032258 0.25806451612903225
0 0.6290322580645161 0.08064516129032258 0.3741935483870968 0.15483870967741936
0 0.7612903225806451 0.2064516129032258 0.21935483870967742 0.3225806451612903
0 0.7806451612903226 0.5419354838709678 0.3096774193548387 0.34838709677419355
