0 0.5519323671497585 0.5815217391304348 0.26570048309178745 0.21014492753623187
0 0.7898550724637681 0.5244565217391305 0.24396135265700483 0.18659420289855072
0 0.6159420289855072 0.9329710144927537 0.23429951690821255 0.13405797101449277
0 0.47041062801932365 0.8061594202898551 0.2693236714975845 0.19927536231884058
0 0.8357487922705313 0.936141304347826 0.22705314009661834 0.11684782608695653
0 0.41787439613526567 0.9411231884057971 0.21739130434782608 0.11775362318840579
0 0.9021739130434783 0.058423913043478264 0.1932367149758454 0.11503623188405797
0 0.9148550724637681 0.8346920289855072 0.16545893719806762 0.15670289855072464
0 0.2892512077294686 0.47780797101449274 0.22101449275362317 0.1947463768115942
0 0.32065217391304346 0.06068840579710145 0.2330917874396135 0.11956521739130435
0 0.14855072463768115 0.6123188405797102 0.24154589371980675 0.1847826086956522
0 0.7041062801932367 0.2980072463768116 0.25120772946859904 0.1793478260869565
0 0.9106280193236714 0.432518115942029 0.178743961352657 0.19293478260869565
0 0.9033816425120772 0.2558876811594203 0.1932367149758454 0.1693840579710145
0 0.9263285024154589 0.14402173913043478 0.13285024154589373 0.07789855072463768
0 0.7663043478260869 0.13179347826086957 0.2258454106280193 0.1802536231884058
0 0.8822463768115941 0.6902173913043478 0.23550724637681159 0.17572463768115942
0 0.12741545893719805 0.7658514492753623 0.22342995169082125 0.14221014492753623
0 0.5676328502415459 0.21105072463768115 0.19806763285024154 0.19384057971014493
0 0.6002415458937198 0.05253623188405797 0.2246376811594203 0.10144927536231885
0 0.7300724637681159 0.8120471014492754 0.25966183574879226 0.1983695652173913
0 0.3864734299516908 0.3446557971014493 0.22946859903381642 0.1802536231884058
0 0.5887681159420289 0.4008152173913044 0.2330917874396135 0.18206521739130435
0 0.33454106280193235 0.6634963768115942 0.23429951690821255 0.17119565217391305
0 0.16968599033816426 0.3881340579710145 0.22342995169082125 0.13858695652173914
0 0.18357487922705312 0.24094202898550726 0.26570048309178745 0.19746376811594202
0 0.3907004830917874 0.18070652173913043 0.21859903381642512 0.17119565217391305
0 0.161231884057971 0.9202898550724637 0.286231884057971 0.15942028985507248
