0 0.5141666666666667 0.20555555555555555 0.125 0.16666666666666666
0 0.9258333333333334 0.5788888888888889 0.14833333333333334 0.25555555555555554
0 0.2833333333333333 0.4411111111111111 0.1366666666666667 0.20222222222222222
0 0.385 0.7311111111111112 0.11 0.1511111111111111
0 0.10833333333333334 0.2688888888888889 0.14 0.19555555555555557
0 0.7475 0.09111111111111111 0.12166666666666667 0.17777777777777778
0 0.5891666666666667 0.8611111111111112 0.095 0.13555555555555557
0 0.655 0.7422222222222222 0.09333333333333334 0.12
0 0.7833333333333334 0.6011111111111112 0.12333333333333334 0.16666666666666666
0 0.43250000000000005 0.67 0.095 0.14888888888888888
0 0.8741666666666668 0.4211111111111111 0.15833333333333335 0.22
0 0.9191666666666667 0.8488888888888889 0.125 0.17777777777777778
0 0.26 0.8655555555555555 0.12333333333333334 0.18
0 0.01916666666666667 0.7955555555555556 0.035 0.08888888888888889
0 0.6808333333333334 0.43555555555555553 0.10500000000000001 0.13333333333333333
0 0.18083333333333335 0.9444444444444444 0.135 0.1111111111111111
0 0.4316666666666667 0.92 0.09666666666666668 0.15555555555555556
0 0.79 0.95 0.11666666666666667 0.1
0 0.10583333333333333 0.12333333333333334 0.13166666666666668 0.14888888888888888
0 0.5308333333333334 0.6477777777777778 0.10500000000000001 0.14888888888888888
