0 0.6908333333333334 0.5942028985507246 0.2783333333333334 0.3429951690821256
0 0.9175000000000001 0.7379227053140096 0.165 0.214975845410628
0 0.68 0.9480676328502415 0.17666666666666667 0.09903381642512077
0 0.8750000000000001 0.3357487922705314 0.25 0.43478260869565216
0 0.44333333333333336 0.9444444444444444 0.16666666666666669 0.1111111111111111
0 0.7725000000000001 0.8236714975845411 0.16833333333333333 0.22705314009661834
0 0.5891666666666667 0.8405797101449275 0.15833333333333335 0.25120772946859904
0 0.26083333333333336 0.9492753623188406 0.155 0.10144927536231883
0 0.8633333333333334 0.9033816425120772 0.20333333333333334 0.1932367149758454
0 0.21916666666666668 0.8514492753623188 0.16166666666666668 0.1714975845410628
