0 0.319672131147541 0.2833333333333333 0.2459016393442623 0.39166666666666666
0 0.610655737704918 0.5916666666666667 0.24863387978142076 0.35
0 0.35655737704918034 0.6145833333333334 0.2540983606557377 0.3458333333333333
0 0.09153005464480875 0.5979166666666667 0.17759562841530055 0.3541666666666667
0 0.9180327868852459 0.8791666666666667 0.16393442622950818 0.24166666666666667
0 0.7199453551912568 0.2916666666666667 0.2540983606557377 0.4
0 0.226775956284153 0.80625 0.26229508196721313 0.3875
0 0.10109289617486339 0.2625 0.19672131147540983 0.3416666666666667
0 0.8456284153005464 0.6583333333333333 0.23770491803278687 0.39166666666666666
0 0.6598360655737705 0.8479166666666667 0.2540983606557377 0.30416666666666664
