0 0.106 0.32198952879581155 0.16 0.25654450261780104
0 0.078 0.6780104712041886 0.152 0.5706806282722513
0 0.223 0.5732984293193718 0.158 0.518324607329843
0 0.356 0.18324607329842932 0.152 0.28272251308900526
0 0.603 0.549738219895288 0.166 0.46073298429319376
0 0.277 0.3167539267015707 0.162 0.22513089005235604
0 0.846 0.6727748691099477 0.192 0.549738219895288
0 0.9440000000000001 0.5261780104712043 0.112 0.5392670157068064
0 0.044 0.17277486910994766 0.084 0.25130890052356025
0 0.9530000000000001 0.21727748691099477 0.094 0.16230366492146597
0 0.868 0.17277486910994766 0.156 0.24083769633507854
0 0.5700000000000001 0.6780104712041886 0.184 0.5602094240837696
0 0.185 0.21465968586387435 0.15 0.25130890052356025
0 0.41400000000000003 0.5654450261780105 0.164 0.5549738219895288
0 0.293 0.6963350785340314 0.202 0.5445026178010471
0 0.6990000000000001 0.18062827225130892 0.154 0.25654450261780104
0 0.531 0.19109947643979058 0.158 0.2670157068062827
0 0.775 0.5392670157068064 0.166 0.5340314136125655
0 0.07 0.39528795811518325 0.136 0.193717277486911
