0 0.8341666666666667 0.6531250000000001 0.065 0.04875
0 0.6758333333333334 0.288125 0.3716666666666667 0.26125
0 0.9041666666666667 0.8125 0.06166666666666667 0.0525
0 0.6183333333333334 0.506875 0.33333333333333337 0.26125
0 0.4658333333333334 0.770625 0.36500000000000005 0.29625
0 0.9483333333333334 0.770625 0.05333333333333334 0.04625
0 0.08750000000000001 0.18875 0.1716666666666667 0.20750000000000002
0 0.17 0.800625 0.29000000000000004 0.25375000000000003
0 0.2833333333333333 0.52875 0.2966666666666667 0.2275
0 0.2391666666666667 0.205625 0.30833333333333335 0.23375
0 0.4083333333333334 0.350625 0.36000000000000004 0.24875
