0 0.375 0.7975460122699387 0.23800000000000002 0.36809815950920244
0 0.663 0.29754601226993865 0.242 0.3558282208588957
0 0.429 0.37423312883435583 0.15 0.22085889570552147
0 0.094 0.13803680981595093 0.164 0.2638036809815951
0 0.094 0.30828220858895705 0.152 0.1687116564417178
0 0.122 0.8819018404907976 0.14400000000000002 0.19938650306748468
0 0.783 0.9187116564417178 0.106 0.1196319018404908
0 0.878 0.8512269938650306 0.108 0.16257668711656442
0 0.907 0.0843558282208589 0.178 0.16257668711656442
0 0.483 0.17331288343558282 0.162 0.24846625766871167
0 0.198 0.7177914110429447 0.14400000000000002 0.24539877300613497
