0 0.47000000000000003 0.2725 0.18333333333333335 0.14500000000000002
0 0.3091666666666667 0.17 0.17833333333333334 0.11
0 0.4491666666666667 0.7058333333333334 0.22833333333333336 0.17833333333333334
0 0.45583333333333337 0.4216666666666667 0.22166666666666668 0.18666666666666668
0 0.12333333333333334 0.15416666666666667 0.19 0.13833333333333334
0 0.15333333333333335 0.30833333333333335 0.18333333333333335 0.15666666666666668
0 0.6858333333333334 0.10333333333333335 0.16833333333333333 0.12333333333333334
0 0.9375000000000001 0.5116666666666667 0.12166666666666667 0.16
0 0.6591666666666667 0.38 0.2016666666666667 0.16333333333333333
0 0.09416666666666668 0.6000000000000001 0.18166666666666667 0.16333333333333333
0 0.2966666666666667 0.36333333333333334 0.19333333333333336 0.15666666666666668
0 0.7875000000000001 0.8966666666666667 0.265 0.19333333333333336
0 0.7766666666666667 0.5183333333333333 0.22333333333333336 0.14
0 0.46166666666666667 0.12333333333333334 0.19 0.15000000000000002
0 0.085 0.8533333333333334 0.16666666666666669 0.21000000000000002
0 0.8516666666666667 0.39416666666666667 0.19333333333333336 0.15166666666666667
0 0.9108333333333334 0.2791666666666667 0.16833333333333333 0.135
0 0.5275000000000001 0.9025000000000001 0.27166666666666667 0.18833333333333335
0 0.9541666666666667 0.16416666666666668 0.09166666666666667 0.11833333333333335
0 0.2758333333333334 0.8575 0.2783333333333334 0.22833333333333336
0 0.6225 0.1991666666666667 0.18166666666666667 0.14833333333333334
0 0.29333333333333333 0.5008333333333334 0.19666666666666668 0.135
0 0.9058333333333334 0.6791666666666667 0.18500000000000003 0.19166666666666668
0 0.2566666666666667 0.6675000000000001 0.22666666666666668 0.165
0 0.7433333333333334 0.2675 0.19333333333333336 0.14833333333333334
0 0.11083333333333334 0.45583333333333337 0.21166666666666667 0.14833333333333334
0 0.08416666666666667 0.052500000000000005 0.16166666666666668 0.09833333333333334
0 0.7983333333333333 0.18583333333333335 0.16333333333333333 0.09833333333333334
0 0.6925 0.6858333333333334 0.255 0.195
0 0.5575 0.5616666666666666 0.22833333333333336 0.15000000000000002
0 0.8658333333333333 0.09666666666666668 0.18500000000000003 0.1366666666666667
