0 0.36484375 0.2747068676716918 0.2234375 0.25125628140703515
0 0.6265625 0.5376884422110553 0.19375 0.20770519262981574
0 0.66328125 0.15577889447236182 0.19843750000000002 0.21440536013400335
0 0.8359375 0.5527638190954774 0.25625000000000003 0.2613065326633166
0 0.49765625 0.3760469011725293 0.2109375 0.24288107202680068
0 0.225 0.7604690117252931 0.225 0.23785594639865998
0 0.57421875 0.916247906197655 0.2546875 0.16750418760469013
0 0.32109375 0.8400335008375209 0.32656250000000003 0.31993299832495814
0 0.515625 0.6867671691792295 0.25625000000000003 0.2914572864321608
0 0.84140625 0.35678391959798994 0.1421875 0.16080402010050251
0 0.16796875 0.5234505862646566 0.2609375 0.2663316582914573
0 0.7328125000000001 0.8207705192629816 0.309375 0.33835845896147404
0 0.38906250000000003 0.5385259631490787 0.215625 0.22278056951423786
0 0.6953125 0.35343383584589616 0.23750000000000002 0.25125628140703515
0 0.1953125 0.37018425460636517 0.234375 0.17420435510887772
