0 0.7125 0.3800925925925926 0.28240740740740744 0.28055555555555556
0 0.8537037037037037 0.06018518518518519 0.26481481481481484 0.11481481481481481
0 0.1449074074074074 0.8643518518518519 0.287962962962963 0.2657407407407408
0 0.07685185185185185 0.4217592592592593 0.15185185185185185 0.20277777777777778
0 0.21805555555555556 0.16064814814814815 0.2638888888888889 0.27314814814814814
0 0.8893518518518518 0.48750000000000004 0.2212962962962963 0.275
0 0.2967592592592593 0.9092592592592593 0.3601851851851852 0.17407407407407408
0 0.8078703703703703 0.7226851851851852 0.3842592592592593 0.39722222222222225
0 0.4513888888888889 0.09490740740740741 0.23055555555555557 0.18796296296296297
0 0.5995370370370371 0.862962962962963 0.2953703703703704 0.2740740740740741
0 0.5921296296296297 0.5939814814814816 0.3027777777777778 0.30833333333333335
0 0.11574074074074074 0.6347222222222223 0.22962962962962963 0.2935185185185185
0 0.7324074074074074 0.1527777777777778 0.2740740740740741 0.24074074074074076
0 0.9324074074074075 0.18703703703703706 0.13518518518518519 0.24444444444444446
0 0.44907407407407407 0.30694444444444446 0.26481481481481484 0.28055555555555556
0 0.29305555555555557 0.487962962962963 0.2972222222222222 0.2814814814814815
0 0.3995370370370371 0.7472222222222222 0.25833333333333336 0.25925925925925924
