0 0.5548387096774193 0.9112903225806451 0.11612903225806452 0.11935483870967742
0 0.1403225806451613 0.3725806451612903 0.04838709677419355 0.035483870967741936
0 0.6161290322580645 0.6193548387096774 0.13548387096774195 0.15483870967741936
0 0.9612903225806452 0.4435483870967742 0.07096774193548387 0.16451612903225807
0 0.4161290322580645 0.8774193548387097 0.12903225806451613 0.12903225806451613
0 0.2032258064516129 0.7903225806451613 0.12903225806451613 0.11612903225806452
0 0.24838709677419354 0.4838709677419355 0.12903225806451613 0.13548387096774195
0 0.3790322580645161 0.482258064516129 0.13225806451612904 0.13870967741935483
0 0.5241935483870968 0.45483870967741935 0.13870967741935483 0.1032258064516129
0 0.6838709677419355 0.2629032258064516 0.17419354838709677 0.19032258064516128
