0 0.5815384615384616 0.15300546448087432 0.04923076923076923 0.09836065573770492
0 0.6692307692307692 0.06147540983606557 0.06153846153846154 0.10655737704918032
0 0.7630769230769231 0.09836065573770492 0.052307692307692305 0.09289617486338798
0 0.71 0.11202185792349727 0.05076923076923077 0.09289617486338798
0 0.7884615384615384 0.6789617486338798 0.05692307692307692 0.07377049180327869
0 0.6007692307692307 0.7540983606557377 0.04461538461538461 0.08196721311475409
0 0.4423076923076923 0.6502732240437158 0.03538461538461538 0.060109289617486336
0 0.5776923076923077 0.4726775956284153 0.03230769230769231 0.0546448087431694
0 0.5823076923076923 0.3879781420765027 0.038461538461538464 0.060109289617486336
0 0.7807692307692308 0.3729508196721312 0.03230769230769231 0.05191256830601093
0 0.4423076923076923 0.8729508196721312 0.04153846153846154 0.07923497267759563
0 0.5007692307692307 0.0942622950819672 0.05076923076923077 0.09016393442622951
0 0.5107692307692308 0.8442622950819673 0.043076923076923075 0.07103825136612021
0 0.8861538461538462 0.3483606557377049 0.043076923076923075 0.06830601092896176
0 0.5338461538461539 0.7827868852459017 0.04923076923076923 0.07923497267759563
0 0.8884615384615384 0.5819672131147541 0.04461538461538461 0.07650273224043716
0 0.43 0.20081967213114754 0.038461538461538464 0.06830601092896176
0 0.6115384615384616 0.3442622950819672 0.04153846153846154 0.060109289617486336
0 0.38384615384615384 0.9084699453551912 0.04461538461538461 0.06830601092896176
0 0.4676923076923077 0.8237704918032787 0.043076923076923075 0.08469945355191257
