0 0.05142857142857143 0.4361702127659574 0.1 0.19148936170212766
0 0.5171428571428571 0.8817966903073285 0.13428571428571429 0.2364066193853428
0 0.024285714285714285 0.26832151300236406 0.04285714285714286 0.07328605200945626
0 0.735 0.06619385342789598 0.17285714285714285 0.1276595744680851
0 0.21 0.3463356973995272 0.24571428571428572 0.38534278959810875
0 0.89 0.1950354609929078 0.07142857142857142 0.12529550827423167
0 0.5214285714285715 0.18085106382978722 0.15428571428571428 0.19621749408983452
0 0.5414285714285715 0.5685579196217494 0.13142857142857142 0.22458628841607564
0 0.6821428571428572 0.4326241134751773 0.15 0.22695035460992907
0 0.37 0.8912529550827423 0.15714285714285714 0.20803782505910165
0 0.11642857142857142 0.6666666666666666 0.11 0.1702127659574468
0 0.3707142857142857 0.5650118203309693 0.19857142857142857 0.3120567375886525
0 0.64 0.9066193853427896 0.11142857142857143 0.1773049645390071
0 0.33285714285714285 0.06264775413711583 0.08 0.11583924349881797
0 0.20142857142857143 0.7990543735224586 0.19142857142857142 0.3215130023640662
0 0.5057142857142857 0.36997635933806144 0.17142857142857143 0.24822695035460993
