0 0.38645833333333335 0.8471810089020771 0.11875 0.1632047477744807
0 0.48541666666666666 0.7685459940652819 0.1375 0.16023738872403562
0 0.9666666666666667 0.45252225519287836 0.0625 0.17507418397626112
0 0.2875 0.8189910979228487 0.09583333333333333 0.18397626112759644
0 0.15 0.8531157270029673 0.125 0.16913946587537093
0 0.4479166666666667 0.4050445103857567 0.125 0.18694362017804156
0 0.5208333333333334 0.07863501483679526 0.1125 0.1513353115727003
0 0.42083333333333334 0.057863501483679525 0.12083333333333333 0.10979228486646884
0 0.21354166666666666 0.7863501483679526 0.13541666666666666 0.19584569732937687
0 0.6083333333333333 0.2314540059347181 0.12916666666666665 0.18991097922848665
0 0.8583333333333333 0.3857566765578635 0.11666666666666667 0.18397626112759644
0 0.5572916666666666 0.470326409495549 0.13125 0.18694362017804156
0 0.4822916666666667 0.9213649851632048 0.11875 0.1513353115727003
0 0.7458333333333333 0.4332344213649852 0.11666666666666667 0.17210682492581603
0 0.6197916666666666 0.8308605341246291 0.12708333333333333 0.1543026706231454
0 0.321875 0.556379821958457 0.14375 0.19881305637982197
0 0.8114583333333333 0.9510385756676558 0.12291666666666666 0.09198813056379822
0 0.671875 0.5593471810089021 0.12708333333333333 0.17507418397626112
0 0.06979166666666667 0.7507418397626113 0.12708333333333333 0.18991097922848665
0 0.484375 0.27002967359050445 0.13125 0.19584569732937687
0 0.5072916666666667 0.6379821958456974 0.13541666666666666 0.20771513353115728
0 0.7864583333333334 0.5949554896142434 0.11041666666666666 0.15727002967359052
0 0.7416666666666667 0.8486646884272997 0.11666666666666667 0.16617210682492584
