0 0.634375 0.68875 0.18375 0.17250000000000001
0 0.67375 0.376875 0.0675 0.06875
0 0.455 0.46375 0.10250000000000001 0.10250000000000001
0 0.718125 0.51875 0.06625 0.065
0 0.6225 0.525625 0.0675 0.07875
0 0.530625 0.84 0.19375 0.1875
0 0.33437500000000003 0.39125 0.08125 0.085
0 0.36562500000000003 0.7625000000000001 0.12125 0.13
0 0.42812500000000003 0.859375 0.09875 0.12125
0 0.31875000000000003 0.594375 0.0575 0.08125
0 0.71625 0.835 0.18 0.17
0 0.410625 0.570625 0.10125 0.09125
0 0.63875 0.42625 0.055 0.06
