0 0.8755555555555555 0.335625 0.20444444444444446 0.11125
0 0.2644444444444444 0.70375 0.24 0.1375
0 0.38555555555555554 0.821875 0.3711111111111111 0.20125
0 0.8644444444444445 0.44875 0.24444444444444444 0.13
0 0.07555555555555556 0.62125 0.14222222222222222 0.155
0 0.5222222222222223 0.649375 0.3288888888888889 0.20375000000000001
0 0.09222222222222222 0.530625 0.18 0.11625
0 0.29 0.521875 0.22 0.10625
0 0.6655555555555556 0.7575000000000001 0.31333333333333335 0.1925
0 0.9211111111111111 0.765 0.15777777777777777 0.1525
0 0.3877777777777778 0.420625 0.25555555555555554 0.14625
0 0.8622222222222222 0.61625 0.27555555555555555 0.1775
0 0.32222222222222224 0.948125 0.28444444444444444 0.10375000000000001
0 0.1511111111111111 0.434375 0.2311111111111111 0.11625
0 0.6066666666666667 0.47375 0.31555555555555553 0.1875
0 0.6244444444444445 0.926875 0.3288888888888889 0.13625
0 0.6177777777777778 0.354375 0.24 0.10125
0 0.39111111111111113 0.588125 0.24888888888888888 0.13125
0 0.5177777777777778 0.255625 0.09333333333333334 0.051250000000000004
0 0.8211111111111111 0.22875 0.11333333333333333 0.055
0 0.3244444444444444 0.296875 0.17777777777777778 0.09625
0 0.16333333333333333 0.325625 0.16666666666666666 0.09125
0 0.09333333333333334 0.76875 0.18222222222222223 0.1475
