0 0.7118181818181818 0.18250539956803458 0.2018181818181818 0.2699784017278618
0 0.09909090909090909 0.8056155507559396 0.19454545454545455 0.31965442764578833
0 0.24909090909090909 0.18034557235421167 0.19636363636363635 0.24838012958963285
0 0.6027272727272728 0.3822894168466523 0.20545454545454545 0.24622030237580994
0 0.72 0.5853131749460043 0.21454545454545454 0.2634989200863931
0 0.34545454545454546 0.3747300215982722 0.2 0.2570194384449244
0 0.22636363636363635 0.5853131749460043 0.19818181818181818 0.2678185745140389
0 0.33181818181818185 0.8099352051835854 0.20545454545454545 0.2591792656587473
0 0.46545454545454545 0.5896328293736501 0.19636363636363635 0.2548596112311015
0 0.6018181818181818 0.8228941684665227 0.21454545454545454 0.2807775377969763
0 0.4718181818181818 0.1781857451403888 0.21272727272727274 0.26133909287257023
0 0.9272727272727272 0.18898488120950324 0.14181818181818182 0.2570194384449244
0 0.86 0.8228941684665227 0.20363636363636364 0.2937365010799136
0 0.9336363636363636 0.5961123110151189 0.13272727272727272 0.2548596112311015
0 0.8436363636363636 0.38660907127429806 0.20363636363636364 0.2548596112311015
0 0.10909090909090909 0.35745140388768903 0.20363636363636364 0.26133909287257023
