0 0.06796875000000001 0.8125 0.0578125 0.075
0 0.584375 0.9260416666666667 0.115625 0.13958333333333334
0 0.11015625000000001 0.8322916666666667 0.0671875 0.08541666666666667
0 0.23359375000000002 0.7677083333333333 0.0765625 0.09375
0 0.49140625000000004 0.809375 0.0546875 0.06458333333333333
0 0.29453125 0.79375 0.051562500000000004 0.058333333333333334
0 0.2328125 0.9302083333333333 0.1 0.13125
0 0.328125 0.840625 0.065625 0.09375
0 0.25859375 0.8375 0.0734375 0.0875
0 0.1796875 0.8375 0.07500000000000001 0.09166666666666666
0 0.43671875000000004 0.8125 0.0421875 0.0625
0 0.032031250000000004 0.84375 0.060937500000000006 0.075
0 0.02890625 0.7697916666666667 0.0546875 0.08125
0 0.15546875000000002 0.7895833333333333 0.06406250000000001 0.0625
0 0.38593750000000004 0.7770833333333333 0.0625 0.07916666666666666
0 0.31953125000000004 0.9677083333333333 0.07968750000000001 0.06458333333333333
0 0.10625000000000001 0.9406249999999999 0.11875000000000001 0.11875
0 0.47890625000000003 0.8385416666666666 0.060937500000000006 0.05625
0 0.45859375 0.91875 0.1296875 0.15833333333333333
0 0.3875 0.9614583333333333 0.05625 0.07708333333333334
