0 0.675 0.43333333333333335 0.13125 0.16666666666666666
0 0.3953125 0.3958333333333333 0.1375 0.19583333333333333
0 0.3765625 0.25416666666666665 0.12187500000000001 0.14166666666666666
0 0.1203125 0.19166666666666665 0.1375 0.14583333333333334
0 0.59921875 0.5375 0.15781250000000002 0.2375
0 0.7671875 0.1125 0.125 0.13333333333333333
0 0.92109375 0.6458333333333334 0.15781250000000002 0.2125
0 0.6335937500000001 0.7177083333333333 0.1296875 0.18541666666666667
0 0.06875 0.303125 0.12812500000000002 0.16041666666666665
0 0.88671875 0.09166666666666666 0.11406250000000001 0.1375
0 0.8382812500000001 0.3614583333333333 0.1609375 0.18541666666666667
0 0.45390625 0.07604166666666666 0.0890625 0.10208333333333333
0 0.2828125 0.48125 0.153125 0.16666666666666666
0 0.9007812500000001 0.85625 0.19843750000000002 0.2875
0 0.6578125 0.08854166666666667 0.09375 0.10208333333333333
0 0.9484375 0.521875 0.10312500000000001 0.17708333333333334
0 0.22109375 0.1375 0.1078125 0.12916666666666665
0 0.2859375 0.06041666666666667 0.09062500000000001 0.1125
0 0.37109375 0.175 0.11406250000000001 0.10416666666666667
0 0.6195312500000001 0.19791666666666666 0.1203125 0.12916666666666665
0 0.75390625 0.5520833333333334 0.1484375 0.12083333333333333
0 0.25390625 0.284375 0.1265625 0.15208333333333332
0 0.39296875000000003 0.8458333333333333 0.22031250000000002 0.2833333333333333
0 0.44609375 0.5447916666666667 0.1640625 0.20208333333333334
0 0.06953125 0.6135416666666667 0.1328125 0.18125
0 0.6820312500000001 0.8760416666666666 0.1796875 0.21458333333333332
0 0.15781250000000002 0.375 0.16875 0.23333333333333334
0 0.5476562500000001 0.8624999999999999 0.11093750000000001 0.16666666666666666
0 0.26171875 0.6302083333333334 0.1859375 0.22708333333333333
0 0.19375 0.7927083333333333 0.19687500000000002 0.24791666666666667
0 0.026562500000000003 0.21458333333333332 0.05 0.14166666666666666
0 0.115625 0.09270833333333334 0.1 0.10208333333333333
0 0.82421875 0.21458333333333332 0.1234375 0.13333333333333333
0 0.30078125 0.35625 0.09531250000000001 0.09583333333333333
0 0.484375 0.7104166666666667 0.15625 0.2125
0 0.7140625 0.2677083333333333 0.146875 0.18958333333333333
0 0.76875 0.6760416666666667 0.18125000000000002 0.25625
0 0.06875 0.4635416666666667 0.134375 0.15208333333333332
0 0.48125 0.290625 0.109375 0.11875
0 0.0625 0.8104166666666667 0.12187500000000001 0.3208333333333333
0 0.49609375 0.21770833333333334 0.09531250000000001 0.11458333333333333
0 0.8578125000000001 0.44895833333333335 0.15937500000000002 0.20625
0 0.9437500000000001 0.2125 0.1125 0.15
0 0.53828125 0.3697916666666667 0.15781250000000002 0.19375
0 0.3828125 0.10208333333333333 0.1 0.11666666666666667
