0 0.7553846153846154 0.6605080831408776 0.12615384615384614 0.17551963048498845
0 0.8246153846153846 0.8498845265588915 0.10153846153846154 0.13856812933025403
0 0.49538461538461537 0.28290993071593534 0.14153846153846153 0.22863741339491916
0 0.5953846153846154 0.19168591224018475 0.1076923076923077 0.18013856812933024
0 0.41846153846153844 0.5103926096997691 0.11076923076923077 0.15242494226327943
0 0.9607692307692308 0.7274826789838337 0.07846153846153846 0.13394919168591224
0 0.806923076923077 0.40877598152424943 0.11538461538461539 0.18475750577367206
0 0.6984615384615385 0.24595842956120093 0.10153846153846154 0.16859122401847576
0 0.6030769230769231 0.8071593533487298 0.13846153846153847 0.19630484988452657
0 0.676923076923077 0.07505773672055427 0.09538461538461539 0.14087759815242493
