0 0.35342465753424657 0.625912408759124 0.3178082191780822 0.437956204379562
0 0.8301369863013699 0.8448905109489051 0.336986301369863 0.30656934306569344
0 0.6342465753424658 0.4607664233576642 0.29315068493150687 0.39963503649635035
0 0.7678082191780822 0.3001824817518248 0.21232876712328766 0.23175182481751824
0 0.9157534246575343 0.1970802919708029 0.1684931506849315 0.24817518248175183
0 0.9273972602739726 0.4306569343065693 0.1452054794520548 0.29562043795620435
0 0.11438356164383562 0.7618613138686131 0.226027397260274 0.33394160583941607
0 0.30068493150684933 0.885036496350365 0.30273972602739724 0.22262773722627738
0 0.7958904109589041 0.552007299270073 0.2136986301369863 0.31204379562043794
0 0.7383561643835617 0.12591240875912407 0.19726027397260273 0.20802919708029197
0 0.5547945205479452 0.7271897810218978 0.2410958904109589 0.3740875912408759
0 0.050684931506849315 0.6012773722627737 0.09863013698630137 0.21350364963503649
0 0.18767123287671234 0.4835766423357664 0.21095890410958903 0.2408759124087591
0 0.9 0.06021897810218978 0.19726027397260273 0.11678832116788321
0 0.41986301369863016 0.312956204379562 0.2589041095890411 0.31934306569343063
0 0.5780821917808219 0.21715328467153283 0.18356164383561643 0.17518248175182483
