0 0.07187500000000001 0.6030444964871194 0.13125 0.22716627634660422
0 0.8132812500000001 0.39695550351288056 0.1015625 0.18501170960187355
0 0.6484375 0.39344262295081966 0.1375 0.20608899297423888
0 0.2328125 0.7552693208430913 0.15625 0.1288056206088993
0 0.52109375 0.405152224824356 0.1328125 0.1451990632318501
0 0.6023437500000001 0.7283372365339579 0.15781250000000002 0.1920374707259953
0 0.39375000000000004 0.6370023419203747 0.15937500000000002 0.2107728337236534
0 0.52109375 0.5843091334894613 0.1484375 0.23185011709601874
0 0.4375 0.7646370023419203 0.15000000000000002 0.11943793911007025
0 0.671875 0.5772833723653396 0.15000000000000002 0.16627634660421545
0 0.53671875 0.31030444964871196 0.13593750000000002 0.1288056206088993
0 0.37421875000000004 0.48243559718969553 0.1546875 0.20608899297423888
0 0.12421875 0.7318501170960188 0.1421875 0.14754098360655737
0 0.6265625 0.6639344262295082 0.1375 0.18969555035128804
0 0.22031250000000002 0.5761124121779859 0.17500000000000002 0.22950819672131148
