0 0.07685512367491167 0.16101694915254236 0.15017667844522967 0.3107344632768362
0 0.9443462897526501 0.7387005649717514 0.11130742049469965 0.2853107344632768
0 0.49823321554770317 0.4505649717514124 0.20141342756183744 0.3248587570621469
0 0.8984098939929328 0.16101694915254236 0.20318021201413428 0.3107344632768362
0 0.4646643109540636 0.15677966101694915 0.1872791519434629 0.3022598870056497
0 0.25618374558303886 0.1596045197740113 0.20141342756183744 0.2853107344632768
0 0.916077738515901 0.4632768361581921 0.16431095406360424 0.327683615819209
0 0.21731448763250882 0.7951977401129944 0.24381625441696111 0.3531073446327684
0 0.7084805653710248 0.153954802259887 0.19434628975265017 0.3022598870056497
0 0.26413427561837455 0.4463276836158192 0.2243816254416961 0.3389830508474576
0 0.06095406360424028 0.4209039548022599 0.11837455830388692 0.2937853107344633
0 0.7553003533568905 0.7627118644067796 0.2420494699646643 0.3220338983050847
0 0.730565371024735 0.4632768361581921 0.19964664310954064 0.3389830508474576
0 0.5097173144876325 0.7725988700564972 0.2420494699646643 0.3983050847457627
