0 0.292 0.8902439024390244 0.272 0.21951219512195122
0 0.729 0.16376306620209058 0.214 0.3205574912891986
0 0.7000000000000001 0.8101045296167247 0.224 0.37282229965156793
0 0.54 0.06968641114982578 0.20400000000000001 0.13240418118466898
0 0.163 0.32926829268292684 0.242 0.40069686411149824
0 0.466 0.6637630662020906 0.28 0.4425087108013937
0 0.877 0.9006968641114983 0.23800000000000002 0.1916376306620209
0 0.17200000000000001 0.6742160278745645 0.224 0.33797909407665505
0 0.443 0.23519163763066203 0.254 0.39372822299651566
0 0.729 0.47735191637630664 0.226 0.37630662020905925
