0 0.9015384615384615 0.08418367346938775 0.10153846153846154 0.14285714285714285
0 0.22615384615384615 0.5943877551020408 0.12615384615384614 0.22448979591836732
0 0.4023076923076923 0.4272959183673469 0.18 0.28826530612244894
0 0.57 0.15433673469387754 0.13076923076923078 0.18622448979591835
0 0.6515384615384615 0.24617346938775508 0.11846153846153847 0.19642857142857142
0 0.3630769230769231 0.12244897959183673 0.11384615384615385 0.12755102040816327
0 0.27076923076923076 0.3112244897959183 0.11384615384615385 0.2040816326530612
0 0.5430769230769231 0.5637755102040816 0.13230769230769232 0.2346938775510204
0 0.5238461538461539 0.8839285714285714 0.17384615384615384 0.22193877551020405
0 0.816923076923077 0.09821428571428571 0.11384615384615385 0.11479591836734693
0 0.683076923076923 0.4821428571428571 0.1753846153846154 0.29591836734693877
0 0.5507692307692308 0.40433673469387754 0.11692307692307692 0.15051020408163265
0 0.1376923076923077 0.0586734693877551 0.11538461538461539 0.11224489795918366
0 0.3646153846153846 0.8686224489795917 0.1753846153846154 0.23724489795918366
0 0.32461538461538464 0.2423469387755102 0.09538461538461539 0.16326530612244897
0 0.4676923076923077 0.1301020408163265 0.11076923076923077 0.15816326530612243
0 0.26076923076923075 0.784438775510204 0.1123076923076923 0.19642857142857142
0 0.3292307692307692 0.6441326530612245 0.15384615384615385 0.23724489795918366
0 0.64 0.7410714285714285 0.16615384615384615 0.26785714285714285
0 0.48384615384615387 0.6836734693877551 0.15846153846153846 0.26530612244897955
