0 0.416875 0.5175000000000001 0.18875 0.25833333333333336
0 0.4175 0.8925000000000001 0.17 0.195
0 0.56125 0.5458333333333334 0.14250000000000002 0.22833333333333336
0 0.110625 0.6841666666666667 0.18875 0.255
0 0.13625 0.06416666666666668 0.1525 0.12166666666666667
0 0.5075000000000001 0.19666666666666668 0.20750000000000002 0.25
0 0.564375 0.7541666666666668 0.16125 0.18833333333333335
0 0.6825 0.26916666666666667 0.1925 0.265
0 0.8718750000000001 0.405 0.20625000000000002 0.28
0 0.22312500000000002 0.8333333333333334 0.16875 0.21666666666666667
