0 0.6433333333333333 0.9641666666666667 0.06 0.07166666666666667
0 0.04 0.7358333333333333 0.07777777777777778 0.14833333333333334
0 0.14777777777777779 0.1 0.042222222222222223 0.060000000000000005
0 0.6377777777777778 0.8783333333333334 0.06444444444444444 0.10666666666666667
0 0.10611111111111111 0.43250000000000005 0.13444444444444445 0.17833333333333334
0 0.4488888888888889 0.6408333333333334 0.10666666666666666 0.15833333333333335
0 0.1961111111111111 0.7625000000000001 0.05 0.06166666666666667
0 0.1922222222222222 0.8941666666666668 0.08888888888888889 0.125
0 0.2111111111111111 0.5950000000000001 0.09777777777777778 0.13333333333333333
0 0.08777777777777777 0.9341666666666667 0.09555555555555556 0.11833333333333335
0 0.25722222222222224 0.48333333333333334 0.11 0.15000000000000002
0 0.24944444444444444 0.3191666666666667 0.10555555555555556 0.14833333333333334
0 0.10055555555555555 0.7925000000000001 0.058888888888888886 0.08833333333333333
0 0.535 0.7391666666666667 0.12333333333333334 0.18833333333333335
0 0.43333333333333335 0.14083333333333334 0.1 0.165
0 0.12333333333333334 0.135 0.042222222222222223 0.05333333333333334
0 0.5538888888888889 0.095 0.15666666666666668 0.18666666666666668
0 0.4622222222222222 0.8141666666666667 0.08888888888888889 0.15166666666666667
0 0.5472222222222223 0.5675 0.11444444444444445 0.15833333333333335
