0 0.70078125 0.1419068736141907 0.0921875 0.13747228381374724
0 0.4234375 0.9124168514412417 0.12187500000000001 0.1574279379157428
0 0.7265625 0.7161862527716186 0.115625 0.164079822616408
0 0.80390625 0.11419068736141907 0.1015625 0.1574279379157428
0 0.19062500000000002 0.6452328159645233 0.109375 0.13303769401330376
0 0.6570312500000001 0.5875831485587583 0.1203125 0.164079822616408
0 0.6414062500000001 0.3203991130820399 0.0921875 0.14412416851441243
0 0.446875 0.09312638580931264 0.125 0.18181818181818182
0 0.7203125 0.4623059866962306 0.115625 0.1662971175166297
0 0.51953125 0.5543237250554324 0.1078125 0.1419068736141907
0 0.51171875 0.036585365853658534 0.1234375 0.06873614190687362
0 0.46171875 0.8392461197339246 0.0859375 0.10421286031042129
0 0.32109375 0.6252771618625277 0.1265625 0.18181818181818182
0 0.7914062500000001 0.37472283813747226 0.1296875 0.16851441241685144
0 0.6109375 0.1541019955654102 0.1125 0.14855875831485588
0 0.61484375 0.8991130820399114 0.1078125 0.17960088691796008
0 0.940625 0.10864745011086474 0.07500000000000001 0.0975609756097561
0 0.884375 0.6363636363636364 0.084375 0.11086474501108648
0 0.084375 0.6729490022172949 0.1125 0.14412416851441243
0 0.7820312500000001 0.21175166297117518 0.09531250000000001 0.11751662971175167
0 0.509375 0.2139689578713969 0.1 0.17073170731707318
0 0.7742187500000001 0.6031042128603105 0.11406250000000001 0.16851441241685144
0 0.91796875 0.5011086474501109 0.15156250000000002 0.1951219512195122
0 0.45546875000000003 0.44567627494456763 0.09531250000000001 0.09312638580931264
0 0.5265625 0.9401330376940134 0.1 0.11086474501108648
