0 0.5273333333333333 0.6913333333333334 0.108 0.11066666666666666
0 0.37866666666666665 0.7286666666666667 0.06666666666666667 0.092
0 0.6799999999999999 0.248 0.152 0.21866666666666665
0 0.5686666666666667 0.878 0.08933333333333333 0.11066666666666666
0 0.8119999999999999 0.27999999999999997 0.06133333333333333 0.07733333333333334
0 0.482 0.5613333333333334 0.12133333333333333 0.13866666666666666
0 0.23933333333333331 0.572 0.108 0.12
0 0.4573333333333333 0.8933333333333333 0.13599999999999998 0.18133333333333332
0 0.042666666666666665 0.696 0.08266666666666667 0.11466666666666667
0 0.6873333333333334 0.9553333333333333 0.08399999999999999 0.08933333333333333
0 0.8193333333333334 0.486 0.156 0.188
0 0.04666666666666666 0.5559999999999999 0.09066666666666666 0.11733333333333333
0 0.876 0.69 0.096 0.12666666666666665
0 0.4533333333333333 0.6406666666666666 0.09333333333333332 0.10533333333333333
0 0.32466666666666666 0.304 0.092 0.14133333333333334
0 0.11266666666666666 0.8039999999999999 0.11333333333333333 0.15466666666666667
0 0.604 0.9359999999999999 0.09066666666666666 0.12266666666666666
0 0.6799999999999999 0.5413333333333333 0.14933333333333332 0.16266666666666665
0 0.49866666666666665 0.424 0.14133333333333334 0.16533333333333333
