0 0.26297273526824977 0.36796875 0.2638522427440633 0.4765625
0 0.08091468777484609 0.4265625 0.158311345646438 0.403125
0 0.15391380826737028 0.6359375 0.07387862796833773 0.115625
0 0.7106420404573439 0.51328125 0.09850483729111698 0.2859375
0 0.35224274406332456 0.8992187500000001 0.09586631486367635 0.1921875
0 0.4410729991204925 0.6257812500000001 0.15391380826737028 0.2890625
0 0.7726473175021988 0.82578125 0.08003518029903255 0.2015625
0 0.05364995602462621 0.94921875 0.10554089709762533 0.1015625
0 0.9014951627088831 0.7703125000000001 0.19700967458223395 0.45
0 0.8465259454705365 0.53046875 0.22427440633245382 0.35468750000000004
0 0.5404573438874231 0.48671875000000003 0.2594547053649956 0.45156250000000003
