0 0.47533333333333333 0.4933333333333333 0.204 0.27999999999999997
0 0.288 0.35333333333333333 0.192 0.296
0 0.18533333333333332 0.2773333333333333 0.152 0.23466666666666666
0 0.6833333333333333 0.8586666666666667 0.188 0.27999999999999997
0 0.5273333333333333 0.764 0.188 0.288
0 0.9306666666666666 0.40399999999999997 0.13599999999999998 0.26666666666666666
0 0.30133333333333334 0.6586666666666666 0.20266666666666666 0.32266666666666666
0 0.3873333333333333 0.26266666666666666 0.15333333333333332 0.23466666666666666
0 0.7993333333333333 0.618 0.204 0.30533333333333335
0 0.74 0.29333333333333333 0.13333333333333333 0.20266666666666666
