0 0.49953703703703706 0.5082372322899505 0.14537037037037037 0.28500823723228996
0 0.8555555555555556 0.28747940691927515 0.17777777777777778 0.3113673805601318
0 0.649537037037037 0.8698517298187809 0.125 0.19769357495881384
0 0.2513888888888889 0.5387149917627677 0.12314814814814816 0.2800658978583196
0 0.5953703703703704 0.7075782537067545 0.12407407407407407 0.24217462932454695
0 0.5898148148148148 0.9415156507413509 0.13703703703703704 0.11367380560131796
0 0.3337962962962963 0.46210873146622733 0.16944444444444445 0.30477759472817134
0 0.14907407407407408 0.4341021416803954 0.11666666666666667 0.19604612850082373
0 0.8606481481481482 0.5741350906095551 0.12314814814814816 0.1927512355848435
0 0.4615740740740741 0.21746293245469522 0.1527777777777778 0.26688632619439867
0 0.2212962962962963 0.627677100494234 0.10555555555555556 0.19110378912685339
0 0.2625 0.729818780889621 0.10833333333333334 0.14497528830313014
0 0.6041666666666667 0.328665568369028 0.15462962962962964 0.3113673805601318
0 0.1962962962962963 0.8253706754530478 0.1277777777777778 0.21746293245469522
