0 0.6808917197452229 0.3250883392226148 0.13121019108280255 0.17667844522968199
0 0.7076433121019108 0.8153710247349824 0.09044585987261146 0.12897526501766785
0 0.3789808917197452 0.6784452296819787 0.08280254777070063 0.10600706713780919
0 0.8859872611464967 0.07508833922261483 0.19745222929936304 0.1431095406360424
0 0.5643312101910828 0.5265017667844523 0.08662420382165605 0.1166077738515901
0 0.14968152866242038 0.7676678445229682 0.10318471337579617 0.1254416961130742
0 0.4656050955414012 0.25 0.16178343949044585 0.23851590106007067
0 0.5802547770700637 0.8621908127208481 0.05477707006369426 0.09187279151943463
0 0.5203821656050955 0.5697879858657243 0.10318471337579617 0.12897526501766785
0 0.36242038216560507 0.25 0.07261146496815286 0.15371024734982333
0 0.5796178343949044 0.6192579505300353 0.0840764331210191 0.11130742049469965
0 0.8764331210191082 0.3303886925795053 0.1859872611464968 0.254416961130742
0 0.11719745222929935 0.5901060070671378 0.033121019108280254 0.06007067137809187
