0 0.9587301587301588 0.6712962962962963 0.08253968253968254 0.1425925925925926
0 0.42142857142857143 0.8601851851851852 0.11904761904761904 0.12037037037037038
0 0.5222222222222223 0.8555555555555556 0.11428571428571428 0.14074074074074075
0 0.8087301587301587 0.5407407407407407 0.12857142857142856 0.12592592592592594
0 0.5619047619047619 0.3824074074074074 0.14285714285714285 0.1462962962962963
0 0.050793650793650794 0.7777777777777778 0.09841269841269841 0.13703703703703704
0 0.49206349206349204 0.2138888888888889 0.13333333333333333 0.1277777777777778
0 0.6793650793650794 0.5296296296296297 0.13333333333333333 0.13333333333333333
0 0.430952380952381 0.5351851851851852 0.1253968253968254 0.12222222222222223
0 0.9285714285714286 0.19722222222222224 0.13015873015873017 0.1277777777777778
0 0.34523809523809523 0.7342592592592593 0.1349206349206349 0.13518518518518519
0 0.5333333333333333 0.5990740740740741 0.12380952380952381 0.12407407407407407
0 0.8777777777777778 0.6490740740740741 0.12063492063492064 0.1388888888888889
0 0.5317460317460317 0.48055555555555557 0.1492063492063492 0.12407407407407407
0 0.24682539682539684 0.4898148148148148 0.1380952380952381 0.1462962962962963
0 0.13015873015873017 0.7277777777777779 0.1365079365079365 0.13333333333333333
0 0.0380952380952381 0.950925925925926 0.07301587301587302 0.09444444444444444
0 0.7325396825396825 0.3287037037037037 0.1253968253968254 0.1277777777777778
0 0.8571428571428571 0.35185185185185186 0.10793650793650794 0.12222222222222223
0 0.5357142857142857 0.11296296296296297 0.1380952380952381 0.14814814814814814
0 0.6674603174603174 0.08055555555555556 0.12857142857142856 0.1388888888888889
0 0.36507936507936506 0.32407407407407407 0.1492063492063492 0.15185185185185185
0 0.6126984126984127 0.25925925925925924 0.13333333333333333 0.14074074074074075
0 0.8158730158730159 0.23703703703703705 0.12698412698412698 0.14074074074074075
