0 0.6221153846153846 0.227427597955707 0.3788461538461539 0.3492333901192504
0 0.8173076923076924 0.6550255536626917 0.2846153846153846 0.20272572402044292
0 0.4625 0.11158432708688246 0.2173076923076923 0.21294718909710392
0 0.8500000000000001 0.48637137989778534 0.2846153846153846 0.25042589437819424
0 0.26634615384615384 0.5885860306643952 0.2326923076923077 0.20954003407155025
0 0.4557692307692308 0.731686541737649 0.2884615384615385 0.25042589437819424
0 0.2778846153846154 0.4020442930153322 0.18653846153846154 0.1737649063032368
0 0.3451923076923077 0.1848381601362862 0.1326923076923077 0.141396933560477
0 0.4653846153846154 0.44804088586030666 0.2730769230769231 0.272572402044293
0 0.2730769230769231 0.8517887563884157 0.20384615384615384 0.19080068143100512
