0 0.8382523148148148 0.06134259259259259 0.265625 0.11805555555555555
0 0.39207175925925924 0.35841049382716045 0.16261574074074073 0.283179012345679
0 0.6313657407407407 0.9297839506172839 0.1898148148148148 0.13271604938271603
0 0.8295717592592592 0.20833333333333331 0.2864583333333333 0.353395061728395
0 0.6030092592592592 0.09297839506172839 0.22685185185185183 0.18287037037037035
0 0.09027777777777778 0.3985339506172839 0.17939814814814814 0.3294753086419753
0 0.3804976851851852 0.11535493827160494 0.22164351851851852 0.22453703703703703
0 0.6284722222222222 0.7029320987654321 0.28935185185185186 0.4012345679012346
0 0.8706597222222222 0.5358796296296297 0.2586805555555555 0.34027777777777773
0 0.15306712962962962 0.7735339506172839 0.30497685185185186 0.45293209876543206
0 0.39380787037037035 0.8510802469135802 0.3107638888888889 0.2978395061728395
0 0.2798032407407407 0.5597993827160493 0.2366898148148148 0.30632716049382713
0 0.5639467592592592 0.3360339506172839 0.2690972222222222 0.34953703703703703
0 0.8619791666666666 0.8290895061728395 0.2702546296296296 0.3155864197530864
0 0.19212962962962962 0.1597222222222222 0.20949074074074073 0.3132716049382716
