0 0.214 0.8946666666666666 0.3293333333333333 0.20533333333333334
0 0.6446666666666666 0.8386666666666667 0.3 0.24
0 0.27999999999999997 0.346 0.27999999999999997 0.21466666666666667
0 0.8746666666666666 0.69 0.248 0.212
0 0.3753333333333333 0.708 0.30266666666666664 0.22666666666666666
0 0.5586666666666666 0.33266666666666667 0.26666666666666666 0.204
0 0.16599999999999998 0.5539999999999999 0.3 0.22799999999999998
0 0.6859999999999999 0.572 0.26266666666666666 0.20266666666666666
0 0.086 0.212 0.16933333333333334 0.22133333333333333
0 0.7966666666666666 0.30533333333333335 0.24666666666666665 0.19733333333333333
0 0.4413333333333333 0.5046666666666666 0.2613333333333333 0.19333333333333333
0 0.856 0.942 0.2853333333333333 0.11599999999999999
0 0.3113333333333333 0.15533333333333332 0.2866666666666667 0.20933333333333332
0 0.6326666666666666 0.15733333333333333 0.26 0.21866666666666665
