0 0.10792824074074074 0.30338541666666663 0.1429398148148148 0.10069444444444443
0 0.4973958333333333 0.9051649305555555 0.21354166666666666 0.17578125
0 0.2534722222222222 0.03515625 0.057870370370370364 0.03125
0 0.9039351851851851 0.2552083333333333 0.15393518518518517 0.125
0 0.8975694444444444 0.6161024305555555 0.1863425925925926 0.14192708333333331
0 0.4134837962962963 0.4995659722222222 0.171875 0.13368055555555555
0 0.24045138888888887 0.06336805555555555 0.05613425925925926 0.033854166666666664
0 0.5060763888888888 0.7415364583333333 0.22164351851851852 0.17057291666666666
0 0.5792824074074073 0.4503038194444444 0.1875 0.13671875
0 0.3327546296296296 0.6217447916666666 0.20601851851851852 0.1618923611111111
0 0.15162037037037035 0.4116753472222222 0.17939814814814814 0.12890625
0 0.6420717592592592 0.2556423611111111 0.15219907407407407 0.10677083333333333
0 0.07523148148148148 0.5119357638888888 0.1423611111111111 0.16623263888888887
0 0.3414351851851852 0.228515625 0.11342592592592592 0.10807291666666666
0 0.7818287037037036 0.2962239583333333 0.16087962962962962 0.1228298611111111
0 0.6704282407407407 0.36566840277777773 0.13020833333333331 0.11762152777777778
0 0.40219907407407407 0.3630642361111111 0.1863425925925926 0.13585069444444445
0 0.7034143518518519 0.125 0.13136574074074073 0.08680555555555555
0 0.16145833333333331 0.779079861111111 0.19907407407407407 0.1310763888888889
0 0.8356481481481481 0.10416666666666666 0.13541666666666666 0.09201388888888888
0 0.826099537037037 0.7367621527777778 0.21701388888888887 0.16623263888888887
0 0.9247685185185185 0.4815538194444444 0.15046296296296297 0.12890625
0 0.07175925925925926 0.1929253472222222 0.08217592592592592 0.05772569444444444
0 0.4913194444444444 0.6128472222222222 0.16087962962962962 0.1267361111111111
0 0.6979166666666666 0.9270833333333333 0.1875 0.14583333333333331
0 0.5512152777777778 0.3216145833333333 0.19039351851851852 0.13541666666666666
0 0.8770254629629629 0.3700086805555555 0.13368055555555555 0.09418402777777778
0 0.046875 0.7875434027777777 0.09259259259259259 0.18185763888888887
0 0.8043981481481481 0.44769965277777773 0.17824074074074073 0.1271701388888889
0 0.3258101851851852 0.8530815972222222 0.20023148148148148 0.18619791666666666
0 0.11747685185185185 0.6586371527777778 0.23379629629629628 0.1775173611111111
0 0.6857638888888888 0.05598958333333333 0.12384259259259259 0.0954861111111111
0 0.2546296296296296 0.48697916666666663 0.16782407407407407 0.13541666666666666
0 0.6851851851851851 0.8272569444444444 0.1875 0.1171875
0 0.20833333333333331 0.21223958333333331 0.1736111111111111 0.1362847222222222
0 0.048611111111111105 0.3370225694444444 0.09143518518518517 0.12369791666666666
0 0.36313657407407407 0.1189236111111111 0.10011574074074074 0.0625
0 0.23987268518518517 0.33658854166666663 0.17766203703703703 0.12890625
0 0.6811342592592592 0.5579427083333333 0.19907407407407407 0.1480034722222222
0 0.8489583333333333 0.1970486111111111 0.1284722222222222 0.08680555555555555
0 0.5844907407407407 0.068359375 0.09143518518518517 0.0837673611111111
0 0.2789351851851852 0.11024305555555555 0.10648148148148148 0.08680555555555555
0 0.48668981481481477 0.21310763888888887 0.17476851851851852 0.1345486111111111
0 0.1261574074074074 0.14735243055555555 0.08333333333333333 0.060329861111111105
0 0.7922453703703703 0.059244791666666664 0.1087962962962963 0.08029513888888888
0 0.4571759259259259 0.04383680555555555 0.11342592592592592 0.08333333333333333
0 0.6394675925925926 0.704861111111111 0.19212962962962962 0.16319444444444445
0 0.6724537037037037 0.17621527777777776 0.13657407407407407 0.10069444444444443
0 0.13599537037037035 0.9108072916666666 0.2638888888888889 0.17664930555555555
