0 0.20625000000000002 0.9226562500000001 0.16875 0.15156250000000002
0 0.5710937500000001 0.48125 0.1609375 0.153125
0 0.6937500000000001 0.5085937500000001 0.12187500000000001 0.13593750000000002
0 0.45156250000000003 0.4453125 0.140625 0.15937500000000002
0 0.19843750000000002 0.371875 0.1625 0.15000000000000002
0 0.75546875 0.12734375 0.1484375 0.1421875
0 0.1765625 0.17890625000000002 0.1625 0.1546875
0 0.85859375 0.21328125 0.1546875 0.1453125
0 0.37578125 0.6859375000000001 0.15156250000000002 0.15625
0 0.8226562500000001 0.9390625 0.15156250000000002 0.12187500000000001
0 0.30078125 0.62265625 0.17343750000000002 0.1484375
0 0.7835937500000001 0.76953125 0.15156250000000002 0.1453125
0 0.5421875 0.07968750000000001 0.15937500000000002 0.15625
0 0.06484375 0.6531250000000001 0.1234375 0.18125000000000002
