0 0.8 0.54 0.14 0.1961904761904762
0 0.37285714285714283 0.7685714285714286 0.1457142857142857 0.18476190476190477
0 0.49142857142857144 0.6695238095238095 0.15142857142857144 0.18857142857142858
0 0.485 0.4533333333333333 0.11857142857142858 0.16
0 0.8228571428571428 0.7495238095238095 0.17142857142857143 0.20761904761904762
0 0.6892857142857143 0.62 0.14714285714285713 0.18095238095238095
0 0.4042857142857143 0.5523809523809524 0.13428571428571429 0.18666666666666668
0 0.6228571428571429 0.7571428571428571 0.16857142857142857 0.22666666666666666
0 0.27714285714285714 0.6476190476190476 0.16 0.19428571428571428
0 0.5735714285714286 0.5361904761904762 0.13 0.18095238095238095
0 0.6771428571428572 0.44952380952380955 0.13428571428571429 0.17142857142857143
0 0.30714285714285716 0.4504761904761905 0.14 0.1619047619047619
