0 0.7369758576874206 0.823015873015873 0.14739517153748413 0.19206349206349208
0 0.14866581956797967 0.0873015873015873 0.1905972045743329 0.17142857142857143
0 0.457433290978399 0.3404761904761905 0.2337992376111817 0.2619047619047619
0 0.6289707750952986 0.7087301587301588 0.1905972045743329 0.2492063492063492
0 0.5584498094027954 0.8888888888888888 0.2071156289707751 0.21587301587301588
0 0.28208386277001274 0.2841269841269841 0.15756035578144856 0.19047619047619047
0 0.5952986022871665 0.24285714285714285 0.21219822109275732 0.28888888888888886
0 0.554002541296061 0.569047619047619 0.19313850063532403 0.2492063492063492
0 0.3519695044472681 0.12857142857142856 0.25412960609911056 0.25396825396825395
0 0.4339263024142313 0.7317460317460317 0.1994917407878018 0.22857142857142856
0 0.3074968233799238 0.5055555555555555 0.17026683608640408 0.2523809523809524
