0 0.7671296296296296 0.27248677248677244 0.04166666666666667 0.05026455026455026
0 0.2740740740740741 0.8862433862433862 0.05185185185185186 0.06878306878306878
0 0.8740740740740741 0.7638888888888888 0.0462962962962963 0.0701058201058201
0 0.2587962962962963 0.9484126984126984 0.05092592592592593 0.06349206349206349
0 0.07546296296296297 0.7910052910052909 0.04351851851851852 0.0582010582010582
0 0.19212962962962965 0.9761904761904762 0.04537037037037037 0.047619047619047616
0 0.18564814814814815 0.7552910052910052 0.04537037037037037 0.06878306878306878
0 0.8296296296296297 0.7738095238095237 0.0462962962962963 0.06878306878306878
0 0.3037037037037037 0.8194444444444444 0.037037037037037035 0.06481481481481481
0 0.04212962962962963 0.789021164021164 0.036111111111111115 0.056878306878306875
0 0.5662037037037038 0.8723544973544973 0.04351851851851852 0.06481481481481481
0 0.33981481481481485 0.8392857142857142 0.0462962962962963 0.062169312169312166
0 0.13657407407407407 0.826058201058201 0.049074074074074076 0.07275132275132275
0 0.2523148148148148 0.7301587301587301 0.04722222222222222 0.06349206349206349
0 0.7310185185185185 0.9642857142857142 0.049074074074074076 0.06613756613756613
0 0.8462962962962963 0.5257936507936508 0.04814814814814815 0.06481481481481481
0 0.3907407407407408 0.8948412698412698 0.05 0.06746031746031746
0 0.575925925925926 0.5833333333333333 0.053703703703703705 0.07142857142857142
0 0.8805555555555555 0.3802910052910053 0.05740740740740741 0.08333333333333333
0 0.5884259259259259 0.5257936507936508 0.05462962962962963 0.06481481481481481
0 0.7606481481481482 0.9219576719576719 0.049074074074074076 0.07142857142857142
