0 0.12265625000000001 0.11606096131301288 0.1546875 0.10550996483001171
0 0.7140625 0.19812426729191088 0.12812500000000002 0.11254396248534583
0 0.9320312500000001 0.6617819460726846 0.13593750000000002 0.09964830011723329
0 0.91171875 0.5750293083235638 0.15156250000000002 0.1254396248534584
0 0.7171875000000001 0.07033997655334115 0.12812500000000002 0.10316529894490034
0 0.58515625 0.17291910902696364 0.1296875 0.10902696365767878
0 0.37421875000000004 0.9220398593200468 0.1703125 0.1324736225087925
0 0.0546875 0.5973036342321218 0.10625000000000001 0.13481828839390386
0 0.67578125 0.9589683470105509 0.15156250000000002 0.08206330597889801
0 0.6195312500000001 0.5978898007033997 0.1390625 0.11723329425556857
0 0.19843750000000002 0.4718640093786635 0.171875 0.10668229777256741
0 0.946875 0.17116060961313012 0.10625000000000001 0.11254396248534583
0 0.784375 0.8417350527549824 0.146875 0.11723329425556857
0 0.6421875 0.45603751465416176 0.15937500000000002 0.11723329425556857
0 0.1859375 0.6184056271981242 0.07500000000000001 0.052754982415005855
0 0.87890625 0.16647127784290738 0.11093750000000001 0.13364595545134816
0 0.76875 0.6060961313012895 0.178125 0.1148886283704572
0 0.29765625 0.32708089097303633 0.1546875 0.10082063305978897
0 0.7640625000000001 0.7192262602579133 0.16875 0.11371629542790151
0 0.38828125 0.4337631887456037 0.1453125 0.11254396248534583
0 0.43671875000000004 0.34349355216881594 0.13593750000000002 0.09144196951934348
0 0.41796875 0.2543962485345838 0.1328125 0.08909730363423211
0 0.52578125 0.9279015240328252 0.15156250000000002 0.12075029308323564
0 0.06328125 0.3980070339976553 0.1234375 0.11137162954279015
