0 0.312 0.4744744744744745 0.162 0.24924924924924924
0 0.5055000000000001 0.7312312312312312 0.137 0.22822822822822822
0 0.907 0.6111111111111112 0.18 0.27927927927927926
0 0.0245 0.5457957957957958 0.047 0.17267267267267267
0 0.233 0.22897897897897898 0.18 0.26576576576576577
0 0.6035 0.6493993993993994 0.17300000000000001 0.24474474474474475
0 0.504 0.22522522522522523 0.158 0.1831831831831832
0 0.457 0.4196696696696697 0.17 0.25075075075075076
0 0.3625 0.7184684684684685 0.151 0.2147147147147147
0 0.665 0.8220720720720721 0.152 0.20270270270270271
