0 0.8354166666666667 0.24947916666666667 0.051388888888888894 0.040625
0 0.3902777777777778 0.0671875 0.14722222222222223 0.11354166666666667
0 0.20416666666666666 0.1390625 0.2 0.13854166666666667
0 0.6916666666666667 0.821875 0.375 0.3
0 0.2888888888888889 0.42291666666666666 0.1 0.08125
0 0.2013888888888889 0.5114583333333333 0.1 0.08333333333333333
0 0.6993055555555556 0.17395833333333333 0.051388888888888894 0.041666666666666664
0 0.08541666666666667 0.36822916666666666 0.10694444444444445 0.06145833333333333
0 0.08472222222222223 0.5109375 0.10833333333333334 0.07604166666666666
0 0.16597222222222222 0.453125 0.12361111111111112 0.07708333333333334
0 0.8736111111111111 0.3755208333333333 0.13055555555555556 0.08020833333333333
0 0.5569444444444445 0.42135416666666664 0.10277777777777779 0.07604166666666666
0 0.41250000000000003 0.5953125 0.10555555555555556 0.090625
0 0.3138888888888889 0.5145833333333333 0.11111111111111112 0.09166666666666666
0 0.2451388888888889 0.609375 0.09583333333333334 0.08125
0 0.11527777777777778 0.6145833333333334 0.1277777777777778 0.09166666666666666
0 0.8020833333333334 0.5713541666666666 0.34305555555555556 0.18020833333333333
0 0.20625000000000002 0.3885416666666667 0.10972222222222222 0.09166666666666666
