0 0.1858490566037736 0.8016997167138811 0.11509433962264151 0.15864022662889518
0 0.47924528301886793 0.5042492917847026 0.12452830188679245 0.1529745042492918
0 0.5915094339622642 0.5070821529745043 0.11886792452830189 0.1643059490084986
0 0.6971698113207547 0.5240793201133145 0.07735849056603773 0.1473087818696884
0 0.12641509433962264 0.36685552407932015 0.12830188679245283 0.1558073654390935
0 0.36226415094339626 0.6019830028328612 0.1018867924528302 0.1614730878186969
0 0.37924528301886795 0.43059490084985835 0.1169811320754717 0.15864022662889518
0 0.15283018867924528 0.9617563739376771 0.11320754716981132 0.0764872521246459
0 0.8962264150943396 0.48016997167138814 0.15471698113207547 0.1898016997167139
0 0.30660377358490565 0.8909348441926346 0.09622641509433963 0.12181303116147309
0 0.269811320754717 0.3838526912181303 0.12075471698113208 0.1614730878186969
0 0.7905660377358491 0.7110481586402266 0.10943396226415095 0.1473087818696884
0 0.08773584905660377 0.4461756373937677 0.16037735849056603 0.22946175637393768
0 0.2339622641509434 0.1473087818696884 0.13962264150943396 0.141643059490085
0 0.7688679245283019 0.5127478753541077 0.12641509433962264 0.16997167138810199
0 0.9339622641509434 0.5977337110481586 0.12830188679245283 0.1756373937677054
