0 0.8725 0.26875 0.14833333333333334 0.2025
0 0.37083333333333335 0.7825 0.165 0.24
0 0.26833333333333337 0.84375 0.1366666666666667 0.23750000000000002
0 0.4441666666666667 0.49625 0.19166666666666668 0.3025
0 0.5675 0.69375 0.09833333333333334 0.1575
0 0.5358333333333334 0.9 0.085 0.125
0 0.14166666666666666 0.43875000000000003 0.27666666666666667 0.40750000000000003
0 0.6475000000000001 0.73 0.11833333333333335 0.195
0 0.6541666666666667 0.245 0.1716666666666667 0.275
0 0.9408333333333334 0.42125 0.11833333333333335 0.2625
0 0.8775000000000001 0.47000000000000003 0.07500000000000001 0.16
