0 0.698 0.4433333333333333 0.21733333333333332 0.236
0 0.636 0.3153333333333333 0.19999999999999998 0.26
0 0.476 0.208 0.184 0.27466666666666667
0 0.48133333333333334 0.5333333333333333 0.24266666666666667 0.3173333333333333
0 0.054 0.538 0.10533333333333333 0.388
0 0.8366666666666667 0.3433333333333333 0.19866666666666666 0.30266666666666664
0 0.14733333333333332 0.8393333333333333 0.292 0.308
0 0.13266666666666665 0.164 0.18533333333333332 0.19466666666666665
0 0.4013333333333333 0.32266666666666666 0.192 0.24266666666666667
0 0.30133333333333334 0.192 0.15466666666666667 0.22933333333333333
0 0.766 0.18 0.18 0.25866666666666666
0 0.6666666666666666 0.738 0.27199999999999996 0.4333333333333333
0 0.22933333333333333 0.5793333333333334 0.25866666666666666 0.3373333333333333
0 0.9339999999999999 0.29533333333333334 0.132 0.23333333333333334
0 0.8973333333333333 0.6633333333333333 0.20266666666666666 0.3506666666666667
0 0.5926666666666667 0.10933333333333332 0.164 0.20533333333333334
0 0.18466666666666667 0.34933333333333333 0.244 0.26666666666666666
0 0.43133333333333335 0.8313333333333333 0.2866666666666667 0.3293333333333333
