0 0.44512946979038226 0.9206730769230769 0.20468557336621454 0.15865384615384615
0 0.8538840937114673 0.41666666666666663 0.14180024660912455 0.18269230769230768
0 0.05240443896424168 0.12419871794871794 0.0998766954377312 0.14903846153846154
0 0.6011097410604193 0.08573717948717949 0.14426633785450063 0.16826923076923075
0 0.8415536374845869 0.3221153846153846 0.1467324290998767 0.15064102564102563
0 0.9531442663378545 0.8926282051282051 0.093711467324291 0.21474358974358973
0 0.717632552404439 0.07772435897435898 0.11097410604192355 0.11378205128205128
0 0.10049321824907521 0.48717948717948717 0.1837237977805179 0.22435897435897434
0 0.6892725030826141 0.19951923076923075 0.15043156596794083 0.18108974358974358
0 0.0998766954377312 0.29407051282051283 0.16522811344019728 0.2003205128205128
0 0.11467324290998768 0.8717948717948718 0.22688039457459927 0.2532051282051282
0 0.3649815043156597 0.7732371794871795 0.20715166461159062 0.2708333333333333
0 0.9278668310727497 0.5625 0.14180024660912455 0.17307692307692307
0 0.3600493218249075 0.39663461538461536 0.19235511713933415 0.2548076923076923
0 0.8853267570900123 0.2203525641025641 0.11097410604192355 0.12339743589743589
0 0.7311960542540074 0.78125 0.18495684340320592 0.2516025641025641
0 0.4192355117139334 0.125 0.13810110974106043 0.20833333333333331
0 0.9469790382244143 0.7467948717948718 0.1060419235511714 0.1346153846153846
0 0.845252774352651 0.05448717948717949 0.09001233045622688 0.10576923076923077
0 0.09741060419235512 0.7027243589743589 0.1898890258939581 0.21955128205128205
0 0.842786683107275 0.6770833333333333 0.16646115906288533 0.22596153846153846
0 0.813193588162762 0.8878205128205128 0.19112207151664612 0.22115384615384615
0 0.3958076448828607 0.5905448717948718 0.13070283600493218 0.17147435897435898
0 0.2971639950678175 0.17387820512820512 0.15289765721331688 0.1875
0 0.5104808877928484 0.2516025641025641 0.15289765721331688 0.14423076923076922
0 0.718249075215783 0.5512820512820512 0.15659679408138102 0.21474358974358973
0 0.2589395807644883 0.5897435897435898 0.19235511713933415 0.2692307692307692
0 0.561652281134402 0.7852564102564102 0.17879161528976573 0.2532051282051282
0 0.6602959309494452 0.3693910256410256 0.1319358816276202 0.21955128205128205
0 0.249691738594328 0.9078525641025641 0.14919852034525277 0.18429487179487178
0 0.5591861898890259 0.37419871794871795 0.17632552404438964 0.20352564102564102
0 0.7971639950678175 0.18990384615384615 0.10234278668310727 0.15224358974358973
0 0.5561035758323059 0.5833333333333333 0.19235511713933415 0.21474358974358973
0 0.9278668310727497 0.1690705128205128 0.09494451294697905 0.1266025641025641
0 0.8353884093711468 0.13141025641025642 0.10234278668310727 0.10256410256410256
0 0.23674475955610358 0.3221153846153846 0.14549938347718866 0.20192307692307693
0 0.16152897657213316 0.11858974358974358 0.14549938347718866 0.16346153846153846
0 0.9568434032059187 0.4126602564102564 0.08631319358816276 0.15544871794871795
