0 0.20798611111111112 0.652 0.1423611111111111 0.40800000000000003
0 0.17395833333333335 0.341 0.13680555555555557 0.426
0 0.842013888888889 0.335 0.14097222222222222 0.418
0 0.9364583333333334 0.674 0.12708333333333333 0.396
0 0.30868055555555557 0.53 0.11319444444444444 0.452
0 0.07395833333333333 0.676 0.13819444444444445 0.4
0 0.47187500000000004 0.783 0.050694444444444445 0.14200000000000002
0 0.8065972222222223 0.648 0.13680555555555557 0.396
0 0.7038194444444444 0.518 0.11875000000000001 0.432
0 0.5145833333333334 0.8260000000000001 0.05 0.14
0 0.5194444444444445 0.733 0.043055555555555555 0.10200000000000001
