0 0.594 0.8129411764705882 0.192 0.26352941176470585
0 0.4595 0.5888235294117646 0.193 0.2552941176470588
0 0.7105 0.5847058823529411 0.217 0.24235294117647058
0 0.228 0.58 0.188 0.2541176470588235
0 0.1145 0.36470588235294116 0.193 0.24705882352941175
0 0.927 0.6 0.146 0.2564705882352941
0 0.8320000000000001 0.39588235294117646 0.192 0.24823529411764703
0 0.922 0.20588235294117646 0.156 0.24
0 0.47000000000000003 0.19588235294117645 0.20600000000000002 0.2529411764705882
0 0.2435 0.1964705882352941 0.183 0.2352941176470588
0 0.591 0.3852941176470588 0.188 0.23882352941176468
0 0.3305 0.8058823529411764 0.199 0.24941176470588233
0 0.10300000000000001 0.8017647058823528 0.20400000000000001 0.2952941176470588
0 0.6960000000000001 0.20470588235294115 0.178 0.23764705882352938
0 0.34750000000000003 0.378235294117647 0.193 0.23882352941176468
0 0.849 0.8141176470588235 0.192 0.2611764705882353
