0 0.624375 0.6218750000000001 0.10875 0.15375
0 0.404375 0.335 0.09125 0.1325
0 0.205625 0.865 0.10125 0.125
0 0.925625 0.059375000000000004 0.11625 0.11375
0 0.17625 0.7993750000000001 0.11 0.13125
0 0.335625 0.26125 0.058750000000000004 0.0775
0 0.6793750000000001 0.18 0.09125 0.10250000000000001
0 0.560625 0.403125 0.10875 0.13875
0 0.9606250000000001 0.469375 0.07875 0.18375
0 0.560625 0.26937500000000003 0.11125 0.14875
0 0.9025 0.6687500000000001 0.11750000000000001 0.1475
0 0.791875 0.45687500000000003 0.07125000000000001 0.08875
0 0.6625 0.46375 0.11750000000000001 0.145
0 0.27875 0.10875 0.05 0.0625
0 0.886875 0.94375 0.06125 0.09
0 0.33437500000000003 0.465625 0.10125 0.13625
0 0.309375 0.776875 0.08125 0.11375
