0 0.8035 0.7651273885350319 0.085 0.1480891719745223
0 0.7645000000000001 0.49363057324840764 0.10300000000000001 0.15286624203821658
0 0.9795 0.6433121019108281 0.041 0.15605095541401276
0 0.1955 0.7619426751592357 0.115 0.18949044585987262
0 0.9565 0.13853503184713375 0.065 0.1178343949044586
0 0.587 0.4426751592356688 0.10400000000000001 0.16878980891719747
0 0.2165 0.46496815286624205 0.107 0.18152866242038218
0 0.0415 0.820859872611465 0.081 0.18949044585987262
0 0.71 0.677547770700637 0.1 0.15764331210191085
0 0.706 0.12818471337579618 0.098 0.15445859872611467
0 0.293 0.47929936305732485 0.078 0.15923566878980894
0 0.905 0.7826433121019108 0.07200000000000001 0.11305732484076433
0 0.4425 0.4832802547770701 0.105 0.18630573248407645
