0 0.23266666666666666 0.7346666666666667 0.10533333333333333 0.08266666666666667
0 0.6813333333333333 0.446 0.13866666666666666 0.12133333333333333
0 0.12733333333333333 0.22933333333333333 0.11599999999999999 0.08
0 0.27599999999999997 0.10133333333333333 0.12 0.096
0 0.6486666666666666 0.8206666666666667 0.16666666666666666 0.16133333333333333
0 0.8366666666666667 0.050666666666666665 0.13733333333333334 0.09866666666666667
0 0.5906666666666667 0.03866666666666667 0.12 0.07466666666666666
0 0.61 0.32 0.11066666666666666 0.09866666666666667
0 0.5293333333333333 0.4053333333333333 0.096 0.08266666666666667
0 0.08 0.7746666666666666 0.096 0.08
0 0.3913333333333333 0.029333333333333333 0.12666666666666665 0.056
0 0.30266666666666664 0.5006666666666667 0.112 0.08933333333333333
0 0.776 0.764 0.12533333333333332 0.09866666666666667
0 0.4933333333333333 0.07066666666666667 0.10666666666666666 0.09333333333333332
0 0.4086666666666667 0.41866666666666663 0.11066666666666666 0.08266666666666667
