0 0.6058700209643606 0.13533333333333333 0.19706498951781973 0.26
0 0.24371069182389937 0.37 0.14150943396226415 0.16133333333333333
0 0.7368972746331237 0.288 0.1949685534591195 0.2373333333333333
0 0.08071278825995808 0.5353333333333333 0.15932914046121593 0.212
0 0.8726415094339623 0.826 0.11006289308176101 0.13466666666666666
0 0.6137316561844864 0.706 0.1268343815513627 0.148
0 0.0639412997903564 0.7673333333333333 0.12368972746331237 0.21466666666666667
0 0.5277777777777778 0.9319999999999999 0.18553459119496857 0.13333333333333333
0 0.3039832285115304 0.6213333333333333 0.11530398322851154 0.152
0 0.6776729559748428 0.8373333333333333 0.12264150943396226 0.13599999999999998
0 0.1079664570230608 0.21733333333333332 0.1740041928721174 0.18666666666666665
0 0.17767295597484278 0.624 0.1268343815513627 0.16
0 0.8700209643605871 0.088 0.20545073375262055 0.17333333333333334
0 0.7368972746331237 0.622 0.1530398322851153 0.19066666666666665
0 0.7767295597484277 0.76 0.13417190775681342 0.16533333333333333
0 0.9009433962264152 0.6839999999999999 0.1289308176100629 0.15466666666666667
