0 0.8634259259259259 0.5881944444444445 0.10462962962962963 0.08055555555555556
0 0.8981481481481481 0.5302083333333334 0.11851851851851852 0.08263888888888889
0 0.9634259259259259 0.7444444444444445 0.07314814814814816 0.0625
0 0.38796296296296295 0.6475694444444444 0.11481481481481481 0.09652777777777778
0 0.48888888888888893 0.340625 0.13148148148148148 0.1076388888888889
0 0.28703703703703703 0.6152777777777778 0.07777777777777778 0.06527777777777778
0 0.5175925925925926 0.8326388888888889 0.11481481481481481 0.09027777777777778
0 0.9703703703703704 0.5152777777777778 0.05740740740740741 0.061111111111111116
0 0.5337962962962963 0.9243055555555556 0.11018518518518519 0.09722222222222222
0 0.5462962962962963 0.43159722222222224 0.13333333333333333 0.09791666666666667
