0 0.732 0.7376811594202899 0.096 0.1536231884057971
0 0.506 0.4652173913043478 0.10533333333333333 0.14492753623188406
0 0.8693333333333333 0.33043478260869563 0.08 0.11594202898550725
0 0.49 0.19927536231884058 0.09733333333333333 0.1463768115942029
0 0.7686666666666666 0.2847826086956522 0.08933333333333333 0.1289855072463768
0 0.35533333333333333 0.8210144927536231 0.08666666666666667 0.13768115942028986
0 0.49 0.5644927536231884 0.09999999999999999 0.11739130434782609
0 0.6819999999999999 0.6224637681159421 0.09466666666666666 0.12028985507246377
0 0.8019999999999999 0.7601449275362319 0.08933333333333333 0.1318840579710145
0 0.5453333333333333 0.3456521739130435 0.10133333333333333 0.14347826086956522
0 0.2853333333333333 0.5710144927536231 0.096 0.13623188405797101
0 0.20333333333333334 0.8152173913043478 0.09466666666666666 0.12608695652173912
0 0.41533333333333333 0.6239130434782609 0.08666666666666667 0.12318840579710146
0 0.716 0.43695652173913047 0.07733333333333334 0.12318840579710146
0 0.13266666666666665 0.8405797101449275 0.10266666666666667 0.09855072463768116
0 0.48866666666666664 0.6847826086956522 0.08666666666666667 0.12318840579710146
0 0.33866666666666667 0.5992753623188406 0.06933333333333333 0.13478260869565217
0 0.7879999999999999 0.3644927536231884 0.096 0.12318840579710146
0 0.5153333333333333 0.08333333333333333 0.08666666666666667 0.07391304347826087
0 0.5846666666666667 0.16884057971014493 0.09466666666666666 0.13478260869565217
0 0.17866666666666667 0.5420289855072464 0.09866666666666667 0.1246376811594203
0 0.242 0.6239130434782609 0.09466666666666666 0.12318840579710146
0 0.4573333333333333 0.2963768115942029 0.096 0.13478260869565217
0 0.63 0.41449275362318844 0.08666666666666667 0.13043478260869565
0 0.592 0.6086956521739131 0.088 0.11884057971014493
0 0.368 0.40942028985507245 0.10666666666666666 0.1463768115942029
0 0.688 0.32173913043478264 0.088 0.13333333333333333
