0 0.6642105263157895 0.5906779661016949 0.031578947368421054 0.059322033898305086
0 0.5173684210526316 0.6398305084745762 0.04526315789473684 0.07966101694915254
0 0.7784210526315789 0.7364406779661017 0.03894736842105263 0.059322033898305086
0 0.6273684210526316 0.6466101694915254 0.035789473684210524 0.06271186440677966
0 0.4336842105263158 0.12118644067796609 0.027368421052631577 0.05254237288135593
0 0.8126315789473684 0.5084745762711864 0.04842105263157895 0.0711864406779661
0 0.7305263157894737 0.535593220338983 0.02526315789473684 0.05084745762711864
0 0.3231578947368421 0.5855932203389831 0.031578947368421054 0.04915254237288135
0 0.3294736842105263 0.9661016949152542 0.03789473684210526 0.0576271186440678
0 0.6526315789473685 0.37881355932203387 0.042105263157894736 0.07627118644067796
0 0.48526315789473684 0.06186440677966101 0.029473684210526315 0.04915254237288135
0 0.33999999999999997 0.3347457627118644 0.02526315789473684 0.03898305084745762
0 0.29578947368421055 0.8381355932203389 0.03368421052631579 0.05593220338983051
0 0.5831578947368421 0.8152542372881356 0.042105263157894736 0.06779661016949153
0 0.46736842105263154 0.6389830508474577 0.03789473684210526 0.06101694915254237
0 0.6189473684210526 0.29322033898305083 0.03368421052631579 0.05423728813559322
0 0.48 0.09745762711864407 0.029473684210526315 0.03559322033898305
0 0.7163157894736842 0.38728813559322034 0.05157894736842105 0.08305084745762711
0 0.8636842105263157 0.7364406779661017 0.04105263157894737 0.06271186440677966
0 0.8142105263157895 0.8050847457627118 0.04105263157894737 0.06440677966101695
0 0.7578947368421053 0.24661016949152542 0.02526315789473684 0.03220338983050847
0 0.8963157894736842 0.5983050847457627 0.034736842105263156 0.04406779661016949
