0 0.4925 0.8638461538461538 0.023 0.047692307692307694
0 0.3095 0.7146153846153847 0.043000000000000003 0.03230769230769231
0 0.3735 0.9023076923076923 0.039 0.06
0 0.366 0.5361538461538462 0.02 0.02923076923076923
0 0.303 0.6815384615384615 0.028 0.033846153846153845
0 0.3255 0.7492307692307693 0.033 0.046153846153846156
0 0.2515 0.6907692307692308 0.031 0.046153846153846156
0 0.4295 0.566923076923077 0.015 0.026153846153846153
0 0.1015 0.7223076923076923 0.033 0.04461538461538461
0 0.398 0.7023076923076923 0.028 0.03230769230769231
0 0.55 0.8784615384615385 0.036000000000000004 0.04923076923076923
0 0.5205 0.6223076923076923 0.029 0.047692307692307694
