0 0.8608534322820037 0.41225626740947074 0.04823747680890538 0.07242339832869081
0 0.7068645640074211 0.3732590529247911 0.06307977736549165 0.0947075208913649
0 0.29313543599257885 0.4763231197771588 0.06307977736549165 0.0947075208913649
0 0.7690166975881262 0.5905292479108635 0.0575139146567718 0.08356545961002786
0 0.10018552875695733 0.11838440111420613 0.1038961038961039 0.14763231197771587
0 0.47217068645640076 0.3147632311977716 0.07606679035250465 0.116991643454039
0 0.17996289424860853 0.6128133704735376 0.08534322820037106 0.12256267409470752
0 0.24953617810760667 0.3008356545961003 0.08719851576994435 0.1392757660167131
0 0.35435992578849723 0.6253481894150418 0.06307977736549165 0.09749303621169916
0 0.9276437847866419 0.403899721448468 0.059369202226345084 0.08913649025069638
0 0.045454545454545456 0.24651810584958217 0.08348794063079777 0.14763231197771587
0 0.5695732838589982 0.6949860724233984 0.06307977736549165 0.07520891364902507
0 0.44341372912801486 0.5947075208913649 0.0705009276437848 0.11420612813370473
0 0.6224489795918368 0.9206128133704735 0.0686456400742115 0.10306406685236769
0 0.5139146567717996 0.8941504178272981 0.04823747680890538 0.07242339832869081
0 0.512987012987013 0.13649025069637882 0.08348794063079777 0.12256267409470752
