0 0.246484375 0.7145776566757492 0.03515625 0.04768392370572207
0 0.5453125 0.9352861035422343 0.035937500000000004 0.05858310626702997
0 0.7390625000000001 0.9264305177111716 0.035937500000000004 0.0653950953678474
0 0.48867187500000003 0.8862397820163488 0.03515625 0.061307901907356945
0 0.671875 0.8957765667574932 0.029687500000000002 0.04495912806539509
0 0.611328125 0.930517711171662 0.030468750000000003 0.049046321525885554
0 0.46484375 0.9332425068119891 0.034375 0.051771117166212535
0 0.507421875 0.9271117166212534 0.03515625 0.061307901907356945
0 0.67890625 0.9427792915531334 0.034375 0.051771117166212535
0 0.45234375000000004 0.8807901907356948 0.034375 0.061307901907356945
0 0.665234375 0.8542234332425068 0.030468750000000003 0.03542234332425068
0 0.534375 0.8848773841961852 0.034375 0.055858310626702996
0 0.578125 0.930517711171662 0.0328125 0.05722070844686648
0 0.598828125 0.8528610354223433 0.032031250000000004 0.049046321525885554
0 0.5578125 0.8787465940054495 0.021875000000000002 0.049046321525885554
0 0.645703125 0.9359673024523161 0.030468750000000003 0.049046321525885554
0 0.6234375000000001 0.8821525885558583 0.029687500000000002 0.05040871934604904
0 0.43593750000000003 0.9257493188010899 0.025 0.05313351498637602
0 0.476171875 0.8412806539509536 0.032031250000000004 0.04495912806539509
0 0.721875 0.9400544959128065 0.035937500000000004 0.05449591280653951
0 0.5109375 0.8426430517711171 0.0328125 0.05040871934604904
0 0.712890625 0.888283378746594 0.03359375 0.043596730245231606
0 0.62890625 0.8528610354223433 0.028125 0.043596730245231606
0 0.40703125 0.9141689373297003 0.034375 0.05994550408719346
