0 0.8300000000000001 0.7222222222222222 0.11666666666666667 0.16
0 0.1575 0.3922222222222222 0.12166666666666667 0.15333333333333332
0 0.6025 0.62 0.125 0.14222222222222222
0 0.7091666666666667 0.9377777777777778 0.095 0.12
0 0.555 0.49444444444444446 0.1366666666666667 0.18444444444444444
0 0.49333333333333335 0.7144444444444444 0.12666666666666668 0.16666666666666666
0 0.26166666666666666 0.5622222222222222 0.13333333333333333 0.17333333333333334
0 0.395 0.45 0.09333333333333334 0.10444444444444445
0 0.805 0.39666666666666667 0.12333333333333334 0.15777777777777777
0 0.6733333333333333 0.46555555555555556 0.13 0.18
0 0.2991666666666667 0.46111111111111114 0.09166666666666667 0.09555555555555556
0 0.7691666666666667 0.56 0.11833333333333335 0.17333333333333334
0 0.265 0.3333333333333333 0.11666666666666667 0.16
0 0.10916666666666668 0.4222222222222222 0.09166666666666667 0.1511111111111111
0 0.4591666666666667 0.38333333333333336 0.095 0.15333333333333332
0 0.32833333333333337 0.2222222222222222 0.10666666666666667 0.1511111111111111
0 0.5283333333333333 0.2722222222222222 0.13333333333333333 0.15777777777777777
0 0.3866666666666667 0.6222222222222222 0.13333333333333333 0.17333333333333334
0 0.3775 0.3433333333333333 0.10500000000000001 0.14
