0 0.6345454545454545 0.3283783783783784 0.04 0.051351351351351354
0 0.9018181818181819 0.595945945945946 0.04 0.062162162162162166
0 0.5018181818181818 0.6121621621621622 0.04 0.051351351351351354
0 0.8636363636363636 0.5905405405405406 0.04363636363636364 0.062162162162162166
0 0.5854545454545454 0.6283783783783784 0.04 0.062162162162162166
0 0.48363636363636364 0.2810810810810811 0.04363636363636364 0.06486486486486487
0 0.5272727272727272 0.4554054054054054 0.04 0.062162162162162166
0 0.5163636363636364 0.37432432432432433 0.04 0.062162162162162166
0 0.4690909090909091 0.39594594594594595 0.04 0.051351351351351354
0 0.38636363636363635 0.28243243243243243 0.03090909090909091 0.04594594594594595
0 0.7463636363636363 0.5256756756756757 0.04181818181818182 0.05675675675675676
0 0.6290909090909091 0.55 0.04 0.062162162162162166
0 0.6836363636363636 0.3878378378378379 0.04 0.051351351351351354
0 0.6145454545454545 0.4364864864864865 0.04 0.051351351351351354
