0 0.683132530120482 0.7468354430379747 0.07228915662650603 0.12658227848101267
0 0.20120481927710845 0.054249547920433995 0.07710843373493977 0.10488245931283906
0 0.4048192771084338 0.9656419529837251 0.07951807228915664 0.06871609403254973
0 0.7710843373493976 0.6980108499095841 0.06024096385542169 0.10126582278481013
0 0.3734939759036145 0.43399638336347196 0.07951807228915664 0.14466546112115733
0 0.24096385542168677 0.9656419529837251 0.07951807228915664 0.06871609403254973
0 0.8921686746987952 0.7576853526220615 0.08072289156626507 0.12296564195298372
0 0.8536144578313254 0.8589511754068716 0.06867469879518073 0.12296564195298372
0 0.29277108433734944 0.9249547920433996 0.07710843373493977 0.12115732368896925
0 0.3662650602409639 0.8933092224231465 0.07228915662650603 0.11573236889692586
0 0.35722891566265064 0.5515370705244123 0.08072289156626507 0.11573236889692586
0 0.9216867469879519 0.5226039783001808 0.07710843373493977 0.10849909584086799
0 0.7903614457831326 0.8236889692585895 0.07710843373493977 0.12115732368896925
0 0.327710843373494 0.337251356238698 0.0819277108433735 0.14285714285714285
0 0.7222891566265061 0.8399638336347197 0.05662650602409639 0.11392405063291139
0 0.7518072289156628 0.7332730560578662 0.07228915662650603 0.11754068716094032
0 0.7849397590361447 0.9312839059674503 0.07108433734939759 0.10849909584086799
0 0.2457831325301205 0.13471971066907776 0.07228915662650603 0.13562386980108498
0 0.2596385542168675 0.19077757685352623 0.07590361445783134 0.12477396021699819
0 0.3132530120481928 0.2332730560578662 0.0819277108433735 0.14466546112115733
