0 0.45571428571428574 0.7975352112676056 0.06 0.07394366197183098
0 0.95 0.6161971830985916 0.08857142857142856 0.1056338028169014
0 0.7314285714285714 0.4242957746478873 0.09142857142857143 0.09507042253521127
0 0.39571428571428574 0.8186619718309859 0.08285714285714285 0.08098591549295775
0 0.7971428571428572 0.6566901408450705 0.09142857142857143 0.1091549295774648
0 0.45571428571428574 0.4507042253521127 0.08285714285714285 0.1056338028169014
0 0.59 0.45598591549295775 0.1 0.1091549295774648
0 0.13142857142857142 0.551056338028169 0.09142857142857143 0.1091549295774648
0 0.06714285714285714 0.061619718309859156 0.07142857142857142 0.07394366197183098
0 0.73 0.33098591549295775 0.1 0.1267605633802817
0 0.4014285714285714 0.522887323943662 0.09428571428571429 0.13028169014084506
0 0.7328571428571429 0.22887323943661972 0.09428571428571429 0.09859154929577466
0 0.6128571428571429 0.7077464788732395 0.08285714285714285 0.1056338028169014
0 0.5728571428571428 0.35387323943661975 0.13428571428571429 0.13732394366197184
