0 0.473943661971831 0.41478696741854637 0.20985915492957746 0.3684210526315789
0 0.42957746478873243 0.11278195488721804 0.16901408450704225 0.22055137844611528
0 0.2267605633802817 0.3320802005012531 0.23098591549295777 0.37844611528822053
0 0.21478873239436622 0.11278195488721804 0.20704225352112676 0.22055137844611528
0 0.5232394366197184 0.7581453634085212 0.2183098591549296 0.3533834586466165
0 0.5725352112676056 0.30952380952380953 0.1507042253521127 0.3182957393483709
0 0.3732394366197183 0.3458646616541353 0.10704225352112677 0.3107769423558897
0 0.8126760563380282 0.3283208020050125 0.2084507042253521 0.3508771929824561
0 0.03591549295774648 0.22305764411027568 0.06901408450704226 0.20551378446115287
0 0.09084507042253522 0.531328320802005 0.17887323943661973 0.3308270676691729
0 0.273943661971831 0.6215538847117794 0.2126760563380282 0.2606516290726817
0 0.9267605633802818 0.5112781954887218 0.14647887323943662 0.37593984962406013
0 0.8084507042253521 0.6453634085213033 0.13802816901408452 0.2932330827067669
0 0.673943661971831 0.6428571428571428 0.18732394366197183 0.3383458646616541
