0 0.68408203125 0.22216796875 0.0927734375 0.1005859375
0 0.4990234375 0.2490234375 0.08984375 0.09375
0 0.72998046875 0.31396484375 0.0927734375 0.1005859375
0 0.591796875 0.23828125 0.08984375 0.09375
0 0.828125 0.32080078125 0.1015625 0.0986328125
0 0.39111328125 0.24072265625 0.1162109375 0.1220703125
0 0.17041015625 0.501953125 0.1298828125 0.125
0 0.8720703125 0.41259765625 0.1015625 0.0986328125
0 0.77880859375 0.23486328125 0.0927734375 0.1005859375
0 0.3935546875 0.44384765625 0.1171875 0.1201171875
0 0.2744140625 0.45068359375 0.1171875 0.1201171875
