0 0.765819209039548 0.775255391600454 0.2231638418079096 0.44721906923950056
0 0.6319209039548023 0.3859250851305335 0.20847457627118646 0.42905788876276957
0 0.4231638418079096 0.3706015891032917 0.20790960451977403 0.40068104426787743
0 0.2980225988700565 0.11293984108967083 0.21638418079096047 0.2213393870601589
0 0.844632768361582 0.36719636776390463 0.2192090395480226 0.4392735527809307
0 0.5149717514124293 0.11804767309875142 0.20508474576271188 0.23382519863791146
0 0.55 0.7775255391600454 0.22090395480225988 0.42224744608399545
0 0.20282485875706216 0.41146424517593644 0.22824858757062147 0.4551645856980704
0 0.9217514124293785 0.09250851305334847 0.1553672316384181 0.18274687854710556
0 0.7254237288135593 0.11010215664018161 0.20790960451977403 0.21793416572077184
0 0.3149717514124294 0.786038592508513 0.23220338983050848 0.4256526674233825
0 0.11045197740112994 0.7837684449489216 0.21977401129943502 0.4301929625425652
0 0.9310734463276836 0.742338251986379 0.12994350282485875 0.44948921679909193
