0 0.29753086419753083 0.7987654320987654 0.08641975308641975 0.07654320987654321
0 0.5148148148148148 0.5802469135802469 0.06666666666666667 0.05925925925925926
0 0.20864197530864198 0.7296296296296296 0.06666666666666667 0.05185185185185185
0 0.11975308641975309 0.8777777777777778 0.09135802469135802 0.07160493827160494
0 0.15925925925925927 0.6777777777777778 0.07160493827160494 0.06172839506172839
0 0.47777777777777775 0.5209876543209876 0.06172839506172839 0.06419753086419754
0 0.22839506172839505 0.8864197530864197 0.08641975308641975 0.07901234567901234
0 0.32839506172839505 0.5864197530864197 0.0691358024691358 0.06666666666666667
0 0.05432098765432099 0.6098765432098765 0.07407407407407407 0.06419753086419754
0 0.08518518518518518 0.7469135802469136 0.08641975308641975 0.07654320987654321
