0 0.061711079943899017 0.31094527363184077 0.12061711079943899 0.3880597014925373
0 0.4845722300140252 0.695273631840796 0.1388499298737728 0.2263681592039801
0 0.9523141654978962 0.7014925373134329 0.09256661991584852 0.3731343283582089
0 0.5364656381486675 0.8681592039800995 0.10238429172510519 0.20398009950248755
0 0.34782608695652173 0.503731343283582 0.14866760168302945 0.236318407960199
0 0.27279102384291726 0.08208955223880597 0.2005610098176718 0.15920398009950248
0 0.19424964936886396 0.8582089552238806 0.2061711079943899 0.2736318407960199
0 0.6718092566619915 0.8159203980099502 0.09537166900420757 0.14427860696517414
0 0.7531556802244039 0.7985074626865671 0.08976157082748948 0.13432835820895522
0 0.9326788218793829 0.1480099502487562 0.13183730715287517 0.19154228855721392
0 0.08274894810659186 0.7873134328358209 0.11781206171107994 0.3009950248756219
0 0.3695652173913043 0.7873134328358209 0.1276297335203366 0.12189054726368159
0 0.7258064516129032 0.2064676616915423 0.14726507713884993 0.24378109452736318
0 0.7945301542776998 0.4651741293532338 0.0967741935483871 0.14427860696517414
0 0.2510518934081346 0.6840796019900497 0.05329593267882188 0.06467661691542288
