0 0.0811111111111111 0.39490740740740743 0.1562962962962963 0.24722222222222223
0 0.21 0.6324074074074074 0.26296296296296295 0.2962962962962963
0 0.11148148148148147 0.15972222222222224 0.19333333333333333 0.23611111111111113
0 0.45555555555555555 0.28935185185185186 0.19703703703703704 0.22314814814814815
0 0.8037037037037037 0.737962962962963 0.16444444444444445 0.22037037037037038
0 0.6314814814814814 0.14907407407407408 0.22888888888888886 0.24629629629629632
0 0.6922222222222222 0.663425925925926 0.23629629629629628 0.2675925925925926
0 0.9033333333333333 0.2865740740740741 0.19333333333333333 0.22685185185185186
0 0.8407407407407407 0.500462962962963 0.1837037037037037 0.2638888888888889
0 0.2137037037037037 0.3601851851851852 0.21259259259259258 0.26481481481481484
0 0.644074074074074 0.40555555555555556 0.2096296296296296 0.26296296296296295
0 0.9199999999999999 0.11712962962962964 0.16 0.21574074074074076
