0 0.8780701754385966 0.66 0.056140350877192984 0.08888888888888889
0 0.30219298245614035 0.87 0.06578947368421052 0.13111111111111112
0 0.3899122807017544 0.88 0.07105263157894737 0.14666666666666667
0 0.6846491228070175 0.9522222222222222 0.06403508771929825 0.09111111111111111
0 0.33245614035087717 0.75 0.06140350877192983 0.14444444444444443
0 0.6223684210526316 0.9188888888888889 0.062280701754385964 0.12222222222222222
0 0.7486842105263158 0.8611111111111112 0.0692982456140351 0.15777777777777777
0 0.34956140350877196 0.6777777777777778 0.07105263157894737 0.11555555555555555
0 0.9039473684210526 0.58 0.05 0.10222222222222223
0 0.9228070175438596 0.6677777777777778 0.0456140350877193 0.08666666666666667
0 0.8381578947368421 0.5433333333333333 0.05175438596491228 0.11777777777777777
0 0.225 0.6788888888888889 0.058771929824561406 0.13555555555555557
0 0.03728070175438596 0.8155555555555556 0.07280701754385965 0.14222222222222222
0 0.12105263157894737 0.6877777777777778 0.06140350877192983 0.11777777777777777
0 0.26228070175438595 0.7988888888888889 0.0649122807017544 0.15333333333333332
0 0.5364035087719299 0.6044444444444445 0.05175438596491228 0.10222222222222223
0 0.5864035087719298 0.6155555555555555 0.058771929824561406 0.10666666666666666
0 0.3491228070175439 0.9366666666666666 0.0649122807017544 0.12222222222222222
0 0.7929824561403509 0.5044444444444445 0.04736842105263158 0.10222222222222223
0 0.8802631578947369 0.9033333333333333 0.07280701754385965 0.14
0 0.13640350877192983 0.7966666666666666 0.0692982456140351 0.12666666666666668
0 0.4267543859649123 0.7033333333333334 0.037719298245614034 0.09111111111111111
