0 0.5093333333333333 0.5533807829181494 0.03733333333333333 0.0498220640569395
0 0.7626666666666666 0.4724199288256227 0.03733333333333333 0.05871886120996441
0 0.5706666666666667 0.045373665480427046 0.04 0.055160142348754444
0 0.9533333333333333 0.4306049822064057 0.05333333333333333 0.06405693950177936
0 0.5493333333333333 0.5907473309608541 0.029333333333333333 0.042704626334519574
0 0.768 0.5338078291814946 0.032 0.046263345195729534
0 0.566 0.3976868327402135 0.036 0.055160142348754444
0 0.5453333333333333 0.0889679715302491 0.03733333333333333 0.05338078291814946
0 0.21533333333333332 0.07473309608540925 0.025333333333333333 0.03914590747330961
0 0.626 0.6316725978647687 0.03866666666666667 0.042704626334519574
0 0.9059999999999999 0.5729537366548042 0.052 0.060498220640569395
0 0.6386666666666666 0.07295373665480427 0.03733333333333333 0.060498220640569395
