0 0.91171875 0.6895833333333333 0.0421875 0.06666666666666667
0 0.31484375000000003 0.21145833333333333 0.0578125 0.052083333333333336
0 0.859375 0.690625 0.059375000000000004 0.07291666666666667
0 0.3609375 0.490625 0.065625 0.08541666666666667
0 0.43984375000000003 0.48125 0.0546875 0.0625
0 0.27968750000000003 0.8875 0.065625 0.09166666666666666
0 0.3484375 0.19166666666666665 0.046875 0.0625
0 0.1640625 0.196875 0.065625 0.05625
0 0.38828125 0.171875 0.051562500000000004 0.06875
0 0.30078125 0.15 0.029687500000000002 0.03333333333333333
0 0.21406250000000002 0.9 0.065625 0.09166666666666666
