0 0.8 0.5776595744680851 0.17333333333333334 0.19361702127659575
0 0.050833333333333335 0.36808510638297876 0.09833333333333334 0.13191489361702127
0 0.4291666666666667 0.8563829787234043 0.265 0.2702127659574468
0 0.6266666666666667 0.902127659574468 0.3066666666666667 0.18297872340425533
0 0.9375000000000001 0.6553191489361703 0.12166666666666667 0.17446808510638298
0 0.6708333333333334 0.4351063829787234 0.16166666666666668 0.12978723404255318
0 0.5525 0.3148936170212766 0.10500000000000001 0.1148936170212766
0 0.8658333333333333 0.5425531914893618 0.11166666666666668 0.18723404255319148
0 0.32083333333333336 0.48297872340425535 0.18166666666666667 0.20851063829787234
0 0.7383333333333334 0.7840425531914894 0.16666666666666669 0.26170212765957446
0 0.6708333333333334 0.3159574468085106 0.12833333333333335 0.13829787234042554
0 0.9500000000000001 0.4542553191489362 0.09666666666666668 0.13404255319148936
0 0.14 0.3638297872340426 0.12000000000000001 0.1702127659574468
