0 0.526536312849162 0.46648044692737434 0.036312849162011177 0.07262569832402235
0 0.6312849162011174 0.4776536312849162 0.0335195530726257 0.0670391061452514
0 0.5649441340782123 0.8142458100558659 0.03770949720670391 0.05307262569832402
0 0.9127094972067039 0.6773743016759777 0.10474860335195531 0.19273743016759778
0 0.7716480446927374 0.6550279329608939 0.09078212290502793 0.17039106145251398
0 0.5412011173184358 0.39664804469273746 0.034916201117318434 0.07262569832402235
0 0.6766759776536313 0.9162011173184358 0.07681564245810056 0.1564245810055866
0 0.5405027932960894 0.2905027932960894 0.03910614525139665 0.0782122905027933
0 0.6599162011173184 0.43854748603351956 0.03770949720670391 0.07262569832402235
0 0.6180167597765364 0.643854748603352 0.054469273743016765 0.10893854748603353
0 0.49511173184357543 0.49022346368715086 0.03212290502793296 0.06424581005586592
0 0.678072625698324 0.26955307262569833 0.03212290502793296 0.06424581005586592
0 0.6731843575418994 0.643854748603352 0.05865921787709497 0.12011173184357542
0 0.5153631284916201 0.5349162011173184 0.036312849162011177 0.06424581005586592
