0 0.8211111111111111 0.115 0.13111111111111112 0.17
0 0.6555555555555556 0.04833333333333334 0.08444444444444445 0.09000000000000001
0 0.4666666666666667 0.08 0.12444444444444444 0.15333333333333335
0 0.81 0.2966666666666667 0.15333333333333332 0.22
0 0.08555555555555555 0.7266666666666667 0.16666666666666666 0.2733333333333334
0 0.7677777777777778 0.8283333333333334 0.18 0.23
0 0.05 0.10333333333333335 0.09555555555555556 0.16666666666666669
0 0.13 0.07166666666666667 0.13555555555555557 0.1366666666666667
0 0.8511111111111112 0.6316666666666667 0.15555555555555556 0.27666666666666667
0 0.9255555555555556 0.24500000000000002 0.13555555555555557 0.17666666666666667
0 0.08555555555555555 0.385 0.16666666666666666 0.24333333333333335
