0 0.582036775106082 0.6948373408769448 0.1371994342291372 0.19589816124469592
0 0.7039132484677039 0.7503536067892503 0.15558698727015557 0.20226308345120228
0 0.4363507779349364 0.6333097595473833 0.12776991984912778 0.12234794908062235
0 0.33121169259783123 0.6902404526166903 0.11928335690711929 0.19377652050919378
0 0.4073550212164074 0.8016265912305517 0.1782178217821782 0.24115983026874116
0 0.929042904290429 0.9384724186704385 0.1419141914191419 0.12022630834512023
0 0.8717586044318718 0.8500707213578501 0.19236209335219237 0.26874115983026875
0 0.185997171145686 0.7429278642149929 0.16265912305516267 0.19731258840169733
0 0.6518151815181518 0.934936350777935 0.19094766619519093 0.12305516265912306
0 0.5051862329090052 0.9073550212164074 0.1617161716171617 0.18104667609618105
0 0.17703913248467704 0.8744695898161245 0.17774634606317774 0.1548797736916549
