0 0.3177083333333333 0.79609375 0.035416666666666666 0.051562500000000004
0 0.20885416666666667 0.24921875000000002 0.03854166666666667 0.06406250000000001
0 0.2859375 0.32343750000000004 0.040625 0.0625
0 0.1453125 0.47734375 0.040625 0.051562500000000004
0 0.17552083333333332 0.13125 0.040625 0.0625
0 0.3890625 0.45859375 0.03854166666666667 0.0546875
0 0.3390625 0.759375 0.034375 0.053125000000000006
0 0.11770833333333333 0.026562500000000003 0.04583333333333333 0.05
0 0.015104166666666667 0.15781250000000002 0.028125 0.06875
0 0.24322916666666666 0.25546875 0.034375 0.051562500000000004
0 0.0515625 0.134375 0.042708333333333334 0.06875
0 0.2421875 0.72578125 0.03229166666666666 0.051562500000000004
0 0.36666666666666664 0.7859375000000001 0.03333333333333333 0.0625
0 0.2661458333333333 0.09921875000000001 0.040625 0.06406250000000001
0 0.12083333333333333 0.08984375 0.025 0.0484375
0 0.090625 0.039843750000000004 0.041666666666666664 0.0734375
