0 0.70875 0.6494746895893028 0.25 0.17956064947468958
0 0.39437500000000003 0.05921680993314231 0.29125 0.11652340019102196
0 0.5525 0.440305635148042 0.27 0.22349570200573066
0 0.848125 0.8027698185291309 0.28875 0.2607449856733524
0 0.8668750000000001 0.35673352435530087 0.26625 0.16714422158548234
0 0.816875 0.5157593123209169 0.34625 0.2693409742120344
0 0.090625 0.3782234957020057 0.17875 0.2521489971346705
0 0.174375 0.8911174785100286 0.34125 0.2082139446036294
0 0.8618750000000001 0.1451766953199618 0.27625 0.28653295128939826
0 0.3625 0.7406876790830945 0.3325 0.2282712511938873
0 0.6481250000000001 0.055873925501432664 0.24125 0.10792741165234002
0 0.615 0.19293218720152816 0.31 0.24450811843361986
0 0.349375 0.31805157593123207 0.28625 0.21203438395415472
0 0.27375 0.5128939828080229 0.2975 0.2254059216809933
0 0.0425 0.07211079274116523 0.0825 0.1423113658070678
0 0.589375 0.8691499522445081 0.39625 0.2617000955109838
0 0.095625 0.6991404011461317 0.18875 0.23686723973256923
0 0.174375 0.15377268385864373 0.33375 0.25405921680993315
