0 0.2058531746031746 0.9717261904761905 0.09375 0.05588624338624339
0 0.04774305555555555 0.5446428571428571 0.07316468253968253 0.09325396825396826
0 0.33544146825396826 0.9212962962962963 0.18229166666666666 0.14616402116402116
0 0.05208333333333333 0.21048280423280422 0.06448412698412698 0.06845238095238095
0 0.1702628968253968 0.2576058201058201 0.10590277777777778 0.12301587301587301
0 0.501984126984127 0.2865410052910053 0.11309523809523808 0.1359126984126984
0 0.8076636904761905 0.548611111111111 0.20560515873015872 0.1984126984126984
0 0.7586805555555555 0.2612433862433862 0.12251984126984126 0.15145502645502645
0 0.2997271825396825 0.23991402116402116 0.11036706349206349 0.13723544973544974
0 0.6259920634920635 0.28604497354497355 0.13392857142857142 0.15476190476190477
0 0.4470486111111111 0.6278108465608465 0.12177579365079365 0.1326058201058201
0 0.1538938492063492 0.8268849206349206 0.1579861111111111 0.16898148148148148
0 0.44332837301587297 0.8047288359788359 0.17683531746031744 0.11276455026455026
0 0.13132440476190477 0.47602513227513227 0.10739087301587301 0.11474867724867724
0 0.3206845238095238 0.6074735449735449 0.12996031746031744 0.13227513227513227
0 0.3126240079365079 0.4107142857142857 0.09449404761904762 0.11507936507936507
0 0.4325396825396825 0.6797288359788359 0.13343253968253968 0.16104497354497355
0 0.8421378968253967 0.7546296296296295 0.21701388888888887 0.2466931216931217
0 0.12189980158730158 0.5653108465608465 0.10342261904761904 0.10416666666666666
0 0.49441964285714285 0.20651455026455026 0.10987103174603174 0.0777116402116402
0 0.19779265873015872 0.15492724867724866 0.06125992063492063 0.06712962962962962
0 0.44258432539682535 0.5148809523809523 0.09052579365079365 0.11044973544973544
0 0.9069940476190476 0.22205687830687829 0.1324404761904762 0.16104497354497355
0 0.7170138888888888 0.6797288359788359 0.16517857142857142 0.1703042328042328
0 0.5491071428571428 0.8993055555555555 0.2891865079365079 0.19080687830687829
0 0.2105654761904762 0.3498677248677248 0.08630952380952381 0.082010582010582
0 0.20920138888888887 0.44940476190476186 0.0890376984126984 0.11507936507936507
0 0.04997519841269841 0.3533399470899471 0.09102182539682539 0.11408730158730158
0 0.3227926587301587 0.7653769841269841 0.13913690476190477 0.18617724867724866
