0 0.7473333333333333 0.294 0.036 0.036000000000000004
0 0.45066666666666666 0.1 0.034666666666666665 0.048
0 0.08333333333333333 0.242 0.044 0.056
0 0.7233333333333333 0.265 0.03333333333333333 0.046
0 0.082 0.44 0.036 0.044
0 0.7153333333333333 0.20400000000000001 0.03866666666666667 0.04
0 0.8626666666666667 0.26 0.034666666666666665 0.052000000000000005
0 0.02 0.17 0.03733333333333333 0.064
0 0.7186666666666667 0.166 0.03733333333333333 0.052000000000000005
0 0.6366666666666666 0.302 0.03333333333333333 0.052000000000000005
0 0.6713333333333333 0.308 0.03333333333333333 0.052000000000000005
0 0.26066666666666666 0.322 0.036 0.048
