0 0.412353515625 0.6783882783882784 0.06103515625 0.07032967032967033
0 0.3125 0.8974358974358975 0.0849609375 0.09230769230769231
0 0.3916015625 0.7516483516483516 0.091796875 0.08351648351648351
0 0.876708984375 0.7223443223443223 0.05908203125 0.07326007326007326
0 0.578125 0.5172161172161173 0.044921875 0.07472527472527472
0 0.313720703125 0.10695970695970695 0.06298828125 0.07765567765567766
0 0.724609375 0.9084249084249084 0.060546875 0.06886446886446887
0 0.217529296875 0.8923076923076924 0.10986328125 0.12454212454212454
0 0.457275390625 0.09487179487179487 0.07763671875 0.08278388278388278
0 0.311279296875 0.8333333333333334 0.08154296875 0.10476190476190476
0 0.284423828125 0.17399267399267399 0.08154296875 0.06666666666666667
0 0.635009765625 0.021245421245421246 0.05126953125 0.03956043956043956
0 0.8125 0.8333333333333334 0.05859375 0.07985347985347985
0 0.136474609375 0.9476190476190476 0.12841796875 0.10329670329670329
0 0.0546875 0.18827838827838828 0.10546875 0.11575091575091576
0 0.362548828125 0.12673992673992673 0.07373046875 0.07765567765567766
