0 0.384765625 0.466796875 0.23828125 0.13671875
0 0.626953125 0.400390625 0.24609375 0.15234375
0 0.1328125 0.931640625 0.2265625 0.12890625
0 0.087890625 0.70703125 0.14453125 0.1328125
0 0.421875 0.244140625 0.171875 0.11328125
0 0.537109375 0.671875 0.35546875 0.2109375
0 0.865234375 0.236328125 0.22265625 0.13671875
0 0.689453125 0.177734375 0.15234375 0.10546875
0 0.650390625 0.849609375 0.42578125 0.27734375
0 0.162109375 0.423828125 0.13671875 0.11328125
0 0.84375 0.63671875 0.3046875 0.265625
0 0.10546875 0.810546875 0.171875 0.12890625
0 0.73046875 0.48828125 0.3046875 0.1875
0 0.533203125 0.33984375 0.21484375 0.125
0 0.248046875 0.626953125 0.22265625 0.12890625
0 0.333984375 0.400390625 0.19140625 0.10546875
0 0.458984375 0.546875 0.25390625 0.15625
0 0.29296875 0.75390625 0.265625 0.203125
0 0.916015625 0.3828125 0.16796875 0.28125
0 0.35546875 0.896484375 0.2421875 0.19921875
