0 0.609375 0.328125 0.1875 0.1953125
0 0.55078125 0.20703125 0.1875 0.21875
0 0.408203125 0.36328125 0.17578125 0.2109375
0 0.369140625 0.205078125 0.17578125 0.19921875
0 0.16796875 0.255859375 0.1953125 0.19921875
0 0.78125 0.283203125 0.1640625 0.19140625
0 0.265625 0.58203125 0.1953125 0.25
0 0.212890625 0.390625 0.20703125 0.2421875
0 0.677734375 0.5078125 0.22265625 0.2578125
0 0.466796875 0.548828125 0.19921875 0.26953125
0 0.865234375 0.451171875 0.18359375 0.24609375
0 0.7109375 0.173828125 0.15625 0.16015625
