0 0.43359375 0.08203125 0.21875 0.15625
0 0.865234375 0.0703125 0.24609375 0.1328125
0 0.771484375 0.5234375 0.20703125 0.296875
0 0.642578125 0.0703125 0.20703125 0.1328125
0 0.908203125 0.744140625 0.18359375 0.37109375
0 0.05859375 0.109375 0.109375 0.2109375
0 0.552734375 0.53125 0.21484375 0.2578125
0 0.68359375 0.283203125 0.203125 0.37890625
0 0.345703125 0.568359375 0.20703125 0.30078125
0 0.2265625 0.095703125 0.234375 0.18359375
0 0.818359375 0.92578125 0.20703125 0.140625
0 0.466796875 0.75390625 0.23828125 0.390625
0 0.126953125 0.552734375 0.22265625 0.24609375
0 0.87890625 0.263671875 0.21875 0.39453125
0 0.220703125 0.751953125 0.24609375 0.41796875
0 0.58203125 0.916015625 0.2265625 0.15234375
0 0.69921875 0.732421875 0.2265625 0.37890625
0 0.23828125 0.33203125 0.234375 0.359375
0 0.4609375 0.30078125 0.234375 0.390625
