0 0.5234375 0.17578125 0.1015625 0.0703125
0 0.861328125 0.23828125 0.09765625 0.09375
0 0.744140625 0.291015625 0.13671875 0.09765625
0 0.763671875 0.197265625 0.13671875 0.09765625
0 0.87109375 0.068359375 0.1328125 0.10546875
0 0.212890625 0.1953125 0.11328125 0.0625
0 0.05078125 0.068359375 0.09375 0.06640625
0 0.900390625 0.328125 0.15234375 0.078125
0 0.67578125 0.42578125 0.1171875 0.109375
0 0.484375 0.091796875 0.1171875 0.09765625
0 0.0390625 0.3046875 0.0703125 0.1015625
0 0.9296875 0.40625 0.125 0.09375
0 0.220703125 0.13671875 0.12890625 0.0859375
0 0.58203125 0.072265625 0.109375 0.08984375
0 0.78515625 0.59375 0.1328125 0.109375
0 0.177734375 0.083984375 0.12109375 0.07421875
0 0.337890625 0.076171875 0.12890625 0.09765625
0 0.81640625 0.46484375 0.1484375 0.0859375
0 0.205078125 0.671875 0.17578125 0.1171875
0 0.791015625 0.380859375 0.13671875 0.09765625
0 0.880859375 0.548828125 0.13671875 0.09765625
0 0.095703125 0.154296875 0.11328125 0.09765625
0 0.96875 0.048828125 0.0625 0.08984375
0 0.900390625 0.68359375 0.13671875 0.1171875
0 0.708984375 0.134765625 0.12109375 0.08203125
0 0.689453125 0.046875 0.11328125 0.0859375
0 0.955078125 0.19140625 0.08984375 0.0859375
0 0.646484375 0.556640625 0.14453125 0.09765625
