0 0.046875 0.05859375 0.0859375 0.109375
0 0.513671875 0.09375 0.29296875 0.1796875
0 0.1953125 0.662109375 0.3828125 0.58984375
0 0.1171875 0.29296875 0.2265625 0.375
0 0.376953125 0.287109375 0.33203125 0.48828125
0 0.83984375 0.17578125 0.3203125 0.34375
0 0.6484375 0.318359375 0.2421875 0.28515625
0 0.2265625 0.1015625 0.3125 0.1953125
0 0.609375 0.65234375 0.3828125 0.484375
0 0.87109375 0.578125 0.2578125 0.4609375
0 0.783203125 0.8984375 0.42578125 0.203125
0 0.3828125 0.921875 0.375 0.140625
