0 0.79296875 0.224609375 0.1171875 0.15234375
0 0.58984375 0.1875 0.109375 0.1171875
0 0.490234375 0.337890625 0.14453125 0.20703125
0 0.0859375 0.298828125 0.1171875 0.16796875
0 0.826171875 0.142578125 0.08203125 0.08203125
0 0.521484375 0.76171875 0.08203125 0.109375
0 0.7734375 0.685546875 0.1328125 0.19921875
0 0.896484375 0.109375 0.07421875 0.1171875
0 0.400390625 0.265625 0.11328125 0.1328125
0 0.265625 0.15234375 0.109375 0.109375
0 0.578125 0.828125 0.140625 0.21875
0 0.87109375 0.576171875 0.1171875 0.16796875
0 0.48828125 0.1640625 0.1015625 0.0859375
0 0.333984375 0.13671875 0.08203125 0.1171875
0 0.748046875 0.8828125 0.14453125 0.203125
0 0.087890625 0.892578125 0.16796875 0.21484375
0 0.951171875 0.521484375 0.09765625 0.16015625
0 0.65234375 0.244140625 0.1328125 0.18359375
0 0.26171875 0.30078125 0.109375 0.171875
0 0.9609375 0.62890625 0.078125 0.109375
0 0.525390625 0.06640625 0.07421875 0.0625
0 0.59765625 0.064453125 0.0703125 0.07421875
0 0.3671875 0.37890625 0.1171875 0.171875
0 0.837890625 0.8515625 0.08984375 0.1328125
