0 0.248046875 0.841796875 0.30859375 0.23828125
0 0.05078125 0.337890625 0.09375 0.26171875
0 0.599609375 0.337890625 0.27734375 0.30859375
0 0.728515625 0.62109375 0.30859375 0.265625
0 0.87109375 0.833984375 0.2578125 0.24609375
0 0.5625 0.828125 0.3046875 0.2578125
0 0.40625 0.61328125 0.3046875 0.2890625
0 0.12109375 0.615234375 0.234375 0.27734375
0 0.857421875 0.361328125 0.26171875 0.29296875
0 0.265625 0.3671875 0.2890625 0.3046875
0 0.9375 0.607421875 0.125 0.27734375
0 0.712890625 0.125 0.26953125 0.2421875
0 0.13671875 0.126953125 0.265625 0.24609375
0 0.427734375 0.115234375 0.28515625 0.22265625
0 0.9296875 0.123046875 0.140625 0.23828125
