0 0.583984375 0.326171875 0.14453125 0.18359375
0 0.6640625 0.865234375 0.140625 0.18359375
0 0.89453125 0.666015625 0.140625 0.18359375
0 0.505859375 0.869140625 0.14453125 0.19140625
0 0.201171875 0.85546875 0.15234375 0.1796875
0 0.134765625 0.6796875 0.15234375 0.1953125
0 0.36328125 0.494140625 0.1484375 0.19140625
0 0.287109375 0.673828125 0.14453125 0.18359375
0 0.212890625 0.501953125 0.14453125 0.18359375
0 0.873046875 0.318359375 0.13671875 0.18359375
0 0.80078125 0.857421875 0.140625 0.18359375
0 0.51171875 0.490234375 0.1484375 0.19140625
0 0.439453125 0.326171875 0.14453125 0.18359375
0 0.349609375 0.861328125 0.15234375 0.19140625
0 0.80859375 0.498046875 0.140625 0.18359375
0 0.291015625 0.328125 0.14453125 0.1796875
0 0.662109375 0.505859375 0.14453125 0.17578125
0 0.5859375 0.66796875 0.140625 0.1796875
0 0.138671875 0.33203125 0.14453125 0.1796875
0 0.43359375 0.67578125 0.1328125 0.1953125
0 0.71875 0.318359375 0.140625 0.19140625
0 0.73046875 0.677734375 0.1484375 0.18359375
