0 0.142578125 0.244140625 0.25390625 0.37109375
0 0.515625 0.59765625 0.2890625 0.4921875
0 0.71875 0.197265625 0.171875 0.19140625
0 0.72265625 0.4609375 0.265625 0.3828125
0 0.365234375 0.7734375 0.18359375 0.4140625
0 0.52734375 0.28125 0.2421875 0.1875
0 0.3515625 0.140625 0.2578125 0.2734375
0 0.55859375 0.900390625 0.2578125 0.19921875
0 0.830078125 0.79296875 0.31640625 0.3828125
0 0.083984375 0.65625 0.16015625 0.328125
0 0.57421875 0.09375 0.234375 0.1796875
0 0.890625 0.140625 0.21875 0.2734375
0 0.296875 0.4609375 0.2265625 0.359375
