0 0.892578125 0.203125 0.11328125 0.21875
0 0.56640625 0.515625 0.125 0.21875
0 0.912109375 0.068359375 0.16015625 0.12890625
0 0.294921875 0.2734375 0.19140625 0.3125
0 0.3046875 0.57421875 0.1796875 0.2734375
0 0.80859375 0.244140625 0.1484375 0.26171875
0 0.392578125 0.078125 0.15234375 0.1484375
0 0.783203125 0.064453125 0.11328125 0.12109375
0 0.427734375 0.41015625 0.16015625 0.2421875
0 0.220703125 0.08984375 0.14453125 0.171875
0 0.6640625 0.837890625 0.1640625 0.26953125
0 0.58984375 0.044921875 0.1484375 0.08203125
0 0.8125 0.755859375 0.1484375 0.28515625
0 0.6640625 0.34375 0.15625 0.265625
0 0.685546875 0.125 0.13671875 0.2109375
0 0.103515625 0.69140625 0.16796875 0.28125
0 0.06640625 0.96875 0.125 0.0546875
0 0.130859375 0.435546875 0.19140625 0.26953125
0 0.0625 0.201171875 0.1171875 0.21484375
0 0.830078125 0.4765625 0.15234375 0.2578125
0 0.857421875 0.935546875 0.16796875 0.12890625
0 0.52734375 0.248046875 0.1640625 0.28515625
0 0.470703125 0.625 0.19140625 0.328125
0 0.947265625 0.84375 0.10546875 0.2734375
0 0.94140625 0.3828125 0.109375 0.2734375
0 0.498046875 0.857421875 0.15234375 0.25390625
0 0.337890625 0.83203125 0.18359375 0.2890625
0 0.71875 0.609375 0.1875 0.296875
0 0.21875 0.810546875 0.1015625 0.23828125
