0 0.431640625 0.69921875 0.09765625 0.1171875
0 0.248046875 0.47265625 0.11328125 0.1328125
0 0.470703125 0.4453125 0.08984375 0.1015625
0 0.55078125 0.830078125 0.125 0.16015625
0 0.70703125 0.751953125 0.1328125 0.17578125
0 0.220703125 0.59765625 0.11328125 0.1328125
0 0.36328125 0.921875 0.109375 0.1171875
0 0.52734375 0.58203125 0.1015625 0.125
0 0.583984375 0.720703125 0.10546875 0.12890625
0 0.49609375 0.95703125 0.1171875 0.0859375
0 0.107421875 0.59765625 0.11328125 0.1328125
0 0.619140625 0.458984375 0.09765625 0.13671875
0 0.076171875 0.685546875 0.11328125 0.16015625
0 0.35546875 0.775390625 0.125 0.16015625
0 0.26953125 0.705078125 0.109375 0.12890625
0 0.357421875 0.53125 0.09765625 0.1015625
0 0.111328125 0.42578125 0.11328125 0.1328125
0 0.64453125 0.58984375 0.1171875 0.140625
0 0.28515625 0.388671875 0.109375 0.12109375
0 0.4140625 0.59375 0.1171875 0.140625
