0 0.765625 0.4609375 0.1796875 0.296875
0 0.09765625 0.580078125 0.1875 0.32421875
0 0.513671875 0.525390625 0.24609375 0.33984375
0 0.88671875 0.892578125 0.21875 0.20703125
0 0.330078125 0.89453125 0.25390625 0.203125
0 0.29296875 0.609375 0.25 0.328125
0 0.109375 0.88671875 0.2109375 0.2109375
0 0.62890625 0.609375 0.21875 0.28125
0 0.634765625 0.2890625 0.24609375 0.3359375
0 0.126953125 0.30078125 0.23828125 0.3125
0 0.251953125 0.7890625 0.19140625 0.1484375
0 0.794921875 0.103515625 0.24609375 0.19921875
0 0.619140625 0.87109375 0.25390625 0.2421875
0 0.373046875 0.26953125 0.28515625 0.375
0 0.201171875 0.109375 0.23046875 0.2109375
0 0.814453125 0.75390625 0.20703125 0.28125
0 0.470703125 0.76171875 0.19140625 0.21875
0 0.912109375 0.58203125 0.17578125 0.296875
0 0.55078125 0.08984375 0.2734375 0.171875
0 0.90234375 0.275390625 0.1953125 0.31640625
