0 0.0625 0.890625 0.1171875 0.1171875
0 0.267578125 0.17578125 0.11328125 0.1328125
0 0.828125 0.7578125 0.125 0.140625
0 0.734375 0.11328125 0.109375 0.125
0 0.228515625 0.072265625 0.09765625 0.09765625
0 0.66015625 0.26953125 0.1171875 0.1640625
0 0.861328125 0.58984375 0.16796875 0.1953125
0 0.380859375 0.13671875 0.08984375 0.109375
0 0.85546875 0.1328125 0.109375 0.1328125
0 0.8515625 0.900390625 0.171875 0.16796875
0 0.09765625 0.341796875 0.1171875 0.12109375
0 0.791015625 0.19921875 0.13671875 0.1640625
0 0.70703125 0.763671875 0.171875 0.19921875
0 0.6484375 0.05859375 0.109375 0.109375
0 0.66796875 0.513671875 0.125 0.19140625
0 0.853515625 0.388671875 0.16796875 0.21484375
0 0.19140625 0.896484375 0.1640625 0.11328125
0 0.7421875 0.625 0.0859375 0.140625
