0 0.181640625 0.34375 0.35546875 0.2734375
0 0.6484375 0.095703125 0.34375 0.18359375
0 0.2734375 0.90234375 0.4921875 0.1953125
0 0.9296875 0.4140625 0.1328125 0.21875
0 0.826171875 0.6171875 0.33984375 0.2734375
0 0.728515625 0.322265625 0.38671875 0.26953125
0 0.154296875 0.1015625 0.30078125 0.1953125
0 0.853515625 0.90234375 0.28515625 0.1796875
0 0.224609375 0.642578125 0.41796875 0.30078125
0 0.89453125 0.16796875 0.2109375 0.25
0 0.05078125 0.458984375 0.09375 0.22265625
0 0.611328125 0.802734375 0.46484375 0.33203125
0 0.06640625 0.810546875 0.125 0.26953125
0 0.49609375 0.484375 0.4140625 0.296875
0 0.44140625 0.1875 0.359375 0.2890625
