0 0.2109375 0.8203125 0.3046875 0.2890625
0 0.798828125 0.310546875 0.17578125 0.23046875
0 0.099609375 0.21875 0.19140625 0.28125
0 0.60546875 0.94921875 0.2578125 0.09375
0 0.953125 0.09765625 0.09375 0.1484375
0 0.353515625 0.263671875 0.23828125 0.26953125
0 0.876953125 0.908203125 0.24609375 0.18359375
0 0.51171875 0.08984375 0.140625 0.171875
0 0.7890625 0.736328125 0.2265625 0.27734375
0 0.935546875 0.337890625 0.12890625 0.24609375
0 0.62890625 0.232421875 0.1953125 0.23046875
0 0.248046875 0.15234375 0.17578125 0.1875
0 0.580078125 0.4375 0.23046875 0.21875
0 0.533203125 0.283203125 0.15234375 0.17578125
0 0.21484375 0.5 0.296875 0.359375
0 0.37109375 0.09375 0.203125 0.1796875
0 0.947265625 0.755859375 0.10546875 0.17578125
0 0.556640625 0.712890625 0.29296875 0.32421875
0 0.833984375 0.12890625 0.16796875 0.2265625
0 0.31640625 0.9296875 0.3125 0.125
0 0.7109375 0.544921875 0.21875 0.18359375
