0 0.501953125 0.68359375 0.21484375 0.3359375
0 0.896484375 0.17578125 0.18359375 0.3359375
0 0.697265625 0.8515625 0.25390625 0.265625
0 0.873046875 0.462890625 0.20703125 0.22265625
0 0.248046875 0.41796875 0.19921875 0.2890625
0 0.74609375 0.255859375 0.21875 0.30078125
0 0.431640625 0.1640625 0.16796875 0.2421875
0 0.33203125 0.876953125 0.265625 0.24609375
0 0.900390625 0.736328125 0.19921875 0.33984375
0 0.69140625 0.5390625 0.2421875 0.3046875
0 0.8671875 0.947265625 0.203125 0.10546875
0 0.453125 0.40234375 0.21875 0.3046875
0 0.25 0.138671875 0.2109375 0.26953125
0 0.10546875 0.904296875 0.203125 0.19140625
0 0.154296875 0.642578125 0.24609375 0.33984375
0 0.58984375 0.11328125 0.2109375 0.21875
0 0.734375 0.048828125 0.1171875 0.08984375
0 0.087890625 0.193359375 0.16796875 0.30859375
