0 0.119140625 0.09375 0.23046875 0.1796875
0 0.169921875 0.904296875 0.31640625 0.18359375
0 0.6484375 0.578125 0.2890625 0.265625
0 0.861328125 0.14453125 0.26953125 0.2734375
0 0.146484375 0.6328125 0.27734375 0.234375
0 0.857421875 0.431640625 0.25390625 0.27734375
0 0.376953125 0.48828125 0.33203125 0.28125
0 0.3984375 0.748046875 0.3359375 0.28515625
0 0.58984375 0.080078125 0.3125 0.15234375
0 0.884765625 0.708984375 0.23046875 0.28515625
0 0.119140625 0.380859375 0.23046875 0.25390625
0 0.9140625 0.919921875 0.171875 0.15234375
0 0.638671875 0.3046875 0.30859375 0.2734375
0 0.3203125 0.185546875 0.34375 0.30859375
0 0.681640625 0.87109375 0.33203125 0.2421875
