0 0.076171875 0.369140625 0.14453125 0.31640625
0 0.658203125 0.11328125 0.25390625 0.21875
0 0.767578125 0.830078125 0.21484375 0.33203125
0 0.5859375 0.810546875 0.1796875 0.32421875
0 0.79296875 0.275390625 0.2109375 0.30859375
0 0.705078125 0.5546875 0.16796875 0.2734375
0 0.240234375 0.39453125 0.19140625 0.28125
0 0.3984375 0.75390625 0.2265625 0.2890625
0 0.796875 0.068359375 0.1015625 0.12890625
0 0.578125 0.341796875 0.2265625 0.31640625
0 0.078125 0.837890625 0.1484375 0.32421875
0 0.927734375 0.751953125 0.14453125 0.33984375
0 0.869140625 0.5390625 0.14453125 0.2734375
0 0.51171875 0.09765625 0.140625 0.1875
0 0.939453125 0.412109375 0.12109375 0.34765625
0 0.158203125 0.623046875 0.23046875 0.33203125
0 0.388671875 0.466796875 0.22265625 0.31640625
0 0.357421875 0.154296875 0.23046875 0.30078125
0 0.251953125 0.82421875 0.17578125 0.28125
0 0.15234375 0.15234375 0.2265625 0.296875
0 0.39453125 0.935546875 0.21875 0.12890625
