0 0.37109375 0.080078125 0.1640625 0.15234375
0 0.486328125 0.818359375 0.23046875 0.31640625
0 0.09375 0.521484375 0.1796875 0.29296875
0 0.630859375 0.3671875 0.17578125 0.1953125
0 0.912109375 0.4140625 0.17578125 0.25
0 0.611328125 0.580078125 0.25390625 0.31640625
0 0.283203125 0.44921875 0.23046875 0.28125
0 0.662109375 0.12890625 0.18359375 0.234375
0 0.49609375 0.216796875 0.2109375 0.26171875
0 0.86328125 0.619140625 0.2421875 0.30859375
0 0.884765625 0.888671875 0.23046875 0.22265625
0 0.484375 0.46875 0.1953125 0.2734375
0 0.12890625 0.78125 0.2265625 0.28125
0 0.791015625 0.271484375 0.20703125 0.26171875
0 0.345703125 0.666015625 0.20703125 0.27734375
0 0.28125 0.16796875 0.2109375 0.265625
0 0.10546875 0.263671875 0.1796875 0.20703125
0 0.955078125 0.23046875 0.08203125 0.2265625
0 0.697265625 0.826171875 0.21484375 0.28515625
0 0.826171875 0.216796875 0.19140625 0.26171875
0 0.20703125 0.041015625 0.1796875 0.07421875
0 0.25 0.916015625 0.28125 0.16796875
0 0.064453125 0.107421875 0.12109375 0.20703125
