0 0.48828125 0.291015625 0.2109375 0.18359375
0 0.671875 0.20703125 0.1953125 0.1796875
0 0.09375 0.892578125 0.1796875 0.19921875
0 0.8828125 0.689453125 0.234375 0.21484375
0 0.890625 0.90234375 0.21875 0.1875
0 0.51171875 0.12109375 0.21875 0.171875
0 0.310546875 0.3671875 0.22265625 0.1796875
0 0.306640625 0.560546875 0.23046875 0.20703125
0 0.49609375 0.470703125 0.234375 0.17578125
0 0.26953125 0.798828125 0.265625 0.21484375
0 0.330078125 0.20703125 0.20703125 0.1640625
0 0.11328125 0.458984375 0.21875 0.19921875
0 0.140625 0.28515625 0.234375 0.1796875
0 0.4921875 0.68359375 0.2421875 0.1953125
0 0.841796875 0.125 0.20703125 0.171875
0 0.6796875 0.380859375 0.234375 0.17578125
0 0.693359375 0.802734375 0.25390625 0.20703125
0 0.876953125 0.47265625 0.23828125 0.1953125
0 0.333984375 0.072265625 0.19921875 0.13671875
0 0.162109375 0.126953125 0.20703125 0.16796875
0 0.8515625 0.291015625 0.2109375 0.17578125
0 0.6796875 0.05859375 0.2109375 0.109375
0 0.474609375 0.900390625 0.27734375 0.19921875
0 0.095703125 0.673828125 0.18359375 0.19140625
0 0.6796875 0.578125 0.2421875 0.21875
