0 0.890625 0.853515625 0.21875 0.26171875
0 0.861328125 0.599609375 0.26171875 0.29296875
0 0.177734375 0.548828125 0.34765625 0.30078125
0 0.169921875 0.857421875 0.33203125 0.28515625
0 0.158203125 0.09375 0.30859375 0.1796875
0 0.58984375 0.859375 0.4609375 0.2734375
0 0.46875 0.30078125 0.4375 0.3203125
0 0.134765625 0.27734375 0.26171875 0.2421875
0 0.5390625 0.591796875 0.3671875 0.28515625
0 0.48046875 0.08203125 0.34375 0.15625
0 0.84375 0.30859375 0.3046875 0.2734375
0 0.83203125 0.1015625 0.328125 0.1953125
