0 0.802734375 0.30078125 0.19140625 0.234375
0 0.765625 0.12890625 0.203125 0.25
0 0.923828125 0.828125 0.15234375 0.3125
0 0.484375 0.5234375 0.203125 0.2421875
0 0.837890625 0.5390625 0.23046875 0.359375
0 0.724609375 0.822265625 0.24609375 0.32421875
0 0.220703125 0.826171875 0.23828125 0.31640625
0 0.595703125 0.29296875 0.19921875 0.28125
0 0.326171875 0.126953125 0.18359375 0.24609375
0 0.158203125 0.560546875 0.21484375 0.23046875
0 0.095703125 0.21484375 0.18359375 0.3125
0 0.35546875 0.4609375 0.1875 0.25
0 0.658203125 0.525390625 0.16015625 0.27734375
0 0.109375 0.904296875 0.2109375 0.19140625
0 0.4609375 0.892578125 0.25 0.21484375
0 0.232421875 0.330078125 0.19140625 0.28515625
0 0.51953125 0.67578125 0.21875 0.3203125
