0 0.494140625 0.216796875 0.15234375 0.09765625
0 0.279296875 0.2421875 0.12109375 0.1015625
0 0.416015625 0.353515625 0.15234375 0.09765625
0 0.66015625 0.62109375 0.1640625 0.125
0 0.509765625 0.671875 0.16796875 0.125
0 0.751953125 0.5703125 0.12890625 0.09375
0 0.58203125 0.50390625 0.171875 0.125
0 0.302734375 0.515625 0.13671875 0.1015625
0 0.43359375 0.56640625 0.171875 0.125
0 0.271484375 0.34375 0.14453125 0.1015625
0 0.29296875 0.4296875 0.1328125 0.0859375
0 0.81640625 0.3671875 0.15625 0.109375
0 0.736328125 0.291015625 0.10546875 0.05859375
0 0.197265625 0.484375 0.08984375 0.0859375
0 0.576171875 0.40625 0.12890625 0.09375
0 0.5859375 0.248046875 0.0859375 0.08984375
0 0.525390625 0.310546875 0.15234375 0.09765625
0 0.673828125 0.25 0.08984375 0.0703125
0 0.38671875 0.26171875 0.1171875 0.09375
0 0.7265625 0.474609375 0.171875 0.12890625
0 0.66796875 0.34375 0.15625 0.109375
0 0.34375 0.646484375 0.1484375 0.12109375
0 0.232421875 0.57421875 0.12109375 0.109375
0 0.43359375 0.447265625 0.15625 0.12109375
