0 0.75390625 0.408203125 0.203125 0.12109375
0 0.115234375 0.486328125 0.22265625 0.14453125
0 0.892578125 0.66015625 0.20703125 0.1640625
0 0.494140625 0.3671875 0.13671875 0.1171875
0 0.283203125 0.560546875 0.23046875 0.16796875
0 0.123046875 0.623046875 0.23828125 0.16796875
0 0.89453125 0.474609375 0.2109375 0.20703125
0 0.69921875 0.537109375 0.2265625 0.13671875
0 0.40625 0.681640625 0.2578125 0.19921875
0 0.193359375 0.8046875 0.37890625 0.3046875
0 0.49609375 0.546875 0.1875 0.1328125
0 0.673828125 0.666015625 0.26953125 0.20703125
