0 0.072265625 0.12890625 0.13671875 0.25
0 0.44921875 0.37890625 0.2109375 0.2890625
0 0.390625 0.908203125 0.21875 0.17578125
0 0.640625 0.6640625 0.2109375 0.3125
0 0.185546875 0.919921875 0.21484375 0.16015625
0 0.64453125 0.10546875 0.1953125 0.203125
0 0.44140625 0.1171875 0.2109375 0.2265625
0 0.81640625 0.376953125 0.1953125 0.29296875
0 0.234375 0.392578125 0.21875 0.29296875
0 0.072265625 0.392578125 0.13671875 0.30078125
0 0.234375 0.693359375 0.2265625 0.30859375
0 0.63671875 0.34765625 0.1953125 0.3203125
0 0.0703125 0.693359375 0.1328125 0.30078125
0 0.80859375 0.90234375 0.1953125 0.1953125
0 0.23828125 0.126953125 0.1953125 0.24609375
0 0.04296875 0.9140625 0.078125 0.1640625
0 0.849609375 0.6640625 0.21484375 0.2890625
0 0.83984375 0.119140625 0.1953125 0.23046875
0 0.443359375 0.677734375 0.20703125 0.30078125
0 0.609375 0.912109375 0.2109375 0.17578125
0 0.947265625 0.357421875 0.09765625 0.29296875
0 0.94140625 0.89453125 0.109375 0.203125
