0 0.5234375 0.166015625 0.1328125 0.15234375
0 0.482421875 0.607421875 0.16015625 0.23046875
0 0.7265625 0.62109375 0.1640625 0.234375
0 0.298828125 0.193359375 0.11328125 0.18359375
0 0.244140625 0.322265625 0.11328125 0.12109375
0 0.341796875 0.607421875 0.12890625 0.19140625
0 0.53515625 0.34375 0.171875 0.234375
0 0.3984375 0.162109375 0.109375 0.10546875
0 0.236328125 0.4765625 0.12890625 0.1953125
0 0.3984375 0.419921875 0.15625 0.23828125
0 0.609375 0.53125 0.140625 0.1875
0 0.6640625 0.78515625 0.15625 0.2265625
0 0.4140625 0.248046875 0.1484375 0.15234375
